 Location  Dispersion    Centroids   Volume
0.00624956   0.132036   -0.045579   1.03464
0.319895   0.0991954   0.30072   0.965355
0.631003   0.10193   0.598311   0.978254
0.949265   0.112991   0.846046   0.997812
1.26171   0.125418   1.01584   1.01655
1.57912   0.132399   1.07851   1.0269
1.89218   0.132118   1.02278   1.02482
2.20994   0.124861   0.856878   1.00984
2.52795   0.11339   0.605683   0.990425
2.8401   0.104467   0.303901   0.976011
3.15804   0.10053   -0.019792   0.97013
3.46986   0.103345   -0.341034   0.974664
3.78744   0.111966   -0.63656   0.988473
4.10461   0.122928   -0.876786   1.0088
4.41702   0.129671   -1.03104   1.02102
4.73426   0.130548   -1.07391   1.02463
5.04695   0.123451   -0.997254   1.01501
5.36511   0.108426   -0.812538   0.991708
5.67736   0.0916631   -0.558354   0.963845
5.99107   0.118664   -0.254226   1.0162
