 Location  Dispersion    Centroids   Volume
0.0756261   0.276249   -1.08489   2.02413
0.195316   0.269525   -0.968549   2.00913
0.391155   0.225945   -0.277846   1.49305
0.609174   0.168413   0.327387   1.17726
0.828176   0.153358   0.757166   1.10518
1.03783   0.17408   1.10335   1.16459
1.25091   0.211929   1.39853   1.29978
1.45558   0.253896   1.64405   1.46769
1.66326   0.292182   1.79887   1.61604
1.86346   0.324699   1.876   1.72588
2.06384   0.356107   1.77251   1.75032
2.27322   0.431247   1.70555   1.86892
2.48468   0.593003   1.67797   2.18964
2.71749   0.930931   1.98279   3.16138
3.03148   1.51918   2.27128   5.47045
3.67211   2.36644   1.55486   12.7477
4.72962   1.33826   -4.52845   27.1692
4.40963   2.04036   -0.72338   34.6355
5.24611   9.28477   -0.36241   40.1385
10.0144   -4.96829   8.48464   19.6693
3.63099   4.30362   2.65224   36.3612
4.86778   1.01495   -6.77592   32.9198
4.11839   2.18869   -0.475985   20.2379
4.51492   1.92364   -2.31507   9.00993
4.86702   1.21325   -2.27787   4.40561
5.12618   0.789534   -1.70099   2.66046
5.36007   0.533113   -1.27619   1.88309
5.57239   0.387089   -0.983202   1.5279
5.78469   0.294484   -0.718784   1.32953
5.98903   0.236894   -0.424389   1.20077
