 Location  Dispersion    Centroids   Volume
-0.00200339   0.0106212   0.00753404   0.999732
0.0299525   0.0146533   0.0673704   1.00049
0.0607206   0.015061   0.104564   1.00051
0.0911707   0.00671902   0.148915   0.999414
0.12009   0.0110413   0.186392   0.999842
0.150583   0.0120658   0.188416   1.00054
0.179632   0.00520585   0.275162   0.999758
0.210965   0.00728565   0.252824   0.999913
0.239208   0.00948798   0.308122   1
0.270779   0.0103025   0.320937   0.999962
0.300518   0.0119189   0.321565   1.00043
0.330418   0.00753821   0.420368   0.999832
0.361426   0.0107236   0.358056   1.00016
0.388887   0.0100271   0.436598   1.00003
0.421554   0.00734109   0.481117   0.99975
0.450402   0.00936147   0.456917   1.00001
0.480241   0.00710395   0.495632   0.999746
0.512578   0.00904816   0.511515   1.00028
0.540157   0.00460847   0.579069   0.999473
0.568534   0.00823532   0.579346   0.99985
0.599657   0.0136537   0.6517   1.00048
0.62806   0.00824197   0.618142   0.999923
0.658568   0.0132843   0.700055   1.00065
0.690729   0.0116179   0.68685   1.00016
0.720015   0.000413408   0.739295   0.999481
0.756226   0.0109591   0.739366   0.999925
0.78658   0.0118296   0.742717   1.00009
0.818314   0.0099853   0.80885   1.0002
0.846548   0.00860444   0.764394   0.999915
0.872199   0.00345724   0.872974   0.999978
0.905547   0.00754474   0.836329   0.999876
0.935301   0.00782662   0.859395   1.00001
0.963498   0.00265023   0.896137   0.999657
0.996168   0.0099498   0.869649   0.999977
1.0265   0.00769267   0.918199   0.999906
1.05821   0.00813967   0.940054   0.999811
1.08681   0.0109989   0.932735   1.00025
1.11702   0.00810921   0.964462   0.999566
1.14582   0.00999481   0.962131   1.00001
1.1764   0.0102992   0.967177   1.00018
1.20937   0.00767883   1.0079   0.999815
1.23647   0.00826296   0.97288   0.999802
1.26644   0.00915184   0.995016   0.999819
1.29531   0.00773478   1.01098   0.999647
1.32478   0.0150539   1.0307   1.00056
1.35662   0.0129025   1.0426   1.00034
1.38566   0.00906412   1.04061   0.999953
1.41448   0.00855485   0.995969   0.999892
1.44415   0.0034853   1.00042   0.999561
1.47451   0.0159946   1.06894   1.00083
1.50592   0.0111822   1.04336   1.00008
1.53683   0.0107931   1.05039   0.999977
1.56543   0.0102915   1.06909   0.999912
1.59596   0.0125643   1.03513   1.00031
1.62781   0.0125629   1.07718   1.00007
1.65542   0.0107688   1.0696   1.00005
1.68694   0.0124595   1.03284   1.0004
1.71738   0.00854543   1.00923   0.9999
1.74814   0.00924584   1.05221   1.00014
1.77848   0.0118243   1.03482   1.00048
1.80623   0.00359308   0.978351   0.999739
1.83517   0.0108936   1.02777   1.00014
1.86643   0.011703   1.02073   1.00028
1.89721   0.0118615   1.0179   1.0003
1.92576   0.0110249   1.0086   1.00013
1.95802   0.00401282   0.936441   0.99954
1.98406   0.00956339   0.974774   0.99971
2.0157   0.010841   0.944262   1.00007
2.04574   0.0106618   0.978889   1.00002
2.0748   0.00280565   0.955624   0.999318
2.10566   0.0115787   0.911743   1.00035
2.13605   0.00819678   0.865599   0.999863
2.16371   0.00758614   0.906343   0.99999
2.19747   0.00931528   0.882427   1.00016
2.22386   0.00323375   0.876134   0.999583
2.26144   0.0111856   0.799733   1.0003
2.28946   0.00772796   0.814034   0.999779
2.32131   0.0107922   0.766781   1.00017
2.35202   0.0104013   0.749274   1.00009
2.38228   0.00647523   0.784352   0.999834
2.40989   0.00889349   0.748298   0.999615
2.44242   0.014041   0.70857   1.00094
2.47374   0.00313344   0.620935   0.999744
2.49736   0.00403918   0.691943   0.999519
2.53229   0.0126972   0.612733   1.00058
2.56165   0.0133666   0.620755   1.00021
2.59153   0.00719711   0.558592   0.999857
2.62264   0.00467448   0.524548   0.999603
2.65408   0.0085637   0.540753   1.00005
2.68245   0.00475278   0.492964   0.999628
2.71207   0.00551207   0.480337   0.999732
2.74153   0.00903813   0.40805   0.999896
2.77136   0.00594865   0.404895   0.999579
2.80086   0.00247413   0.413164   0.999624
2.83274   0.0113255   0.374079   1.00041
2.86233   0.0129564   0.319055   1.00015
2.89386   0.0126222   0.328478   1.00072
2.92235   0.00618562   0.274523   0.999709
2.95339   0.010653   0.275306   1.00031
2.9827   0.011363   0.236916   1.00019
3.01233   0.00953817   0.18358   0.999682
3.04208   0.0116945   0.148646   0.999877
3.07199   0.0118117   0.115977   1.0002
3.10219   0.0110627   0.0786586   0.999718
3.13213   0.0129781   0.0872857   1.00059
3.16526   0.00449562   -0.0347757   0.999858
3.19294   0.0101287   0.0246882   1.00021
3.22232   0.00935492   -0.0563709   0.99972
3.25203   0.00894955   -0.0603175   1.00002
3.28155   0.0167712   -0.104712   1.00133
3.31278   0.0118981   -0.0979992   1.00012
3.34414   0.00905404   -0.20554   1.00012
3.37208   0.0122549   -0.199936   1.00053
3.40333   0.00596662   -0.202727   0.999573
3.43433   0.00277945   -0.288534   0.999914
3.46265   0.000591789   -0.280735   0.999379
3.4912   0.00743163   -0.295093   0.999605
3.52076   0.00970026   -0.332442   1.00018
3.55186   0.00388055   -0.38823   0.999794
3.57959   0.00297148   -0.41335   0.999643
3.61218   0.00615047   -0.384962   0.999625
3.64474   0.00561252   -0.40593   0.999921
3.67171   0.00754792   -0.501376   1.00016
3.70296   0.0109961   -0.466249   1.00019
3.73439   0.00858563   -0.526762   0.999664
3.76981   0.0121482   -0.515069   1.0006
3.79912   0.00499176   -0.560606   0.999285
3.82862   0.0113573   -0.589594   1.00005
3.85823   0.0117377   -0.58335   1.00024
3.88855   0.00976354   -0.624877   0.999959
3.91876   0.00963562   -0.644048   0.999979
3.9493   0.00928421   -0.661227   0.999795
3.98068   0.00313326   -0.701252   0.999213
4.00671   0.0106557   -0.730167   1.00024
4.03666   0.00545428   -0.705767   0.999616
4.06729   0.0150126   -0.769078   1.00081
4.09839   0.011586   -0.752053   1.00023
4.12761   0.0121781   -0.755191   1.00005
4.1607   0.0141133   -0.831902   1.00013
4.1904   0.0061328   -0.780222   0.999637
4.21832   0.0106319   -0.814597   1.00014
4.24859   0.00932152   -0.85937   0.999742
4.27659   0.0144771   -0.875965   1.00056
4.30768   0.012288   -0.870257   1.00006
4.33644   0.0129037   -0.883624   0.999779
4.3682   0.0137697   -0.892877   1.00048
4.39801   0.000559504   -0.943509   0.999537
4.42869   0.007515   -0.912677   0.999716
4.45766   0.0119384   -0.941382   1.00038
4.48944   0.0111165   -0.940063   0.999586
4.51707   0.0113977   -0.956078   1.00022
4.54781   0.0112702   -0.946671   1.00015
4.57772   0.00886121   -0.941073   0.999579
4.6052   0.0105386   -0.949241   1.00016
4.64087   0.0032844   -0.967597   0.999628
4.6693   0.00580055   -0.962293   0.999834
4.69899   0.00631865   -0.953855   0.999863
4.72731   0.0112154   -0.923169   0.99987
4.76009   0.00969002   -1.00213   1.00014
4.7862   0.00634784   -0.892944   0.999961
4.81565   0.00416854   -0.986581   0.999878
4.84833   0.0100992   -0.943601   1.00015
4.88042   0.011099   -0.947607   1.00018
4.908   0.00455975   -0.924054   0.999541
4.9311   0.00744808   -0.984059   0.999821
4.96723   0.0138226   -0.900665   1.00058
4.9986   0.0122322   -0.922697   1.00028
5.02924   0.0149278   -0.926065   1.00076
5.058   0.00012786   -0.836272   0.99977
5.0896   0.0135896   -0.887535   1.00058
5.12161   0.00286869   -0.823981   0.999544
5.14833   0.00863445   -0.855343   0.999827
5.17813   0.00893083   -0.827098   1
5.20779   0.00883145   -0.82802   0.999871
5.23797   0.0106886   -0.807205   1.00008
5.27552   0.0136763   -0.804536   1.00019
5.30533   0.00510142   -0.73136   0.999619
5.33477   0.0113393   -0.735628   1.00013
5.36876   0.00497702   -0.781471   0.999897
5.39258   0.00251263   -0.678922   0.999615
5.42576   0.00207348   -0.72866   0.999592
5.45357   0.00668838   -0.679992   0.999917
5.4842   0.00998592   -0.648928   0.999949
5.51388   0.0116754   -0.630981   1.00009
5.54384   0.00827742   -0.611756   0.999796
5.57142   0.00391371   -0.665197   0.999923
5.60646   0.0123238   -0.591754   1.00102
5.63419   0.00483016   -0.51228   0.999849
5.66503   0.00704698   -0.508137   0.99967
5.69184   0.00487903   -0.524372   0.999477
5.72295   0.013961   -0.473698   1.00062
5.75439   0.00885618   -0.459894   0.999838
5.78222   0.00611972   -0.468496   0.999552
5.81325   0.0112849   -0.412481   0.999786
5.84343   0.0104944   -0.356009   0.999847
5.87264   0.0146401   -0.333693   1.00071
5.90302   0.00860089   -0.315261   0.999673
5.93002   0.0116189   -0.250748   1.00069
5.96406   0.00900023   -0.266788   0.99992
5.99374   0.0102451   -0.24757   1.00015
