 Location  Dispersion    Centroids   Volume
-0.0010245   0.0293234   0.000576362   0.999981
0.0291996   0.0307536   0.0690848   1.00002
0.0603584   0.0313008   0.101591   1.00002
0.0904672   0.03031   0.180596   0.99999
0.121022   0.0315239   0.14476   0.999998
0.149571   0.0309622   0.225399   1.00002
0.181061   0.0293959   0.268899   0.999985
0.209927   0.0300465   0.25829   1
0.240677   0.030026   0.320662   1
0.270751   0.031046   0.290464   0.999998
0.299998   0.0307079   0.348673   1.00002
0.331005   0.0289678   0.419094   0.99998
0.361191   0.0315029   0.36075   1.00003
0.391257   0.0290158   0.467956   0.999979
0.420328   0.0301031   0.466244   0.999999
0.449974   0.0300489   0.480961   0.999999
0.479836   0.0298918   0.486842   0.999995
0.5092   0.0293865   0.501906   0.999997
0.539519   0.0303977   0.549859   0.999997
0.568818   0.0304375   0.587359   1
0.599961   0.030543   0.633899   1.00001
0.630089   0.03072   0.646487   1
0.661063   0.0301689   0.701001   1
0.691013   0.030563   0.721353   1.00001
0.720965   0.0296958   0.745735   0.99999
0.756715   0.0300166   0.762567   0.999995
0.784581   0.0297938   0.717487   0.999989
0.815762   0.0307454   0.768482   1.00001
0.846666   0.0311793   0.767748   1.00002
0.876821   0.0291574   0.866045   0.99998
0.906022   0.0303241   0.852848   1
0.93639   0.0302876   0.859787   1.00001
0.966293   0.0297211   0.89569   0.999988
0.995693   0.0300844   0.878067   1
1.02612   0.0299086   0.906837   0.999999
1.05591   0.0301925   0.911505   0.999999
1.08635   0.0303605   0.912707   1.00001
1.11616   0.0307411   0.979945   0.999998
1.1459   0.0302137   0.939313   0.999996
1.17626   0.0302816   0.966537   1.00001
1.20606   0.0301388   0.999691   0.999995
1.23607   0.0301183   0.995884   1
1.26639   0.0303224   0.999637   1
1.29591   0.0301873   0.969165   0.99998
1.32497   0.0310645   1.03834   1.00001
1.35643   0.0306327   1.03263   1.00001
1.38629   0.0302156   1.00838   0.999998
1.41614   0.0295092   0.989487   0.999993
1.44525   0.0296878   0.996128   0.999985
1.47535   0.0311487   1.06342   1.00002
1.50628   0.0299717   1.02079   0.999995
1.53594   0.0304236   1.04781   1
1.56565   0.0298738   1.07677   0.999993
1.59597   0.0305008   1.03635   1.00001
1.62674   0.0302966   1.08254   1
1.65603   0.0302462   1.03561   0.999995
1.6861   0.030033   1.04062   1
1.71597   0.030162   1.01587   0.999999
1.74627   0.03034   1.0277   1
1.77644   0.0299831   1.00925   1
1.80614   0.0296763   0.988624   0.999989
1.83601   0.0303544   1.01505   1.00001
1.86618   0.030236   1.00186   1
1.89642   0.030294   0.991714   1
1.92653   0.0302963   0.985601   1.00001
1.95699   0.0292938   0.931353   0.999983
1.98557   0.0300877   0.988538   0.999996
2.01593   0.0306289   0.940032   1.00001
2.04587   0.0295303   0.981496   0.999991
2.07527   0.0297502   0.971548   0.999983
2.1046   0.0309788   0.909003   1.00002
2.13574   0.0304386   0.876472   1
2.16597   0.0301756   0.879667   1
2.19595   0.0299196   0.871494   1
2.22507   0.029473   0.860634   0.999983
2.26121   0.0307433   0.798071   1.00002
2.29224   0.0306658   0.795593   1
2.32233   0.0298614   0.74264   0.999997
2.35206   0.0303065   0.756655   1
2.38189   0.0297898   0.780089   0.999993
2.41266   0.0313828   0.753153   1
2.44175   0.0306787   0.67843   1.00002
2.47305   0.0296973   0.637326   0.999984
2.50077   0.0292693   0.683801   0.999978
2.53214   0.0313186   0.642436   1.00003
2.56219   0.0321281   0.591382   1.00001
2.59289   0.0293394   0.534472   0.999985
2.62227   0.0299221   0.530791   0.999998
2.6518   0.0299452   0.537196   0.999999
2.68256   0.0305526   0.50741   1
2.71151   0.0302738   0.445792   0.999998
2.74247   0.0300581   0.422614   1
2.7716   0.0294822   0.435185   0.999986
2.80094   0.0300566   0.41554   0.999993
2.83105   0.0306882   0.387545   1.00001
2.86132   0.0312601   0.316398   1.00001
2.89204   0.0301747   0.305673   1.00001
2.92249   0.0299116   0.277072   0.999994
2.95227   0.0303001   0.275413   1.00001
2.98216   0.0299074   0.21163   0.999994
3.01125   0.0293896   0.217103   0.999985
3.04083   0.0306485   0.16533   1.00001
3.07149   0.0312161   0.105985   1.00002
3.10326   0.0315154   0.137883   0.999986
3.13131   0.0320254   0.0583551   1.00004
3.16358   0.0286294   -0.0189085   0.999968
3.19194   0.0299578   0.0157602   1.00001
3.22303   0.0295734   -0.0562827   0.999997
3.25166   0.0299264   -0.0330623   0.999982
3.28252   0.0317081   -0.0993325   1.00003
3.31222   0.0303356   -0.141807   0.999996
3.34319   0.029527   -0.177324   0.999989
3.37355   0.0314617   -0.199278   1.00002
3.40298   0.0300232   -0.244056   0.99999
3.43314   0.0294936   -0.263368   0.999993
3.46226   0.0298361   -0.279961   0.999994
3.49245   0.0307212   -0.279078   0.999999
3.52216   0.0304822   -0.345579   1.00001
3.55281   0.0300721   -0.37789   0.999997
3.58237   0.0298214   -0.410173   0.999994
3.61217   0.0301319   -0.412607   0.999998
3.64023   0.0289236   -0.393471   0.999984
3.67169   0.0304122   -0.465925   1.00001
3.70162   0.0302306   -0.466397   1
3.73218   0.0303942   -0.512333   1
3.76954   0.0312181   -0.503385   1.00002
3.7989   0.0296285   -0.589915   0.999976
3.82826   0.029939   -0.587493   0.999999
3.85832   0.0304451   -0.584619   1.00001
3.88851   0.0300769   -0.63128   0.999998
3.91827   0.0299659   -0.654358   0.999997
3.94808   0.0299494   -0.661341   0.999999
3.97837   0.0303042   -0.687626   1
4.00771   0.0295219   -0.676337   0.999986
4.03662   0.0296252   -0.690202   0.999984
4.06672   0.0311663   -0.743914   1.00002
4.09793   0.0305479   -0.748916   1.00001
4.12841   0.0304521   -0.763743   1.00001
4.15913   0.0302797   -0.837796   1
4.18766   0.0296346   -0.76904   0.999983
4.21733   0.0295444   -0.794633   0.999996
4.24718   0.0305851   -0.826299   0.999996
4.27693   0.0308504   -0.875109   1.00001
4.30908   0.0313553   -0.852962   1.00001
4.3373   0.0296026   -0.927249   0.999976
4.36835   0.0318067   -0.881732   1.00003
4.39828   0.0291882   -0.949159   0.99997
4.4276   0.0304853   -0.918643   1.00001
4.45885   0.0311005   -0.905853   1.00001
4.48772   0.0304407   -0.971208   0.99999
4.51793   0.0303445   -0.943009   1
4.54854   0.0306053   -0.942998   1.00001
4.57835   0.0302944   -0.893361   0.999975
4.60696   0.0310737   -0.96586   1.00002
4.63798   0.0301022   -0.972631   0.999993
4.66783   0.030451   -0.952259   1
4.69803   0.0302254   -0.945611   1
4.72794   0.0295873   -0.90316   0.999992
4.75684   0.029531   -0.993981   1
4.78836   0.0293482   -0.905642   1
4.81832   0.0296421   -0.973244   0.999994
4.8479   0.0301926   -0.929971   1.00001
4.87813   0.0302673   -0.941306   1.00001
4.90815   0.0301836   -0.912577   0.999989
4.93683   0.0294806   -0.97299   0.999988
4.96738   0.0306564   -0.9256   1.00001
4.99782   0.0309567   -0.904383   1.00001
5.02924   0.030918   -0.899113   1.00002
5.05895   0.0288573   -0.842905   0.999964
5.08809   0.0307294   -0.880675   1.00002
5.11862   0.0297172   -0.833693   0.999988
5.14785   0.0299378   -0.857774   0.999996
5.17802   0.0302014   -0.834508   1
5.20806   0.0303872   -0.823451   1
5.23843   0.030378   -0.784531   0.999997
5.27384   0.0304989   -0.830171   1
5.30356   0.030774   -0.734722   1
5.33416   0.0301902   -0.73285   1
5.36421   0.0301102   -0.769508   1.00001
5.39556   0.0294503   -0.678592   0.999984
5.42318   0.0295113   -0.728008   0.999986
5.45342   0.0301336   -0.689172   1.00001
5.48393   0.0303672   -0.68936   0.999992
5.51275   0.0314735   -0.61259   1.00001
5.54392   0.0300793   -0.61045   1
5.57345   0.0299132   -0.641301   0.999987
5.60382   0.0300527   -0.6065   1.00002
5.63402   0.0307625   -0.523085   0.999995
5.66398   0.0301053   -0.506487   1
5.69407   0.030309   -0.529507   0.999992
5.72353   0.0304141   -0.452101   1.00001
5.75392   0.0301505   -0.462799   1
5.78344   0.0294455   -0.476336   0.999986
5.81284   0.030108   -0.413736   1
5.84313   0.030239   -0.387252   0.999995
5.87298   0.0307369   -0.341757   1.00001
5.90358   0.0302942   -0.329673   0.999992
5.93348   0.0303936   -0.254432   1.00001
5.96393   0.0302612   -0.257585   1
5.99395   0.0301885   -0.264182   1
