 x  	 F(x)  
0	0.134293
0.003	0.135377
0.006	0.136469
0.009	0.137567
0.012	0.138674
0.015	0.139787
0.018	0.140908
0.021	0.142037
0.024	0.143173
0.027	0.144317
0.03	0.145468
0.033	0.146627
0.036	0.147794
0.039	0.148968
0.042	0.15015
0.045	0.15134
0.048	0.152538
0.051	0.153743
0.054	0.154957
0.057	0.156178
0.06	0.157407
0.063	0.158644
0.066	0.159889
0.069	0.161142
0.072	0.162403
0.075	0.163673
0.078	0.16495
0.081	0.166235
0.084	0.167529
0.087	0.168831
0.09	0.170141
0.093	0.171459
0.096	0.172785
0.099	0.17412
0.102	0.175463
0.105	0.176815
0.108	0.178175
0.111	0.179543
0.114	0.18092
0.117	0.182305
0.12	0.183699
0.123	0.185101
0.126	0.186512
0.129	0.187931
0.132	0.189359
0.135	0.190795
0.138	0.192241
0.141	0.193694
0.144	0.195157
0.147	0.196628
0.15	0.198108
0.153	0.199596
0.156	0.201094
0.159	0.2026
0.162	0.204115
0.165	0.205638
0.168	0.207171
0.171	0.208712
0.174	0.210262
0.177	0.211822
0.18	0.21339
0.183	0.214967
0.186	0.216552
0.189	0.218147
0.192	0.219751
0.195	0.221364
0.198	0.222985
0.201	0.224616
0.204	0.226256
0.207	0.227905
0.21	0.229562
0.213	0.231229
0.216	0.232905
0.219	0.23459
0.222	0.236284
0.225	0.237987
0.228	0.239699
0.231	0.24142
0.234	0.243151
0.237	0.24489
0.24	0.246638
0.243	0.248396
0.246	0.250163
0.249	0.251938
0.252	0.253723
0.255	0.255517
0.258	0.25732
0.261	0.259133
0.264	0.260954
0.267	0.262784
0.27	0.264624
0.273	0.266472
0.276	0.26833
0.279	0.270196
0.282	0.272072
0.285	0.273957
0.288	0.275851
0.291	0.277754
0.294	0.279666
0.297	0.281586
0.3	0.283516
0.303	0.285455
0.306	0.287403
0.309	0.28936
0.312	0.291326
0.315	0.293301
0.318	0.295284
0.321	0.297277
0.324	0.299278
0.327	0.301288
0.33	0.303307
0.333	0.305335
0.336	0.307372
0.339	0.309417
0.342	0.311471
0.345	0.313534
0.348	0.315606
0.351	0.317686
0.354	0.319775
0.357	0.321872
0.36	0.323978
0.363	0.326092
0.366	0.328215
0.369	0.330347
0.372	0.332487
0.375	0.334635
0.378	0.336791
0.381	0.338956
0.384	0.34113
0.387	0.343311
0.39	0.3455
0.393	0.347698
0.396	0.349904
0.399	0.352118
0.402	0.35434
0.405	0.35657
0.408	0.358807
0.411	0.361053
0.414	0.363307
0.417	0.365568
0.42	0.367837
0.423	0.370113
0.426	0.372397
0.429	0.374689
0.432	0.376988
0.435	0.379295
0.438	0.381609
0.441	0.383931
0.444	0.386259
0.447	0.388595
0.45	0.390938
0.453	0.393288
0.456	0.395645
0.459	0.398009
0.462	0.40038
0.465	0.402758
0.468	0.405142
0.471	0.407533
0.474	0.409931
0.477	0.412335
0.48	0.414746
0.483	0.417163
0.486	0.419586
0.489	0.422016
0.492	0.424452
0.495	0.426893
0.498	0.429341
0.501	0.431795
0.504	0.434254
0.507	0.43672
0.51	0.439191
0.513	0.441667
0.516	0.444149
0.519	0.446637
0.522	0.449129
0.525	0.451627
0.528	0.454131
0.531	0.456639
0.534	0.459152
0.537	0.46167
0.54	0.464193
0.543	0.466721
0.546	0.469253
0.549	0.471789
0.552	0.47433
0.555	0.476876
0.558	0.479425
0.561	0.481979
0.564	0.484537
0.567	0.487098
0.57	0.489664
0.573	0.492233
0.576	0.494806
0.579	0.497382
0.582	0.499962
0.585	0.502545
0.588	0.505131
0.591	0.507721
0.594	0.510313
0.597	0.512908
0.6	0.515507
0.603	0.518107
0.606	0.520711
0.609	0.523316
0.612	0.525924
0.615	0.528535
0.618	0.531147
0.621	0.533762
0.624	0.536378
0.627	0.538996
0.63	0.541616
0.633	0.544238
0.636	0.546861
0.639	0.549485
0.642	0.55211
0.645	0.554737
0.648	0.557365
0.651	0.559993
0.654	0.562622
0.657	0.565252
0.66	0.567883
0.663	0.570514
0.666	0.573145
0.669	0.575776
0.672	0.578408
0.675	0.581039
0.678	0.583671
0.681	0.586302
0.684	0.588932
0.687	0.591562
0.69	0.594192
0.693	0.596821
0.696	0.599449
0.699	0.602076
0.702	0.604701
0.705	0.607326
0.708	0.609949
0.711	0.612571
0.714	0.615191
0.717	0.61781
0.72	0.620427
0.723	0.623042
0.726	0.625655
0.729	0.628265
0.732	0.630874
0.735	0.63348
0.738	0.636084
0.741	0.638684
0.744	0.641283
0.747	0.643878
0.75	0.646471
0.753	0.64906
0.756	0.651646
0.759	0.654229
0.762	0.656808
0.765	0.659384
0.768	0.661957
0.771	0.664525
0.774	0.66709
0.777	0.66965
0.78	0.672207
0.783	0.674759
0.786	0.677307
0.789	0.679851
0.792	0.68239
0.795	0.684925
0.798	0.687454
0.801	0.689979
0.804	0.692499
0.807	0.695014
0.81	0.697523
0.813	0.700028
0.816	0.702527
0.819	0.70502
0.822	0.707508
0.825	0.70999
0.828	0.712467
0.831	0.714937
0.834	0.717402
0.837	0.71986
0.84	0.722312
0.843	0.724758
0.846	0.727198
0.849	0.729631
0.852	0.732057
0.855	0.734477
0.858	0.73689
0.861	0.739296
0.864	0.741695
0.867	0.744087
0.87	0.746472
0.873	0.74885
0.876	0.75122
0.879	0.753583
0.882	0.755938
0.885	0.758286
0.888	0.760627
0.891	0.762959
0.894	0.765284
0.897	0.7676
0.9	0.769909
0.903	0.77221
0.906	0.774502
0.909	0.776786
0.912	0.779062
0.915	0.78133
0.918	0.783589
0.921	0.785839
0.924	0.788081
0.927	0.790314
0.93	0.792539
0.933	0.794754
0.936	0.796961
0.939	0.799158
0.942	0.801347
0.945	0.803527
0.948	0.805697
0.951	0.807858
0.954	0.81001
0.957	0.812152
0.96	0.814285
0.963	0.816409
0.966	0.818523
0.969	0.820627
0.972	0.822722
0.975	0.824807
0.978	0.826882
0.981	0.828947
0.984	0.831003
0.987	0.833048
0.99	0.835084
0.993	0.837109
0.996	0.839125
0.999	0.84113
1.002	0.843125
1.005	0.84511
1.008	0.847085
1.011	0.849049
1.014	0.851003
1.017	0.852946
1.02	0.854879
1.023	0.856802
1.026	0.858714
1.029	0.860615
1.032	0.862506
1.035	0.864386
1.038	0.866255
1.041	0.868114
1.044	0.869962
1.047	0.871799
1.05	0.873626
1.053	0.875441
1.056	0.877246
1.059	0.87904
1.062	0.880823
1.065	0.882595
1.068	0.884356
1.071	0.886106
1.074	0.887844
1.077	0.889572
1.08	0.891289
1.083	0.892995
1.086	0.894689
1.089	0.896372
1.092	0.898045
1.095	0.899706
1.098	0.901355
1.101	0.902994
1.104	0.904621
1.107	0.906237
1.11	0.907842
1.113	0.909436
1.116	0.911018
1.119	0.912589
1.122	0.914148
1.125	0.915697
1.128	0.917234
1.131	0.918759
1.134	0.920273
1.137	0.921776
1.14	0.923268
1.143	0.924748
1.146	0.926217
1.149	0.927674
1.152	0.92912
1.155	0.930554
1.158	0.931977
1.161	0.933389
1.164	0.934789
1.167	0.936178
1.17	0.937556
1.173	0.938922
1.176	0.940276
1.179	0.94162
1.182	0.942952
1.185	0.944272
1.188	0.945581
1.191	0.946879
1.194	0.948165
1.197	0.94944
1.2	0.950703
1.203	0.951955
1.206	0.953196
1.209	0.954425
1.212	0.955643
1.215	0.956849
1.218	0.958044
1.221	0.959228
1.224	0.960401
1.227	0.961562
1.23	0.962712
1.233	0.96385
1.236	0.964977
1.239	0.966093
1.242	0.967198
1.245	0.968291
1.248	0.969373
1.251	0.970444
1.254	0.971503
1.257	0.972552
1.26	0.973589
1.263	0.974615
1.266	0.97563
1.269	0.976633
1.272	0.977625
1.275	0.978607
1.278	0.979577
1.281	0.980536
1.284	0.981483
1.287	0.98242
1.29	0.983346
1.293	0.98426
1.296	0.985164
1.299	0.986056
1.302	0.986938
1.305	0.987808
1.308	0.988667
1.311	0.989516
1.314	0.990353
1.317	0.99118
1.32	0.991995
1.323	0.9928
1.326	0.993594
1.329	0.994377
1.332	0.995149
1.335	0.99591
1.338	0.99666
1.341	0.9974
1.344	0.998128
1.347	0.998846
1.35	0.999554
1.353	1.00025
1.356	1.00094
1.359	1.00161
1.362	1.00227
1.365	1.00293
1.368	1.00357
1.371	1.0042
1.374	1.00483
1.377	1.00544
1.38	1.00604
1.383	1.00663
1.386	1.00721
1.389	1.00777
1.392	1.00833
1.395	1.00888
1.398	1.00942
1.401	1.00994
1.404	1.01046
1.407	1.01097
1.41	1.01146
1.413	1.01195
1.416	1.01242
1.419	1.01289
1.422	1.01334
1.425	1.01378
1.428	1.01422
1.431	1.01464
1.434	1.01505
1.437	1.01545
1.44	1.01585
1.443	1.01623
1.446	1.0166
1.449	1.01696
1.452	1.01731
1.455	1.01765
1.458	1.01798
1.461	1.0183
1.464	1.01861
1.467	1.01891
1.47	1.0192
1.473	1.01948
1.476	1.01975
1.479	1.02001
1.482	1.02026
1.485	1.0205
1.488	1.02073
1.491	1.02095
1.494	1.02116
1.497	1.02136
1.5	1.02155
1.503	1.02173
1.506	1.0219
1.509	1.02206
1.512	1.02221
1.515	1.02235
1.518	1.02247
1.521	1.02259
1.524	1.0227
1.527	1.0228
1.53	1.02289
1.533	1.02297
1.536	1.02304
1.539	1.02311
1.542	1.02316
1.545	1.0232
1.548	1.02323
1.551	1.02325
1.554	1.02326
1.557	1.02326
1.56	1.02325
1.563	1.02323
1.566	1.02321
1.569	1.02317
1.572	1.02312
1.575	1.02306
1.578	1.023
1.581	1.02292
1.584	1.02283
1.587	1.02274
1.59	1.02263
1.593	1.02252
1.596	1.02239
1.599	1.02226
1.602	1.02211
1.605	1.02196
1.608	1.02179
1.611	1.02162
1.614	1.02143
1.617	1.02124
1.62	1.02104
1.623	1.02082
1.626	1.0206
1.629	1.02037
1.632	1.02013
1.635	1.01988
1.638	1.01962
1.641	1.01935
1.644	1.01906
1.647	1.01877
1.65	1.01848
1.653	1.01817
1.656	1.01785
1.659	1.01752
1.662	1.01718
1.665	1.01683
1.668	1.01647
1.671	1.01611
1.674	1.01573
1.677	1.01534
1.68	1.01495
1.683	1.01454
1.686	1.01413
1.689	1.0137
1.692	1.01327
1.695	1.01282
1.698	1.01237
1.701	1.0119
1.704	1.01143
1.707	1.01095
1.71	1.01045
1.713	1.00995
1.716	1.00944
1.719	1.00892
1.722	1.00839
1.725	1.00784
1.728	1.00729
1.731	1.00673
1.734	1.00616
1.737	1.00558
1.74	1.00499
1.743	1.00439
1.746	1.00379
1.749	1.00317
1.752	1.00254
1.755	1.0019
1.758	1.00125
1.761	1.0006
1.764	0.999929
1.767	0.999252
1.77	0.998566
1.773	0.99787
1.776	0.997164
1.779	0.996448
1.782	0.995723
1.785	0.994988
1.788	0.994243
1.791	0.993489
1.794	0.992725
1.797	0.991951
1.8	0.991167
1.803	0.990374
1.806	0.989571
1.809	0.988758
1.812	0.987935
1.815	0.987103
1.818	0.986261
1.821	0.985409
1.824	0.984547
1.827	0.983676
1.83	0.982795
1.833	0.981904
1.836	0.981003
1.839	0.980093
1.842	0.979172
1.845	0.978242
1.848	0.977303
1.851	0.976353
1.854	0.975394
1.857	0.974424
1.86	0.973445
1.863	0.972457
1.866	0.971458
1.869	0.97045
1.872	0.969432
1.875	0.968404
1.878	0.967366
1.881	0.966318
1.884	0.965261
1.887	0.964194
1.89	0.963117
1.893	0.96203
1.896	0.960934
1.899	0.959827
1.902	0.958711
1.905	0.957585
1.908	0.956449
1.911	0.955304
1.914	0.954148
1.917	0.952983
1.92	0.951808
1.923	0.950624
1.926	0.949429
1.929	0.948225
1.932	0.947011
1.935	0.945787
1.938	0.944553
1.941	0.94331
1.944	0.942057
1.947	0.940794
1.95	0.939521
1.953	0.938238
1.956	0.936946
1.959	0.935644
1.962	0.934333
1.965	0.933011
1.968	0.93168
1.971	0.930339
1.974	0.928989
1.977	0.927628
1.98	0.926258
1.983	0.924879
1.986	0.923489
1.989	0.92209
1.992	0.920682
1.995	0.919263
1.998	0.917835
2.001	0.916398
2.004	0.91495
2.007	0.913494
2.01	0.912027
2.013	0.910551
2.016	0.909066
2.019	0.90757
2.022	0.906066
2.025	0.904552
2.028	0.903028
2.031	0.901495
2.034	0.899952
2.037	0.8984
2.04	0.896838
2.043	0.895267
2.046	0.893687
2.049	0.892097
2.052	0.890498
2.055	0.888889
2.058	0.887271
2.061	0.885644
2.064	0.884007
2.067	0.882361
2.07	0.880706
2.073	0.879042
2.076	0.877368
2.079	0.875686
2.082	0.873994
2.085	0.872293
2.088	0.870582
2.091	0.868863
2.094	0.867135
2.097	0.865397
2.1	0.863651
2.103	0.861895
2.106	0.860131
2.109	0.858358
2.112	0.856575
2.115	0.854784
2.118	0.852984
2.121	0.851175
2.124	0.849358
2.127	0.847532
2.13	0.845696
2.133	0.843853
2.136	0.842
2.139	0.840139
2.142	0.838269
2.145	0.836391
2.148	0.834504
2.151	0.832609
2.154	0.830706
2.157	0.828793
2.16	0.826873
2.163	0.824944
2.166	0.823007
2.169	0.821061
2.172	0.819108
2.175	0.817146
2.178	0.815176
2.181	0.813198
2.184	0.811212
2.187	0.809218
2.19	0.807215
2.193	0.805205
2.196	0.803187
2.199	0.801161
2.202	0.799128
2.205	0.797086
2.208	0.795037
2.211	0.79298
2.214	0.790916
2.217	0.788844
2.22	0.786764
2.223	0.784677
2.226	0.782583
2.229	0.780481
2.232	0.778372
2.235	0.776256
2.238	0.774132
2.241	0.772001
2.244	0.769863
2.247	0.767718
2.25	0.765566
2.253	0.763406
2.256	0.76124
2.259	0.759068
2.262	0.756888
2.265	0.754701
2.268	0.752508
2.271	0.750308
2.274	0.748102
2.277	0.745889
2.28	0.743669
2.283	0.741443
2.286	0.739211
2.289	0.736972
2.292	0.734727
2.295	0.732476
2.298	0.730219
2.301	0.727955
2.304	0.725686
2.307	0.723411
2.31	0.721129
2.313	0.718842
2.316	0.716549
2.319	0.714251
2.322	0.711946
2.325	0.709636
2.328	0.707321
2.331	0.705
2.334	0.702673
2.337	0.700341
2.34	0.698004
2.343	0.695662
2.346	0.693314
2.349	0.690961
2.352	0.688604
2.355	0.686241
2.358	0.683873
2.361	0.6815
2.364	0.679123
2.367	0.676741
2.37	0.674354
2.373	0.671962
2.376	0.669566
2.379	0.667166
2.382	0.664761
2.385	0.662351
2.388	0.659938
2.391	0.65752
2.394	0.655098
2.397	0.652671
2.4	0.650241
2.403	0.647807
2.406	0.645368
2.409	0.642926
2.412	0.64048
2.415	0.638031
2.418	0.635577
2.421	0.63312
2.424	0.63066
2.427	0.628196
2.43	0.625728
2.433	0.623257
2.436	0.620783
2.439	0.618305
2.442	0.615825
2.445	0.613341
2.448	0.610854
2.451	0.608364
2.454	0.605871
2.457	0.603376
2.46	0.600877
2.463	0.598376
2.466	0.595872
2.469	0.593365
2.472	0.590856
2.475	0.588344
2.478	0.58583
2.481	0.583313
2.484	0.580794
2.487	0.578273
2.49	0.575749
2.493	0.573224
2.496	0.570696
2.499	0.568166
2.502	0.565634
2.505	0.5631
2.508	0.560564
2.511	0.558026
2.514	0.555486
2.517	0.552945
2.52	0.550402
2.523	0.547858
2.526	0.545311
2.529	0.542764
2.532	0.540214
2.535	0.537664
2.538	0.535112
2.541	0.532558
2.544	0.530003
2.547	0.527447
2.55	0.52489
2.553	0.522332
2.556	0.519773
2.559	0.517212
2.562	0.514651
2.565	0.512088
2.568	0.509525
2.571	0.506961
2.574	0.504396
2.577	0.50183
2.58	0.499263
2.583	0.496696
2.586	0.494128
2.589	0.491559
2.592	0.48899
2.595	0.48642
2.598	0.48385
2.601	0.481279
2.604	0.478708
2.607	0.476137
2.61	0.473565
2.613	0.470993
2.616	0.46842
2.619	0.465847
2.622	0.463274
2.625	0.460701
2.628	0.458128
2.631	0.455554
2.634	0.452981
2.637	0.450407
2.64	0.447834
2.643	0.44526
2.646	0.442686
2.649	0.440113
2.652	0.437539
2.655	0.434966
2.658	0.432392
2.661	0.429819
2.664	0.427246
2.667	0.424673
2.67	0.4221
2.673	0.419528
2.676	0.416956
2.679	0.414384
2.682	0.411812
2.685	0.409241
2.688	0.40667
2.691	0.404099
2.694	0.401529
2.697	0.398959
2.7	0.39639
2.703	0.39382
2.706	0.391252
2.709	0.388683
2.712	0.386116
2.715	0.383548
2.718	0.380981
2.721	0.378415
2.724	0.375849
2.727	0.373283
2.73	0.370718
2.733	0.368154
2.736	0.36559
2.739	0.363026
2.742	0.360463
2.745	0.357901
2.748	0.355339
2.751	0.352777
2.754	0.350216
2.757	0.347656
2.76	0.345096
2.763	0.342537
2.766	0.339978
2.769	0.33742
2.772	0.334862
2.775	0.332305
2.778	0.329748
2.781	0.327192
2.784	0.324636
2.787	0.322081
2.79	0.319526
2.793	0.316972
2.796	0.314418
2.799	0.311865
2.802	0.309312
2.805	0.30676
2.808	0.304208
2.811	0.301656
2.814	0.299105
2.817	0.296554
2.82	0.294004
2.823	0.291454
2.826	0.288905
2.829	0.286356
2.832	0.283807
2.835	0.281258
2.838	0.27871
2.841	0.276162
2.844	0.273615
2.847	0.271067
2.85	0.26852
2.853	0.265973
2.856	0.263427
2.859	0.26088
2.862	0.258334
2.865	0.255788
2.868	0.253242
2.871	0.250696
2.874	0.24815
2.877	0.245604
2.88	0.243059
2.883	0.240513
2.886	0.237967
2.889	0.235422
2.892	0.232876
2.895	0.23033
2.898	0.227784
2.901	0.225238
2.904	0.222692
2.907	0.220145
2.91	0.217599
2.913	0.215052
2.916	0.212505
2.919	0.209958
2.922	0.20741
2.925	0.204862
2.928	0.202314
2.931	0.199765
2.934	0.197216
2.937	0.194666
2.94	0.192116
2.943	0.189565
2.946	0.187014
2.949	0.184462
2.952	0.18191
2.955	0.179357
2.958	0.176803
2.961	0.174249
2.964	0.171694
2.967	0.169138
2.97	0.166582
2.973	0.164024
2.976	0.161466
2.979	0.158907
2.982	0.156347
2.985	0.153786
2.988	0.151224
2.991	0.148661
2.994	0.146097
2.997	0.143532
3	0.140966
3.003	0.138399
3.006	0.13583
3.009	0.133261
3.012	0.13069
3.015	0.128118
3.018	0.125544
3.021	0.12297
3.024	0.120394
3.027	0.117816
3.03	0.115237
3.033	0.112657
3.036	0.110075
3.039	0.107492
3.042	0.104907
3.045	0.10232
3.048	0.0997324
3.051	0.0971426
3.054	0.0945512
3.057	0.0919581
3.06	0.0893632
3.063	0.0867666
3.066	0.0841682
3.069	0.0815679
3.072	0.0789658
3.075	0.0763618
3.078	0.0737558
3.081	0.0711479
3.084	0.0685381
3.087	0.0659262
3.09	0.0633122
3.093	0.0606962
3.096	0.0580781
3.099	0.0554579
3.102	0.0528355
3.105	0.0502109
3.108	0.0475842
3.111	0.0449551
3.114	0.0423238
3.117	0.0396902
3.12	0.0370543
3.123	0.0344161
3.126	0.0317755
3.129	0.0291324
3.132	0.026487
3.135	0.0238391
3.138	0.0211887
3.141	0.0185358
3.144	0.0158804
3.147	0.0132225
3.15	0.010562
3.153	0.0078989
3.156	0.00523319
3.159	0.00256485
3.162	-0.000106142
3.165	-0.00277981
3.168	-0.00545618
3.171	-0.00813526
3.174	-0.0108171
3.177	-0.0135016
3.18	-0.016189
3.183	-0.0188791
3.186	-0.0215721
3.189	-0.0242678
3.192	-0.0269664
3.195	-0.0296679
3.198	-0.0323722
3.201	-0.0350794
3.204	-0.0377896
3.207	-0.0405026
3.21	-0.0432186
3.213	-0.0459375
3.216	-0.0486593
3.219	-0.0513841
3.222	-0.0541119
3.225	-0.0568427
3.228	-0.0595765
3.231	-0.0623133
3.234	-0.065053
3.237	-0.0677958
3.24	-0.0705417
3.243	-0.0732906
3.246	-0.0760425
3.249	-0.0787974
3.252	-0.0815554
3.255	-0.0843165
3.258	-0.0870806
3.261	-0.0898478
3.264	-0.092618
3.267	-0.0953913
3.27	-0.0981677
3.273	-0.100947
3.276	-0.10373
3.279	-0.106515
3.282	-0.109304
3.285	-0.112095
3.288	-0.11489
3.291	-0.117688
3.294	-0.120489
3.297	-0.123293
3.3	-0.126099
3.303	-0.128909
3.306	-0.131722
3.309	-0.134538
3.312	-0.137357
3.315	-0.140179
3.318	-0.143004
3.321	-0.145832
3.324	-0.148663
3.327	-0.151497
3.33	-0.154333
3.333	-0.157173
3.336	-0.160016
3.339	-0.162861
3.342	-0.165709
3.345	-0.16856
3.348	-0.171414
3.351	-0.174271
3.354	-0.177131
3.357	-0.179993
3.36	-0.182858
3.363	-0.185726
3.366	-0.188597
3.369	-0.19147
3.372	-0.194346
3.375	-0.197225
3.378	-0.200106
3.381	-0.20299
3.384	-0.205876
3.387	-0.208765
3.39	-0.211656
3.393	-0.21455
3.396	-0.217447
3.399	-0.220345
3.402	-0.223246
3.405	-0.22615
3.408	-0.229056
3.411	-0.231964
3.414	-0.234874
3.417	-0.237787
3.42	-0.240701
3.423	-0.243618
3.426	-0.246537
3.429	-0.249458
3.432	-0.252382
3.435	-0.255307
3.438	-0.258234
3.441	-0.261163
3.444	-0.264093
3.447	-0.267026
3.45	-0.269961
3.453	-0.272897
3.456	-0.275835
3.459	-0.278774
3.462	-0.281715
3.465	-0.284658
3.468	-0.287602
3.471	-0.290548
3.474	-0.293495
3.477	-0.296444
3.48	-0.299393
3.483	-0.302345
3.486	-0.305297
3.489	-0.30825
3.492	-0.311205
3.495	-0.314161
3.498	-0.317117
3.501	-0.320075
3.504	-0.323033
3.507	-0.325993
3.51	-0.328953
3.513	-0.331914
3.516	-0.334876
3.519	-0.337838
3.522	-0.340801
3.525	-0.343764
3.528	-0.346728
3.531	-0.349692
3.534	-0.352656
3.537	-0.355621
3.54	-0.358586
3.543	-0.361551
3.546	-0.364516
3.549	-0.367481
3.552	-0.370447
3.555	-0.373412
3.558	-0.376377
3.561	-0.379341
3.564	-0.382306
3.567	-0.38527
3.57	-0.388233
3.573	-0.391196
3.576	-0.394159
3.579	-0.397121
3.582	-0.400082
3.585	-0.403042
3.588	-0.406002
3.591	-0.408961
3.594	-0.411919
3.597	-0.414875
3.6	-0.417831
3.603	-0.420786
3.606	-0.423739
3.609	-0.426691
3.612	-0.429641
3.615	-0.432591
3.618	-0.435538
3.621	-0.438484
3.624	-0.441428
3.627	-0.444371
3.63	-0.447312
3.633	-0.450251
3.636	-0.453188
3.639	-0.456123
3.642	-0.459056
3.645	-0.461986
3.648	-0.464915
3.651	-0.467841
3.654	-0.470765
3.657	-0.473686
3.66	-0.476605
3.663	-0.479521
3.666	-0.482435
3.669	-0.485346
3.672	-0.488254
3.675	-0.491159
3.678	-0.494061
3.681	-0.49696
3.684	-0.499856
3.687	-0.502749
3.69	-0.505638
3.693	-0.508524
3.696	-0.511407
3.699	-0.514286
3.702	-0.517162
3.705	-0.520034
3.708	-0.522902
3.711	-0.525767
3.714	-0.528628
3.717	-0.531485
3.72	-0.534337
3.723	-0.537186
3.726	-0.540031
3.729	-0.542871
3.732	-0.545707
3.735	-0.548539
3.738	-0.551367
3.741	-0.554189
3.744	-0.557008
3.747	-0.559821
3.75	-0.56263
3.753	-0.565434
3.756	-0.568234
3.759	-0.571028
3.762	-0.573817
3.765	-0.576602
3.768	-0.579381
3.771	-0.582155
3.774	-0.584923
3.777	-0.587687
3.78	-0.590444
3.783	-0.593197
3.786	-0.595944
3.789	-0.598685
3.792	-0.60142
3.795	-0.60415
3.798	-0.606874
3.801	-0.609592
3.804	-0.612304
3.807	-0.615011
3.81	-0.617711
3.813	-0.620404
3.816	-0.623092
3.819	-0.625773
3.822	-0.628449
3.825	-0.631117
3.828	-0.633779
3.831	-0.636435
3.834	-0.639084
3.837	-0.641726
3.84	-0.644362
3.843	-0.646991
3.846	-0.649613
3.849	-0.652228
3.852	-0.654836
3.855	-0.657438
3.858	-0.660032
3.861	-0.662619
3.864	-0.665199
3.867	-0.667771
3.87	-0.670336
3.873	-0.672894
3.876	-0.675445
3.879	-0.677988
3.882	-0.680523
3.885	-0.683051
3.888	-0.685572
3.891	-0.688084
3.894	-0.690589
3.897	-0.693086
3.9	-0.695575
3.903	-0.698057
3.906	-0.70053
3.909	-0.702996
3.912	-0.705453
3.915	-0.707903
3.918	-0.710344
3.921	-0.712777
3.924	-0.715202
3.927	-0.717618
3.93	-0.720026
3.933	-0.722426
3.936	-0.724818
3.939	-0.727201
3.942	-0.729575
3.945	-0.731941
3.948	-0.734299
3.951	-0.736647
3.954	-0.738987
3.957	-0.741319
3.96	-0.743642
3.963	-0.745956
3.966	-0.748261
3.969	-0.750557
3.972	-0.752844
3.975	-0.755123
3.978	-0.757392
3.981	-0.759652
3.984	-0.761904
3.987	-0.764146
3.99	-0.766379
3.993	-0.768603
3.996	-0.770818
3.999	-0.773024
4.002	-0.77522
4.005	-0.777408
4.008	-0.779586
4.011	-0.781754
4.014	-0.783913
4.017	-0.786063
4.02	-0.788204
4.023	-0.790335
4.026	-0.792456
4.029	-0.794568
4.032	-0.79667
4.035	-0.798763
4.038	-0.800847
4.041	-0.80292
4.044	-0.804985
4.047	-0.807039
4.05	-0.809084
4.053	-0.811119
4.056	-0.813144
4.059	-0.81516
4.062	-0.817166
4.065	-0.819162
4.068	-0.821148
4.071	-0.823125
4.074	-0.825092
4.077	-0.827049
4.08	-0.828995
4.083	-0.830933
4.086	-0.83286
4.089	-0.834777
4.092	-0.836684
4.095	-0.838582
4.098	-0.840469
4.101	-0.842347
4.104	-0.844214
4.107	-0.846071
4.11	-0.847919
4.113	-0.849756
4.116	-0.851584
4.119	-0.853401
4.122	-0.855208
4.125	-0.857005
4.128	-0.858792
4.131	-0.860569
4.134	-0.862336
4.137	-0.864093
4.14	-0.865839
4.143	-0.867576
4.146	-0.869302
4.149	-0.871018
4.152	-0.872724
4.155	-0.87442
4.158	-0.876106
4.161	-0.877781
4.164	-0.879447
4.167	-0.881102
4.17	-0.882747
4.173	-0.884381
4.176	-0.886006
4.179	-0.88762
4.182	-0.889224
4.185	-0.890818
4.188	-0.892402
4.191	-0.893975
4.194	-0.895538
4.197	-0.897091
4.2	-0.898634
4.203	-0.900167
4.206	-0.901689
4.209	-0.903201
4.212	-0.904703
4.215	-0.906195
4.218	-0.907676
4.221	-0.909147
4.224	-0.910608
4.227	-0.912059
4.23	-0.913499
4.233	-0.91493
4.236	-0.91635
4.239	-0.917759
4.242	-0.919159
4.245	-0.920548
4.248	-0.921927
4.251	-0.923296
4.254	-0.924655
4.257	-0.926003
4.26	-0.927341
4.263	-0.928669
4.266	-0.929987
4.269	-0.931295
4.272	-0.932592
4.275	-0.933879
4.278	-0.935156
4.281	-0.936423
4.284	-0.93768
4.287	-0.938926
4.29	-0.940162
4.293	-0.941388
4.296	-0.942604
4.299	-0.94381
4.302	-0.945005
4.305	-0.946191
4.308	-0.947366
4.311	-0.948531
4.314	-0.949686
4.317	-0.950831
4.32	-0.951965
4.323	-0.95309
4.326	-0.954204
4.329	-0.955308
4.332	-0.956403
4.335	-0.957487
4.338	-0.95856
4.341	-0.959624
4.344	-0.960678
4.347	-0.961722
4.35	-0.962755
4.353	-0.963778
4.356	-0.964792
4.359	-0.965795
4.362	-0.966788
4.365	-0.967771
4.368	-0.968744
4.371	-0.969707
4.374	-0.97066
4.377	-0.971603
4.38	-0.972536
4.383	-0.973459
4.386	-0.974372
4.389	-0.975274
4.392	-0.976167
4.395	-0.97705
4.398	-0.977922
4.401	-0.978785
4.404	-0.979638
4.407	-0.98048
4.41	-0.981313
4.413	-0.982136
4.416	-0.982948
4.419	-0.983751
4.422	-0.984544
4.425	-0.985326
4.428	-0.986099
4.431	-0.986862
4.434	-0.987615
4.437	-0.988357
4.44	-0.98909
4.443	-0.989813
4.446	-0.990526
4.449	-0.991229
4.452	-0.991922
4.455	-0.992605
4.458	-0.993278
4.461	-0.993941
4.464	-0.994594
4.467	-0.995238
4.47	-0.995871
4.473	-0.996494
4.476	-0.997108
4.479	-0.997711
4.482	-0.998305
4.485	-0.998888
4.488	-0.999462
4.491	-1.00003
4.494	-1.00058
4.497	-1.00112
4.5	-1.00166
4.503	-1.00218
4.506	-1.00269
4.509	-1.0032
4.512	-1.00369
4.515	-1.00418
4.518	-1.00465
4.521	-1.00512
4.524	-1.00557
4.527	-1.00601
4.53	-1.00645
4.533	-1.00687
4.536	-1.00729
4.539	-1.00769
4.542	-1.00809
4.545	-1.00847
4.548	-1.00885
4.551	-1.00921
4.554	-1.00957
4.557	-1.00991
4.56	-1.01025
4.563	-1.01057
4.566	-1.01089
4.569	-1.01119
4.572	-1.01148
4.575	-1.01177
4.578	-1.01204
4.581	-1.01231
4.584	-1.01256
4.587	-1.01281
4.59	-1.01304
4.593	-1.01327
4.596	-1.01348
4.599	-1.01369
4.602	-1.01388
4.605	-1.01407
4.608	-1.01424
4.611	-1.01441
4.614	-1.01456
4.617	-1.0147
4.62	-1.01484
4.623	-1.01496
4.626	-1.01508
4.629	-1.01518
4.632	-1.01527
4.635	-1.01536
4.638	-1.01543
4.641	-1.01549
4.644	-1.01555
4.647	-1.01559
4.65	-1.01562
4.653	-1.01565
4.656	-1.01566
4.659	-1.01566
4.662	-1.01565
4.665	-1.01564
4.668	-1.01561
4.671	-1.01557
4.674	-1.01552
4.677	-1.01546
4.68	-1.01539
4.683	-1.01531
4.686	-1.01522
4.689	-1.01512
4.692	-1.01501
4.695	-1.01489
4.698	-1.01476
4.701	-1.01462
4.704	-1.01447
4.707	-1.01431
4.71	-1.01413
4.713	-1.01395
4.716	-1.01376
4.719	-1.01355
4.722	-1.01334
4.725	-1.01312
4.728	-1.01288
4.731	-1.01264
4.734	-1.01238
4.737	-1.01212
4.74	-1.01184
4.743	-1.01155
4.746	-1.01126
4.749	-1.01095
4.752	-1.01063
4.755	-1.0103
4.758	-1.00996
4.761	-1.00961
4.764	-1.00925
4.767	-1.00888
4.77	-1.0085
4.773	-1.00811
4.776	-1.0077
4.779	-1.00729
4.782	-1.00687
4.785	-1.00643
4.788	-1.00599
4.791	-1.00553
4.794	-1.00507
4.797	-1.00459
4.8	-1.0041
4.803	-1.00361
4.806	-1.0031
4.809	-1.00258
4.812	-1.00205
4.815	-1.00151
4.818	-1.00096
4.821	-1.00039
4.824	-0.999822
4.827	-0.999238
4.83	-0.998645
4.833	-0.99804
4.836	-0.997425
4.839	-0.996799
4.842	-0.996162
4.845	-0.995514
4.848	-0.994856
4.851	-0.994187
4.854	-0.993508
4.857	-0.992818
4.86	-0.992117
4.863	-0.991405
4.866	-0.990682
4.869	-0.989949
4.872	-0.989205
4.875	-0.988451
4.878	-0.987685
4.881	-0.986909
4.884	-0.986122
4.887	-0.985325
4.89	-0.984517
4.893	-0.983698
4.896	-0.982868
4.899	-0.982028
4.902	-0.981177
4.905	-0.980315
4.908	-0.979443
4.911	-0.978559
4.914	-0.977666
4.917	-0.976761
4.92	-0.975846
4.923	-0.97492
4.926	-0.973984
4.929	-0.973037
4.932	-0.972079
4.935	-0.971111
4.938	-0.970132
4.941	-0.969143
4.944	-0.968143
4.947	-0.967132
4.95	-0.966111
4.953	-0.96508
4.956	-0.964038
4.959	-0.962985
4.962	-0.961922
4.965	-0.960849
4.968	-0.959765
4.971	-0.95867
4.974	-0.957566
4.977	-0.956451
4.98	-0.955325
4.983	-0.954189
4.986	-0.953043
4.989	-0.951887
4.992	-0.95072
4.995	-0.949543
4.998	-0.948356
5.001	-0.947159
5.004	-0.945952
5.007	-0.944734
5.01	-0.943507
5.013	-0.942269
5.016	-0.941022
5.019	-0.939764
5.022	-0.938496
5.025	-0.937219
5.028	-0.935932
5.031	-0.934634
5.034	-0.933327
5.037	-0.932011
5.04	-0.930684
5.043	-0.929348
5.046	-0.928002
5.049	-0.926647
5.052	-0.925282
5.055	-0.923907
5.058	-0.922523
5.061	-0.92113
5.064	-0.919727
5.067	-0.918315
5.07	-0.916893
5.073	-0.915463
5.076	-0.914023
5.079	-0.912574
5.082	-0.911116
5.085	-0.909649
5.088	-0.908173
5.091	-0.906688
5.094	-0.905194
5.097	-0.903691
5.1	-0.90218
5.103	-0.90066
5.106	-0.899131
5.109	-0.897594
5.112	-0.896048
5.115	-0.894494
5.118	-0.892931
5.121	-0.89136
5.124	-0.889781
5.127	-0.888194
5.13	-0.886599
5.133	-0.884995
5.136	-0.883384
5.139	-0.881764
5.142	-0.880137
5.145	-0.878502
5.148	-0.87686
5.151	-0.87521
5.154	-0.873552
5.157	-0.871887
5.16	-0.870214
5.163	-0.868534
5.166	-0.866847
5.169	-0.865153
5.172	-0.863452
5.175	-0.861744
5.178	-0.860028
5.181	-0.858307
5.184	-0.856578
5.187	-0.854843
5.19	-0.853101
5.193	-0.851352
5.196	-0.849597
5.199	-0.847836
5.202	-0.846069
5.205	-0.844296
5.208	-0.842516
5.211	-0.840731
5.214	-0.83894
5.217	-0.837143
5.22	-0.83534
5.223	-0.833532
5.226	-0.831718
5.229	-0.829899
5.232	-0.828075
5.235	-0.826245
5.238	-0.82441
5.241	-0.822571
5.244	-0.820726
5.247	-0.818877
5.25	-0.817023
5.253	-0.815164
5.256	-0.813301
5.259	-0.811433
5.262	-0.809561
5.265	-0.807685
5.268	-0.805805
5.271	-0.803921
5.274	-0.802033
5.277	-0.800141
5.28	-0.798245
5.283	-0.796346
5.286	-0.794443
5.289	-0.792537
5.292	-0.790628
5.295	-0.788715
5.298	-0.7868
5.301	-0.784881
5.304	-0.78296
5.307	-0.781036
5.31	-0.779109
5.313	-0.77718
5.316	-0.775248
5.319	-0.773314
5.322	-0.771378
5.325	-0.769439
5.328	-0.767499
5.331	-0.765557
5.334	-0.763613
5.337	-0.761667
5.34	-0.759719
5.343	-0.757771
5.346	-0.75582
5.349	-0.753869
5.352	-0.751916
5.355	-0.749963
5.358	-0.748008
5.361	-0.746053
5.364	-0.744097
5.367	-0.74214
5.37	-0.740183
5.373	-0.738225
5.376	-0.736267
5.379	-0.734309
5.382	-0.732351
5.385	-0.730393
5.388	-0.728435
5.391	-0.726477
5.394	-0.724519
5.397	-0.722562
5.4	-0.720605
5.403	-0.718649
5.406	-0.716694
5.409	-0.71474
5.412	-0.712786
5.415	-0.710834
5.418	-0.708883
5.421	-0.706933
5.424	-0.704984
5.427	-0.703037
5.43	-0.701091
5.433	-0.699147
5.436	-0.697204
5.439	-0.695264
5.442	-0.693325
5.445	-0.691389
5.448	-0.689454
5.451	-0.687522
5.454	-0.685592
5.457	-0.683664
5.46	-0.681739
5.463	-0.679817
5.466	-0.677897
5.469	-0.67598
5.472	-0.674065
5.475	-0.672154
5.478	-0.670246
5.481	-0.668341
5.484	-0.666439
5.487	-0.66454
5.49	-0.662645
5.493	-0.660753
5.496	-0.658864
5.499	-0.65698
5.502	-0.655098
5.505	-0.653221
5.508	-0.651348
5.511	-0.649478
5.514	-0.647613
5.517	-0.645751
5.52	-0.643894
5.523	-0.642041
5.526	-0.640192
5.529	-0.638348
5.532	-0.636508
5.535	-0.634673
5.538	-0.632842
5.541	-0.631016
5.544	-0.629195
5.547	-0.627378
5.55	-0.625567
5.553	-0.62376
5.556	-0.621958
5.559	-0.620162
5.562	-0.61837
5.565	-0.616584
5.568	-0.614803
5.571	-0.613027
5.574	-0.611257
5.577	-0.609492
5.58	-0.607732
5.583	-0.605978
5.586	-0.60423
5.589	-0.602487
5.592	-0.60075
5.595	-0.599019
5.598	-0.597293
5.601	-0.595574
5.604	-0.59386
5.607	-0.592152
5.61	-0.590451
5.613	-0.588755
5.616	-0.587065
5.619	-0.585382
5.622	-0.583705
5.625	-0.582033
5.628	-0.580369
5.631	-0.57871
5.634	-0.577058
5.637	-0.575412
5.64	-0.573773
5.643	-0.57214
5.646	-0.570513
5.649	-0.568893
5.652	-0.56728
5.655	-0.565673
5.658	-0.564073
5.661	-0.562479
5.664	-0.560892
5.667	-0.559312
5.67	-0.557739
5.673	-0.556172
5.676	-0.554612
5.679	-0.553059
5.682	-0.551513
5.685	-0.549973
5.688	-0.548441
5.691	-0.546915
5.694	-0.545396
5.697	-0.543884
5.7	-0.542379
5.703	-0.540882
5.706	-0.539391
5.709	-0.537907
5.712	-0.53643
5.715	-0.53496
5.718	-0.533497
5.721	-0.532041
5.724	-0.530593
5.727	-0.529151
5.73	-0.527717
5.733	-0.526289
5.736	-0.524869
5.739	-0.523456
5.742	-0.52205
5.745	-0.520651
5.748	-0.519259
5.751	-0.517874
5.754	-0.516497
5.757	-0.515127
5.76	-0.513763
5.763	-0.512407
5.766	-0.511058
5.769	-0.509717
5.772	-0.508382
5.775	-0.507055
5.778	-0.505735
5.781	-0.504421
5.784	-0.503115
5.787	-0.501817
5.79	-0.500525
5.793	-0.49924
5.796	-0.497963
5.799	-0.496693
5.802	-0.49543
5.805	-0.494174
5.808	-0.492925
5.811	-0.491683
5.814	-0.490448
5.817	-0.48922
5.82	-0.488
5.823	-0.486786
5.826	-0.48558
5.829	-0.48438
5.832	-0.483188
5.835	-0.482002
5.838	-0.480824
5.841	-0.479653
5.844	-0.478488
5.847	-0.477331
5.85	-0.47618
5.853	-0.475036
5.856	-0.4739
5.859	-0.47277
5.862	-0.471647
5.865	-0.470531
5.868	-0.469421
5.871	-0.468319
5.874	-0.467223
5.877	-0.466135
5.88	-0.465052
5.883	-0.463977
5.886	-0.462909
5.889	-0.461847
5.892	-0.460792
5.895	-0.459743
5.898	-0.458701
5.901	-0.457666
5.904	-0.456637
5.907	-0.455615
5.91	-0.4546
5.913	-0.453591
5.916	-0.452589
5.919	-0.451593
5.922	-0.450603
5.925	-0.44962
5.928	-0.448644
5.931	-0.447673
5.934	-0.44671
5.937	-0.445752
5.94	-0.444801
5.943	-0.443856
5.946	-0.442918
5.949	-0.441985
5.952	-0.441059
5.955	-0.440139
5.958	-0.439226
5.961	-0.438318
5.964	-0.437417
5.967	-0.436521
5.97	-0.435632
5.973	-0.434749
5.976	-0.433872
5.979	-0.433
5.982	-0.432135
5.985	-0.431276
5.988	-0.430422
5.991	-0.429575
5.994	-0.428733
5.997	-0.427897
