 x  	 F(x)  
0	0.0214496
0.003	0.0246537
0.006	0.0278579
0.009	0.0310623
0.012	0.0342668
0.015	0.0374714
0.018	0.0406761
0.021	0.043881
0.024	0.0470861
0.027	0.0502912
0.03	0.0534965
0.033	0.056702
0.036	0.0599076
0.039	0.0631133
0.042	0.0663191
0.045	0.0695251
0.048	0.0727313
0.051	0.0759375
0.054	0.0791439
0.057	0.0823505
0.06	0.0855571
0.063	0.0887639
0.066	0.0919709
0.069	0.095178
0.072	0.0983852
0.075	0.101593
0.078	0.1048
0.081	0.108008
0.084	0.111215
0.087	0.114423
0.09	0.117631
0.093	0.12084
0.096	0.124048
0.099	0.127256
0.102	0.130465
0.105	0.133674
0.108	0.136883
0.111	0.140092
0.114	0.143301
0.117	0.14651
0.12	0.149719
0.123	0.152929
0.126	0.156139
0.129	0.159349
0.132	0.162559
0.135	0.165769
0.138	0.168979
0.141	0.172189
0.144	0.1754
0.147	0.17861
0.15	0.181821
0.153	0.185032
0.156	0.188243
0.159	0.191454
0.162	0.194666
0.165	0.197877
0.168	0.201089
0.171	0.204301
0.174	0.207513
0.177	0.210725
0.18	0.213937
0.183	0.217149
0.186	0.220361
0.189	0.223574
0.192	0.226787
0.195	0.23
0.198	0.233213
0.201	0.236426
0.204	0.239639
0.207	0.242852
0.21	0.246066
0.213	0.24928
0.216	0.252493
0.219	0.255707
0.222	0.258922
0.225	0.262136
0.228	0.26535
0.231	0.268565
0.234	0.271779
0.237	0.274994
0.24	0.278209
0.243	0.281424
0.246	0.284639
0.249	0.287855
0.252	0.29107
0.255	0.294286
0.258	0.297501
0.261	0.300717
0.264	0.303933
0.267	0.307149
0.27	0.310366
0.273	0.313582
0.276	0.316799
0.279	0.320015
0.282	0.323232
0.285	0.326449
0.288	0.329666
0.291	0.332884
0.294	0.336101
0.297	0.339319
0.3	0.342536
0.303	0.345754
0.306	0.348972
0.309	0.35219
0.312	0.355408
0.315	0.358627
0.318	0.361845
0.321	0.365064
0.324	0.368283
0.327	0.371502
0.33	0.374721
0.333	0.37794
0.336	0.381159
0.339	0.384379
0.342	0.387598
0.345	0.390818
0.348	0.394038
0.351	0.397258
0.354	0.400478
0.357	0.403698
0.36	0.406919
0.363	0.410139
0.366	0.41336
0.369	0.416581
0.372	0.419802
0.375	0.423023
0.378	0.426244
0.381	0.429466
0.384	0.432687
0.387	0.435909
0.39	0.439131
0.393	0.442353
0.396	0.445575
0.399	0.448797
0.402	0.452019
0.405	0.455242
0.408	0.458464
0.411	0.461687
0.414	0.46491
0.417	0.468133
0.42	0.471345
0.423	0.474546
0.426	0.476701
0.429	0.478326
0.432	0.480536
0.435	0.482747
0.438	0.484957
0.441	0.487167
0.444	0.489378
0.447	0.491588
0.45	0.493798
0.453	0.496008
0.456	0.498218
0.459	0.500428
0.462	0.502638
0.465	0.504848
0.468	0.507058
0.471	0.509268
0.474	0.511477
0.477	0.513687
0.48	0.515897
0.483	0.518106
0.486	0.520316
0.489	0.522525
0.492	0.524735
0.495	0.526944
0.498	0.529153
0.501	0.531363
0.504	0.533572
0.507	0.535781
0.51	0.53799
0.513	0.540199
0.516	0.542408
0.519	0.544617
0.522	0.546826
0.525	0.549035
0.528	0.551244
0.531	0.553453
0.534	0.555661
0.537	0.55787
0.54	0.560079
0.543	0.562287
0.546	0.564496
0.549	0.566704
0.552	0.568912
0.555	0.571121
0.558	0.573329
0.561	0.575537
0.564	0.577746
0.567	0.579954
0.57	0.582162
0.573	0.58437
0.576	0.586578
0.579	0.588786
0.582	0.590994
0.585	0.593202
0.588	0.595409
0.591	0.597617
0.594	0.599825
0.597	0.602032
0.6	0.60424
0.603	0.606447
0.606	0.608655
0.609	0.610862
0.612	0.61307
0.615	0.615277
0.618	0.617484
0.621	0.619692
0.624	0.621899
0.627	0.624106
0.63	0.626313
0.633	0.62852
0.636	0.630727
0.639	0.632934
0.642	0.635141
0.645	0.637348
0.648	0.639554
0.651	0.641761
0.654	0.643968
0.657	0.646174
0.66	0.648381
0.663	0.650587
0.666	0.652794
0.669	0.655
0.672	0.657207
0.675	0.659413
0.678	0.661619
0.681	0.663825
0.684	0.666032
0.687	0.668238
0.69	0.670444
0.693	0.67265
0.696	0.674856
0.699	0.677062
0.702	0.679267
0.705	0.681473
0.708	0.683679
0.711	0.685885
0.714	0.68809
0.717	0.690296
0.72	0.692501
0.723	0.694707
0.726	0.696912
0.729	0.699118
0.732	0.701323
0.735	0.703528
0.738	0.705734
0.741	0.707939
0.744	0.710144
0.747	0.712349
0.75	0.714554
0.753	0.716759
0.756	0.718964
0.759	0.721169
0.762	0.723374
0.765	0.725578
0.768	0.727783
0.771	0.729988
0.774	0.732192
0.777	0.734397
0.78	0.736601
0.783	0.738806
0.786	0.74101
0.789	0.743215
0.792	0.745419
0.795	0.747623
0.798	0.749827
0.801	0.752032
0.804	0.754236
0.807	0.75644
0.81	0.758644
0.813	0.760848
0.816	0.763052
0.819	0.765256
0.822	0.767459
0.825	0.769663
0.828	0.771867
0.831	0.77407
0.834	0.776274
0.837	0.778478
0.84	0.780681
0.843	0.782885
0.846	0.785088
0.849	0.787291
0.852	0.787355
0.855	0.788514
0.858	0.790207
0.861	0.791903
0.864	0.7936
0.867	0.795296
0.87	0.796993
0.873	0.798689
0.876	0.800386
0.879	0.802082
0.882	0.803779
0.885	0.805475
0.888	0.807172
0.891	0.808869
0.894	0.810565
0.897	0.812262
0.9	0.813959
0.903	0.815656
0.906	0.817353
0.909	0.819049
0.912	0.820746
0.915	0.822443
0.918	0.82414
0.921	0.825837
0.924	0.827534
0.927	0.829231
0.93	0.830928
0.933	0.832626
0.936	0.834323
0.939	0.83602
0.942	0.837717
0.945	0.839415
0.948	0.841112
0.951	0.842809
0.954	0.844507
0.957	0.846204
0.96	0.847902
0.963	0.849599
0.966	0.851297
0.969	0.852994
0.972	0.854692
0.975	0.856389
0.978	0.858087
0.981	0.859785
0.984	0.861482
0.987	0.86318
0.99	0.864878
0.993	0.866576
0.996	0.868274
0.999	0.869972
1.002	0.871669
1.005	0.873367
1.008	0.875065
1.011	0.876763
1.014	0.878462
1.017	0.88016
1.02	0.881858
1.023	0.883556
1.026	0.885254
1.029	0.886952
1.032	0.888651
1.035	0.890349
1.038	0.892047
1.041	0.893746
1.044	0.895444
1.047	0.897143
1.05	0.898841
1.053	0.90054
1.056	0.902238
1.059	0.903937
1.062	0.905635
1.065	0.907334
1.068	0.909033
1.071	0.910731
1.074	0.91243
1.077	0.914129
1.08	0.915828
1.083	0.917527
1.086	0.919225
1.089	0.920924
1.092	0.922623
1.095	0.924322
1.098	0.926021
1.101	0.92772
1.104	0.929419
1.107	0.931119
1.11	0.932818
1.113	0.934517
1.116	0.936216
1.119	0.937915
1.122	0.939615
1.125	0.941314
1.128	0.943013
1.131	0.944713
1.134	0.946412
1.137	0.948112
1.14	0.949811
1.143	0.951511
1.146	0.95321
1.149	0.95491
1.152	0.95661
1.155	0.958309
1.158	0.960009
1.161	0.961709
1.164	0.963408
1.167	0.965108
1.17	0.966808
1.173	0.968508
1.176	0.970208
1.179	0.971908
1.182	0.973608
1.185	0.975308
1.188	0.977008
1.191	0.978708
1.194	0.980408
1.197	0.982108
1.2	0.983808
1.203	0.985509
1.206	0.987209
1.209	0.988909
1.212	0.990609
1.215	0.99231
1.218	0.99401
1.221	0.995711
1.224	0.997411
1.227	0.999112
1.23	1.00081
1.233	1.00251
1.236	1.00421
1.239	1.00591
1.242	1.00761
1.245	1.00932
1.248	1.01102
1.251	1.01272
1.254	1.01442
1.257	1.01612
1.26	1.01782
1.263	1.01952
1.266	1.02122
1.269	1.02292
1.272	1.02462
1.275	1.02632
1.278	1.02803
1.281	1.02973
1.284	1.03143
1.287	1.03157
1.29	1.03158
1.293	1.03158
1.296	1.03159
1.299	1.03159
1.302	1.0316
1.305	1.0316
1.308	1.03161
1.311	1.03161
1.314	1.03162
1.317	1.03162
1.32	1.03163
1.323	1.03163
1.326	1.03164
1.329	1.03164
1.332	1.03165
1.335	1.03165
1.338	1.03166
1.341	1.03166
1.344	1.03167
1.347	1.03167
1.35	1.03168
1.353	1.03168
1.356	1.03168
1.359	1.03169
1.362	1.03169
1.365	1.0317
1.368	1.0317
1.371	1.03171
1.374	1.03171
1.377	1.03172
1.38	1.03172
1.383	1.03173
1.386	1.03173
1.389	1.03174
1.392	1.03174
1.395	1.03175
1.398	1.03175
1.401	1.03176
1.404	1.03176
1.407	1.03177
1.41	1.03177
1.413	1.03178
1.416	1.03178
1.419	1.03179
1.422	1.03179
1.425	1.0318
1.428	1.0318
1.431	1.0318
1.434	1.03181
1.437	1.03181
1.44	1.03182
1.443	1.03182
1.446	1.03183
1.449	1.03183
1.452	1.03184
1.455	1.03184
1.458	1.03185
1.461	1.03185
1.464	1.03186
1.467	1.03186
1.47	1.03187
1.473	1.03187
1.476	1.03188
1.479	1.03188
1.482	1.03189
1.485	1.03189
1.488	1.0319
1.491	1.0319
1.494	1.03191
1.497	1.03191
1.5	1.03191
1.503	1.03192
1.506	1.03192
1.509	1.03193
1.512	1.03193
1.515	1.03194
1.518	1.03194
1.521	1.03195
1.524	1.03195
1.527	1.03196
1.53	1.03196
1.533	1.03197
1.536	1.03197
1.539	1.03198
1.542	1.03198
1.545	1.03199
1.548	1.03199
1.551	1.032
1.554	1.032
1.557	1.03201
1.56	1.03201
1.563	1.03202
1.566	1.03202
1.569	1.03202
1.572	1.03203
1.575	1.03203
1.578	1.03204
1.581	1.03204
1.584	1.03205
1.587	1.03205
1.59	1.03206
1.593	1.03206
1.596	1.03207
1.599	1.03207
1.602	1.03208
1.605	1.03208
1.608	1.03209
1.611	1.03209
1.614	1.0321
1.617	1.0321
1.62	1.03211
1.623	1.03211
1.626	1.03212
1.629	1.03212
1.632	1.03213
1.635	1.03213
1.638	1.03214
1.641	1.03214
1.644	1.03214
1.647	1.03215
1.65	1.03215
1.653	1.03216
1.656	1.03216
1.659	1.03217
1.662	1.03217
1.665	1.03218
1.668	1.03218
1.671	1.03219
1.674	1.03219
1.677	1.0322
1.68	1.0322
1.683	1.03221
1.686	1.03221
1.689	1.03222
1.692	1.03222
1.695	1.03223
1.698	1.03223
1.701	1.03224
1.704	1.03224
1.707	1.03225
1.71	1.03225
1.713	1.03225
1.716	1.03225
1.719	1.03147
1.722	1.03043
1.725	1.02939
1.728	1.02835
1.731	1.02731
1.734	1.02627
1.737	1.02523
1.74	1.02419
1.743	1.02315
1.746	1.02211
1.749	1.02108
1.752	1.02004
1.755	1.019
1.758	1.01796
1.761	1.01692
1.764	1.01588
1.767	1.01484
1.77	1.0138
1.773	1.01277
1.776	1.01173
1.779	1.01069
1.782	1.00965
1.785	1.00861
1.788	1.00757
1.791	1.00653
1.794	1.0055
1.797	1.00446
1.8	1.00342
1.803	1.00238
1.806	1.00134
1.809	1.0003
1.812	0.999264
1.815	0.998226
1.818	0.997188
1.821	0.996149
1.824	0.995111
1.827	0.994073
1.83	0.993034
1.833	0.991996
1.836	0.990958
1.839	0.98992
1.842	0.988881
1.845	0.987843
1.848	0.986805
1.851	0.985767
1.854	0.984729
1.857	0.983691
1.86	0.982653
1.863	0.981615
1.866	0.980577
1.869	0.979539
1.872	0.978501
1.875	0.977463
1.878	0.976425
1.881	0.975387
1.884	0.974349
1.887	0.973312
1.89	0.972274
1.893	0.971236
1.896	0.970198
1.899	0.969161
1.902	0.968123
1.905	0.967085
1.908	0.966047
1.911	0.96501
1.914	0.963972
1.917	0.962935
1.92	0.961897
1.923	0.960859
1.926	0.959822
1.929	0.958784
1.932	0.957747
1.935	0.956709
1.938	0.955672
1.941	0.954635
1.944	0.953597
1.947	0.95256
1.95	0.951522
1.953	0.950485
1.956	0.949448
1.959	0.948411
1.962	0.947373
1.965	0.946336
1.968	0.945299
1.971	0.944262
1.974	0.943224
1.977	0.942187
1.98	0.94115
1.983	0.940113
1.986	0.939076
1.989	0.938039
1.992	0.937002
1.995	0.935965
1.998	0.934928
2.001	0.933891
2.004	0.932854
2.007	0.931817
2.01	0.93078
2.013	0.929743
2.016	0.928706
2.019	0.92767
2.022	0.926633
2.025	0.925596
2.028	0.924559
2.031	0.923523
2.034	0.922486
2.037	0.921449
2.04	0.920412
2.043	0.919376
2.046	0.918339
2.049	0.917303
2.052	0.916266
2.055	0.91523
2.058	0.914193
2.061	0.913156
2.064	0.91212
2.067	0.911084
2.07	0.910047
2.073	0.909011
2.076	0.907974
2.079	0.906938
2.082	0.905902
2.085	0.904865
2.088	0.903829
2.091	0.902793
2.094	0.901756
2.097	0.90072
2.1	0.899684
2.103	0.898648
2.106	0.897612
2.109	0.896575
2.112	0.895539
2.115	0.894503
2.118	0.893467
2.121	0.892431
2.124	0.891395
2.127	0.890359
2.13	0.889323
2.133	0.888287
2.136	0.887251
2.139	0.886215
2.142	0.885341
2.145	0.883315
2.148	0.881289
2.151	0.879262
2.154	0.877235
2.157	0.875207
2.16	0.87318
2.163	0.871154
2.166	0.869127
2.169	0.8671
2.172	0.865073
2.175	0.863047
2.178	0.86102
2.181	0.858994
2.184	0.856967
2.187	0.854941
2.19	0.852915
2.193	0.850888
2.196	0.848862
2.199	0.846836
2.202	0.84481
2.205	0.842785
2.208	0.840759
2.211	0.838733
2.214	0.836708
2.217	0.834682
2.22	0.832657
2.223	0.830631
2.226	0.828606
2.229	0.826581
2.232	0.824556
2.235	0.822531
2.238	0.820506
2.241	0.818481
2.244	0.816456
2.247	0.814432
2.25	0.812407
2.253	0.810382
2.256	0.808358
2.259	0.806334
2.262	0.804309
2.265	0.802285
2.268	0.800261
2.271	0.798237
2.274	0.796213
2.277	0.794189
2.28	0.792165
2.283	0.790141
2.286	0.788118
2.289	0.786094
2.292	0.784071
2.295	0.782047
2.298	0.780024
2.301	0.778001
2.304	0.775978
2.307	0.773954
2.31	0.771931
2.313	0.769908
2.316	0.767886
2.319	0.765863
2.322	0.76384
2.325	0.761818
2.328	0.759795
2.331	0.757773
2.334	0.75575
2.337	0.753728
2.34	0.751706
2.343	0.749684
2.346	0.747661
2.349	0.745639
2.352	0.743618
2.355	0.741596
2.358	0.739574
2.361	0.737552
2.364	0.735531
2.367	0.733509
2.37	0.731488
2.373	0.729467
2.376	0.727445
2.379	0.725424
2.382	0.723403
2.385	0.721382
2.388	0.719361
2.391	0.71734
2.394	0.715319
2.397	0.713299
2.4	0.711278
2.403	0.709258
2.406	0.707237
2.409	0.705217
2.412	0.703197
2.415	0.701176
2.418	0.699156
2.421	0.697136
2.424	0.695116
2.427	0.693096
2.43	0.691076
2.433	0.689057
2.436	0.687037
2.439	0.685017
2.442	0.682998
2.445	0.680979
2.448	0.678959
2.451	0.67694
2.454	0.674921
2.457	0.672902
2.46	0.670883
2.463	0.668864
2.466	0.666845
2.469	0.664826
2.472	0.662807
2.475	0.660789
2.478	0.65877
2.481	0.656752
2.484	0.654733
2.487	0.652715
2.49	0.650697
2.493	0.648679
2.496	0.646661
2.499	0.644643
2.502	0.642625
2.505	0.640607
2.508	0.638589
2.511	0.636572
2.514	0.634554
2.517	0.632537
2.52	0.630519
2.523	0.628502
2.526	0.626485
2.529	0.624467
2.532	0.62245
2.535	0.620433
2.538	0.618416
2.541	0.6164
2.544	0.614383
2.547	0.612366
2.55	0.610349
2.553	0.608333
2.556	0.606316
2.559	0.6043
2.562	0.602284
2.565	0.600268
2.568	0.598251
2.571	0.594368
2.574	0.590087
2.577	0.587488
2.58	0.584889
2.583	0.58229
2.586	0.579691
2.589	0.577091
2.592	0.574492
2.595	0.571892
2.598	0.569292
2.601	0.566692
2.604	0.564092
2.607	0.561492
2.61	0.558892
2.613	0.556291
2.616	0.553691
2.619	0.55109
2.622	0.548489
2.625	0.545888
2.628	0.543287
2.631	0.540686
2.634	0.538084
2.637	0.535483
2.64	0.532881
2.643	0.53028
2.646	0.527678
2.649	0.525076
2.652	0.522474
2.655	0.519871
2.658	0.517269
2.661	0.514667
2.664	0.512064
2.667	0.509461
2.67	0.506858
2.673	0.504255
2.676	0.501652
2.679	0.499049
2.682	0.496446
2.685	0.493842
2.688	0.491238
2.691	0.488635
2.694	0.486031
2.697	0.483427
2.7	0.480823
2.703	0.478218
2.706	0.475614
2.709	0.473009
2.712	0.470405
2.715	0.4678
2.718	0.465195
2.721	0.46259
2.724	0.459985
2.727	0.457379
2.73	0.454774
2.733	0.452169
2.736	0.449563
2.739	0.446957
2.742	0.444351
2.745	0.441745
2.748	0.439139
2.751	0.436532
2.754	0.433926
2.757	0.431319
2.76	0.428713
2.763	0.426106
2.766	0.423499
2.769	0.420892
2.772	0.418285
2.775	0.415677
2.778	0.41307
2.781	0.410462
2.784	0.407854
2.787	0.405247
2.79	0.402639
2.793	0.40003
2.796	0.397422
2.799	0.394814
2.802	0.392205
2.805	0.389597
2.808	0.386988
2.811	0.384379
2.814	0.38177
2.817	0.379161
2.82	0.376552
2.823	0.373942
2.826	0.371333
2.829	0.368723
2.832	0.366113
2.835	0.363503
2.838	0.360893
2.841	0.358283
2.844	0.355673
2.847	0.353062
2.85	0.350452
2.853	0.347841
2.856	0.34523
2.859	0.342619
2.862	0.340008
2.865	0.337397
2.868	0.334786
2.871	0.332174
2.874	0.329563
2.877	0.326951
2.88	0.324339
2.883	0.321727
2.886	0.319115
2.889	0.316503
2.892	0.313891
2.895	0.311278
2.898	0.308665
2.901	0.306053
2.904	0.30344
2.907	0.300827
2.91	0.298214
2.913	0.2956
2.916	0.292987
2.919	0.290374
2.922	0.28776
2.925	0.285146
2.928	0.282532
2.931	0.279918
2.934	0.277304
2.937	0.27469
2.94	0.272075
2.943	0.269461
2.946	0.266846
2.949	0.264231
2.952	0.261616
2.955	0.259001
2.958	0.256386
2.961	0.253771
2.964	0.251155
2.967	0.24854
2.97	0.245924
2.973	0.243308
2.976	0.240692
2.979	0.238076
2.982	0.23546
2.985	0.232844
2.988	0.230227
2.991	0.227611
2.994	0.224254
2.997	0.220218
3	0.216941
3.003	0.213657
3.006	0.210373
3.009	0.207089
3.012	0.203805
3.015	0.200521
3.018	0.197237
3.021	0.193953
3.024	0.190669
3.027	0.187385
3.03	0.184101
3.033	0.180817
3.036	0.177533
3.039	0.174249
3.042	0.170965
3.045	0.16768
3.048	0.164396
3.051	0.161112
3.054	0.157828
3.057	0.154544
3.06	0.151259
3.063	0.147975
3.066	0.144691
3.069	0.141406
3.072	0.138122
3.075	0.134838
3.078	0.131553
3.081	0.128269
3.084	0.124985
3.087	0.1217
3.09	0.118416
3.093	0.115131
3.096	0.111847
3.099	0.108562
3.102	0.105278
3.105	0.101993
3.108	0.0987087
3.111	0.0954242
3.114	0.0921396
3.117	0.088855
3.12	0.0855704
3.123	0.0822857
3.126	0.0790011
3.129	0.0757164
3.132	0.0724317
3.135	0.069147
3.138	0.0658622
3.141	0.0625775
3.144	0.0592927
3.147	0.0560079
3.15	0.0527231
3.153	0.0494383
3.156	0.0461535
3.159	0.0428686
3.162	0.0395837
3.165	0.0362988
3.168	0.0330139
3.171	0.029729
3.174	0.026444
3.177	0.0231591
3.18	0.0198741
3.183	0.0165891
3.186	0.0133041
3.189	0.010019
3.192	0.00673396
3.195	0.00344888
3.198	0.000163784
3.201	-0.00312133
3.204	-0.00640646
3.207	-0.00969161
3.21	-0.0129768
3.213	-0.016262
3.216	-0.0195472
3.219	-0.0228324
3.222	-0.0261176
3.225	-0.0294029
3.228	-0.0326882
3.231	-0.0359735
3.234	-0.0392588
3.237	-0.0425441
3.24	-0.0458294
3.243	-0.0491148
3.246	-0.0524002
3.249	-0.0556856
3.252	-0.058971
3.255	-0.0622565
3.258	-0.0655419
3.261	-0.0688274
3.264	-0.0721129
3.267	-0.0753984
3.27	-0.0786839
3.273	-0.0819695
3.276	-0.085255
3.279	-0.0885406
3.282	-0.0918262
3.285	-0.0951119
3.288	-0.0983975
3.291	-0.101683
3.294	-0.104969
3.297	-0.108255
3.3	-0.11154
3.303	-0.114826
3.306	-0.118112
3.309	-0.121397
3.312	-0.124683
3.315	-0.127969
3.318	-0.131255
3.321	-0.134541
3.324	-0.137827
3.327	-0.141112
3.33	-0.144398
3.333	-0.147684
3.336	-0.15097
3.339	-0.154256
3.342	-0.157542
3.345	-0.160828
3.348	-0.164114
3.351	-0.1674
3.354	-0.170686
3.357	-0.173972
3.36	-0.177258
3.363	-0.180544
3.366	-0.18383
3.369	-0.187117
3.372	-0.190403
3.375	-0.193689
3.378	-0.196975
3.381	-0.200261
3.384	-0.203548
3.387	-0.206834
3.39	-0.21012
3.393	-0.213406
3.396	-0.216693
3.399	-0.219979
3.402	-0.223265
3.405	-0.226552
3.408	-0.229838
3.411	-0.233124
3.414	-0.236411
3.417	-0.239697
3.42	-0.242984
3.423	-0.24716
3.426	-0.25271
3.429	-0.255038
3.432	-0.257366
3.435	-0.259694
3.438	-0.262022
3.441	-0.26435
3.444	-0.266678
3.447	-0.269006
3.45	-0.271334
3.453	-0.273661
3.456	-0.275989
3.459	-0.278317
3.462	-0.280645
3.465	-0.282973
3.468	-0.285301
3.471	-0.287629
3.474	-0.289956
3.477	-0.292284
3.48	-0.294612
3.483	-0.29694
3.486	-0.299267
3.489	-0.301595
3.492	-0.303923
3.495	-0.306251
3.498	-0.308578
3.501	-0.310906
3.504	-0.313234
3.507	-0.315561
3.51	-0.317889
3.513	-0.320217
3.516	-0.322544
3.519	-0.324872
3.522	-0.327199
3.525	-0.329527
3.528	-0.331854
3.531	-0.334182
3.534	-0.33651
3.537	-0.338837
3.54	-0.341165
3.543	-0.343492
3.546	-0.345819
3.549	-0.348147
3.552	-0.350474
3.555	-0.352802
3.558	-0.355129
3.561	-0.357457
3.564	-0.359784
3.567	-0.362111
3.57	-0.364439
3.573	-0.366766
3.576	-0.369093
3.579	-0.371421
3.582	-0.373748
3.585	-0.376075
3.588	-0.378402
3.591	-0.38073
3.594	-0.383057
3.597	-0.385384
3.6	-0.387711
3.603	-0.390039
3.606	-0.392366
3.609	-0.394693
3.612	-0.39702
3.615	-0.399347
3.618	-0.401674
3.621	-0.404001
3.624	-0.406328
3.627	-0.408656
3.63	-0.410983
3.633	-0.41331
3.636	-0.415637
3.639	-0.417964
3.642	-0.420291
3.645	-0.422618
3.648	-0.424945
3.651	-0.427272
3.654	-0.429599
3.657	-0.431925
3.66	-0.434252
3.663	-0.436579
3.666	-0.438906
3.669	-0.441233
3.672	-0.44356
3.675	-0.445887
3.678	-0.448214
3.681	-0.45054
3.684	-0.452867
3.687	-0.455194
3.69	-0.457521
3.693	-0.459848
3.696	-0.462174
3.699	-0.464501
3.702	-0.466828
3.705	-0.469154
3.708	-0.471481
3.711	-0.473808
3.714	-0.476134
3.717	-0.478461
3.72	-0.480788
3.723	-0.483114
3.726	-0.485441
3.729	-0.487768
3.732	-0.490094
3.735	-0.492421
3.738	-0.494747
3.741	-0.497074
3.744	-0.4994
3.747	-0.501727
3.75	-0.504053
3.753	-0.50638
3.756	-0.508706
3.759	-0.511033
3.762	-0.513359
3.765	-0.515685
3.768	-0.518012
3.771	-0.520338
3.774	-0.522665
3.777	-0.524991
3.78	-0.527317
3.783	-0.529644
3.786	-0.53197
3.789	-0.534296
3.792	-0.536623
3.795	-0.538949
3.798	-0.541275
3.801	-0.543601
3.804	-0.545928
3.807	-0.548254
3.81	-0.55058
3.813	-0.552906
3.816	-0.555232
3.819	-0.557558
3.822	-0.559885
3.825	-0.562211
3.828	-0.564537
3.831	-0.566863
3.834	-0.569189
3.837	-0.571515
3.84	-0.573841
3.843	-0.576167
3.846	-0.578493
3.849	-0.580819
3.852	-0.582471
3.855	-0.58388
3.858	-0.585997
3.861	-0.588114
3.864	-0.590231
3.867	-0.592348
3.87	-0.594465
3.873	-0.596582
3.876	-0.5987
3.879	-0.600817
3.882	-0.602934
3.885	-0.605052
3.888	-0.607169
3.891	-0.609286
3.894	-0.611404
3.897	-0.613521
3.9	-0.615639
3.903	-0.617756
3.906	-0.619874
3.909	-0.621991
3.912	-0.624109
3.915	-0.626226
3.918	-0.628344
3.921	-0.630462
3.924	-0.632579
3.927	-0.634697
3.93	-0.636815
3.933	-0.638933
3.936	-0.641051
3.939	-0.643168
3.942	-0.645286
3.945	-0.647404
3.948	-0.649522
3.951	-0.65164
3.954	-0.653758
3.957	-0.655876
3.96	-0.657994
3.963	-0.660112
3.966	-0.66223
3.969	-0.664348
3.972	-0.666467
3.975	-0.668585
3.978	-0.670703
3.981	-0.672821
3.984	-0.67494
3.987	-0.677058
3.99	-0.679176
3.993	-0.681295
3.996	-0.683413
3.999	-0.685531
4.002	-0.68765
4.005	-0.689768
4.008	-0.691887
4.011	-0.694005
4.014	-0.696124
4.017	-0.698242
4.02	-0.700361
4.023	-0.70248
4.026	-0.704598
4.029	-0.706717
4.032	-0.708836
4.035	-0.710955
4.038	-0.713073
4.041	-0.715192
4.044	-0.717311
4.047	-0.71943
4.05	-0.721549
4.053	-0.723668
4.056	-0.725787
4.059	-0.727906
4.062	-0.730025
4.065	-0.732144
4.068	-0.734263
4.071	-0.736382
4.074	-0.738501
4.077	-0.74062
4.08	-0.74274
4.083	-0.744859
4.086	-0.746978
4.089	-0.749097
4.092	-0.751217
4.095	-0.753336
4.098	-0.755455
4.101	-0.757575
4.104	-0.759694
4.107	-0.761814
4.11	-0.763933
4.113	-0.766053
4.116	-0.768172
4.119	-0.770292
4.122	-0.772411
4.125	-0.774531
4.128	-0.776651
4.131	-0.77877
4.134	-0.78089
4.137	-0.78301
4.14	-0.78513
4.143	-0.787249
4.146	-0.789369
4.149	-0.791489
4.152	-0.793609
4.155	-0.795729
4.158	-0.797849
4.161	-0.799969
4.164	-0.802089
4.167	-0.804209
4.17	-0.806329
4.173	-0.808449
4.176	-0.810569
4.179	-0.812689
4.182	-0.814809
4.185	-0.81693
4.188	-0.81905
4.191	-0.82117
4.194	-0.82329
4.197	-0.825411
4.2	-0.827531
4.203	-0.829651
4.206	-0.831772
4.209	-0.833892
4.212	-0.836013
4.215	-0.838133
4.218	-0.840254
4.221	-0.842374
4.224	-0.844495
4.227	-0.846615
4.23	-0.848736
4.233	-0.850857
4.236	-0.852977
4.239	-0.855098
4.242	-0.857219
4.245	-0.85934
4.248	-0.861461
4.251	-0.863581
4.254	-0.865702
4.257	-0.867823
4.26	-0.869944
4.263	-0.872065
4.266	-0.874186
4.269	-0.876307
4.272	-0.878428
4.275	-0.880549
4.278	-0.88267
4.281	-0.883473
4.284	-0.883729
4.287	-0.884031
4.29	-0.884333
4.293	-0.884635
4.296	-0.884938
4.299	-0.88524
4.302	-0.885542
4.305	-0.885844
4.308	-0.886146
4.311	-0.886448
4.314	-0.88675
4.317	-0.887052
4.32	-0.887354
4.323	-0.887656
4.326	-0.887958
4.329	-0.88826
4.332	-0.888562
4.335	-0.888864
4.338	-0.889166
4.341	-0.889468
4.344	-0.88977
4.347	-0.890071
4.35	-0.890373
4.353	-0.890675
4.356	-0.890977
4.359	-0.891279
4.362	-0.891581
4.365	-0.891883
4.368	-0.892185
4.371	-0.892487
4.374	-0.892789
4.377	-0.893091
4.38	-0.893393
4.383	-0.893694
4.386	-0.893996
4.389	-0.894298
4.392	-0.8946
4.395	-0.894902
4.398	-0.895204
4.401	-0.895506
4.404	-0.895808
4.407	-0.896109
4.41	-0.896411
4.413	-0.896713
4.416	-0.897015
4.419	-0.897317
4.422	-0.897618
4.425	-0.89792
4.428	-0.898222
4.431	-0.898524
4.434	-0.898826
4.437	-0.899127
4.44	-0.899429
4.443	-0.899731
4.446	-0.900033
4.449	-0.900335
4.452	-0.900636
4.455	-0.900938
4.458	-0.90124
4.461	-0.901542
4.464	-0.901843
4.467	-0.902145
4.47	-0.902447
4.473	-0.902748
4.476	-0.90305
4.479	-0.903352
4.482	-0.903654
4.485	-0.903955
4.488	-0.904257
4.491	-0.904559
4.494	-0.90486
4.497	-0.905162
4.5	-0.905464
4.503	-0.905765
4.506	-0.906067
4.509	-0.906369
4.512	-0.90667
4.515	-0.906972
4.518	-0.907274
4.521	-0.907575
4.524	-0.907877
4.527	-0.908179
4.53	-0.90848
4.533	-0.908782
4.536	-0.909083
4.539	-0.909385
4.542	-0.909687
4.545	-0.909988
4.548	-0.91029
4.551	-0.910591
4.554	-0.910893
4.557	-0.911194
4.56	-0.911496
4.563	-0.911798
4.566	-0.912099
4.569	-0.912401
4.572	-0.912702
4.575	-0.913004
4.578	-0.913305
4.581	-0.913607
4.584	-0.913908
4.587	-0.91421
4.59	-0.914511
4.593	-0.914813
4.596	-0.915114
4.599	-0.915416
4.602	-0.915717
4.605	-0.916019
4.608	-0.91632
4.611	-0.916622
4.614	-0.916923
4.617	-0.917225
4.62	-0.917526
4.623	-0.917827
4.626	-0.918129
4.629	-0.91843
4.632	-0.918732
4.635	-0.919033
4.638	-0.919335
4.641	-0.919636
4.644	-0.919937
4.647	-0.920239
4.65	-0.92054
4.653	-0.920842
4.656	-0.921143
4.659	-0.921444
4.662	-0.921746
4.665	-0.922047
4.668	-0.922348
4.671	-0.92265
4.674	-0.922951
4.677	-0.923253
4.68	-0.923554
4.683	-0.923855
4.686	-0.924157
4.689	-0.924458
4.692	-0.924759
4.695	-0.925061
4.698	-0.925362
4.701	-0.925663
4.704	-0.925964
4.707	-0.926266
4.71	-0.926303
4.713	-0.926108
4.716	-0.92578
4.719	-0.925453
4.722	-0.925126
4.725	-0.924799
4.728	-0.924472
4.731	-0.924145
4.734	-0.923818
4.737	-0.923491
4.74	-0.923164
4.743	-0.922837
4.746	-0.92251
4.749	-0.922183
4.752	-0.921856
4.755	-0.921529
4.758	-0.921202
4.761	-0.920875
4.764	-0.920548
4.767	-0.920221
4.77	-0.919894
4.773	-0.919567
4.776	-0.91924
4.779	-0.918913
4.782	-0.918586
4.785	-0.91826
4.788	-0.917933
4.791	-0.917606
4.794	-0.917279
4.797	-0.916952
4.8	-0.916625
4.803	-0.916299
4.806	-0.915972
4.809	-0.915645
4.812	-0.915318
4.815	-0.914992
4.818	-0.914665
4.821	-0.914338
4.824	-0.914011
4.827	-0.913685
4.83	-0.913358
4.833	-0.913031
4.836	-0.912705
4.839	-0.912378
4.842	-0.912051
4.845	-0.911725
4.848	-0.911398
4.851	-0.911072
4.854	-0.910745
4.857	-0.910418
4.86	-0.910092
4.863	-0.909765
4.866	-0.909439
4.869	-0.909112
4.872	-0.908786
4.875	-0.908459
4.878	-0.908133
4.881	-0.907806
4.884	-0.90748
4.887	-0.907153
4.89	-0.906827
4.893	-0.9065
4.896	-0.906174
4.899	-0.905848
4.902	-0.905521
4.905	-0.905195
4.908	-0.904868
4.911	-0.904542
4.914	-0.904216
4.917	-0.903889
4.92	-0.903563
4.923	-0.903237
4.926	-0.90291
4.929	-0.902584
4.932	-0.902258
4.935	-0.901932
4.938	-0.901605
4.941	-0.901279
4.944	-0.900953
4.947	-0.900627
4.95	-0.9003
4.953	-0.899974
4.956	-0.899648
4.959	-0.899322
4.962	-0.898996
4.965	-0.89867
4.968	-0.898343
4.971	-0.898017
4.974	-0.897691
4.977	-0.897365
4.98	-0.897039
4.983	-0.896713
4.986	-0.896387
4.989	-0.896061
4.992	-0.895735
4.995	-0.895409
4.998	-0.895083
5.001	-0.894757
5.004	-0.894431
5.007	-0.894105
5.01	-0.893779
5.013	-0.893453
5.016	-0.893127
5.019	-0.892801
5.022	-0.892475
5.025	-0.892149
5.028	-0.891823
5.031	-0.891497
5.034	-0.891171
5.037	-0.890845
5.04	-0.89052
5.043	-0.890194
5.046	-0.889868
5.049	-0.889542
5.052	-0.889216
5.055	-0.888891
5.058	-0.888565
5.061	-0.888239
5.064	-0.887913
5.067	-0.887587
5.07	-0.887262
5.073	-0.886936
5.076	-0.88661
5.079	-0.886285
5.082	-0.885959
5.085	-0.885633
5.088	-0.885308
5.091	-0.884982
5.094	-0.884656
5.097	-0.884331
5.1	-0.884005
5.103	-0.883679
5.106	-0.883354
5.109	-0.883028
5.112	-0.882703
5.115	-0.882377
5.118	-0.882052
5.121	-0.881726
5.124	-0.881401
5.127	-0.881075
5.13	-0.88075
5.133	-0.880424
5.136	-0.8801
5.139	-0.878254
5.142	-0.876512
5.145	-0.87477
5.148	-0.873029
5.151	-0.871287
5.154	-0.869545
5.157	-0.867803
5.16	-0.866062
5.163	-0.86432
5.166	-0.862578
5.169	-0.860836
5.172	-0.859094
5.175	-0.857352
5.178	-0.85561
5.181	-0.853868
5.184	-0.852126
5.187	-0.850384
5.19	-0.848642
5.193	-0.8469
5.196	-0.845158
5.199	-0.843416
5.202	-0.841673
5.205	-0.839931
5.208	-0.838189
5.211	-0.836447
5.214	-0.834704
5.217	-0.832962
5.22	-0.83122
5.223	-0.829477
5.226	-0.827735
5.229	-0.825992
5.232	-0.82425
5.235	-0.822507
5.238	-0.820765
5.241	-0.819022
5.244	-0.81728
5.247	-0.815537
5.25	-0.813795
5.253	-0.812052
5.256	-0.810309
5.259	-0.808566
5.262	-0.806824
5.265	-0.805081
5.268	-0.803338
5.271	-0.801595
5.274	-0.799852
5.277	-0.79811
5.28	-0.796367
5.283	-0.794624
5.286	-0.792881
5.289	-0.791138
5.292	-0.789395
5.295	-0.787652
5.298	-0.785909
5.301	-0.784166
5.304	-0.782422
5.307	-0.780679
5.31	-0.778936
5.313	-0.777193
5.316	-0.77545
5.319	-0.773706
5.322	-0.771963
5.325	-0.77022
5.328	-0.768476
5.331	-0.766733
5.334	-0.76499
5.337	-0.763246
5.34	-0.761503
5.343	-0.759759
5.346	-0.758016
5.349	-0.756272
5.352	-0.754529
5.355	-0.752785
5.358	-0.751041
5.361	-0.749298
5.364	-0.747554
5.367	-0.74581
5.37	-0.744067
5.373	-0.742323
5.376	-0.740579
5.379	-0.738835
5.382	-0.737091
5.385	-0.735347
5.388	-0.733604
5.391	-0.73186
5.394	-0.730116
5.397	-0.728372
5.4	-0.726628
5.403	-0.724884
5.406	-0.72314
5.409	-0.721395
5.412	-0.719651
5.415	-0.717907
5.418	-0.716163
5.421	-0.714419
5.424	-0.712675
5.427	-0.71093
5.43	-0.709186
5.433	-0.707442
5.436	-0.705697
5.439	-0.703953
5.442	-0.702209
5.445	-0.700464
5.448	-0.69872
5.451	-0.696975
5.454	-0.695231
5.457	-0.693486
5.46	-0.691742
5.463	-0.689997
5.466	-0.688252
5.469	-0.686508
5.472	-0.684763
5.475	-0.683018
5.478	-0.681274
5.481	-0.679529
5.484	-0.677784
5.487	-0.676039
5.49	-0.674294
5.493	-0.67255
5.496	-0.670805
5.499	-0.66906
5.502	-0.667315
5.505	-0.66557
5.508	-0.663825
5.511	-0.66208
5.514	-0.660335
5.517	-0.65859
5.52	-0.656845
5.523	-0.655099
5.526	-0.653354
5.529	-0.651609
5.532	-0.649864
5.535	-0.648119
5.538	-0.646373
5.541	-0.644628
5.544	-0.642883
5.547	-0.641137
5.55	-0.639392
5.553	-0.637646
5.556	-0.635901
5.559	-0.634155
5.562	-0.632286
5.565	-0.629669
5.568	-0.627049
5.571	-0.624428
5.574	-0.621807
5.577	-0.619187
5.58	-0.616566
5.583	-0.613944
5.586	-0.611323
5.589	-0.608702
5.592	-0.60608
5.595	-0.603458
5.598	-0.600837
5.601	-0.598215
5.604	-0.595592
5.607	-0.59297
5.61	-0.590348
5.613	-0.587725
5.616	-0.585102
5.619	-0.58248
5.622	-0.579857
5.625	-0.577234
5.628	-0.57461
5.631	-0.571987
5.634	-0.569363
5.637	-0.56674
5.64	-0.564116
5.643	-0.561492
5.646	-0.558868
5.649	-0.556244
5.652	-0.553619
5.655	-0.550995
5.658	-0.54837
5.661	-0.545745
5.664	-0.54312
5.667	-0.540495
5.67	-0.53787
5.673	-0.535245
5.676	-0.532619
5.679	-0.529994
5.682	-0.527368
5.685	-0.524742
5.688	-0.522116
5.691	-0.51949
5.694	-0.516863
5.697	-0.514237
5.7	-0.51161
5.703	-0.508984
5.706	-0.506357
5.709	-0.50373
5.712	-0.501102
5.715	-0.498475
5.718	-0.495848
5.721	-0.49322
5.724	-0.490592
5.727	-0.487964
5.73	-0.485336
5.733	-0.482708
5.736	-0.48008
5.739	-0.477452
5.742	-0.474823
5.745	-0.472194
5.748	-0.469565
5.751	-0.466936
5.754	-0.464307
5.757	-0.461678
5.76	-0.459049
5.763	-0.456419
5.766	-0.453789
5.769	-0.451159
5.772	-0.448529
5.775	-0.445899
5.778	-0.443269
5.781	-0.440639
5.784	-0.438008
5.787	-0.435377
5.79	-0.432747
5.793	-0.430116
5.796	-0.427485
5.799	-0.424853
5.802	-0.422222
5.805	-0.41959
5.808	-0.416959
5.811	-0.414327
5.814	-0.411695
5.817	-0.409063
5.82	-0.406431
5.823	-0.403798
5.826	-0.401166
5.829	-0.398533
5.832	-0.3959
5.835	-0.393267
5.838	-0.390634
5.841	-0.388001
5.844	-0.385368
5.847	-0.382734
5.85	-0.380101
5.853	-0.377467
5.856	-0.374833
5.859	-0.372199
5.862	-0.369565
5.865	-0.36693
5.868	-0.364296
5.871	-0.361661
5.874	-0.359026
5.877	-0.356391
5.88	-0.353756
5.883	-0.351121
5.886	-0.348486
5.889	-0.34585
5.892	-0.343215
5.895	-0.340579
5.898	-0.337943
5.901	-0.335307
5.904	-0.332671
5.907	-0.330035
5.91	-0.327398
5.913	-0.324762
5.916	-0.322125
5.919	-0.319488
5.922	-0.316851
5.925	-0.314214
5.928	-0.311576
5.931	-0.308939
5.934	-0.306301
5.937	-0.303664
5.94	-0.301026
5.943	-0.298388
5.946	-0.29575
5.949	-0.293111
5.952	-0.290473
5.955	-0.287834
5.958	-0.285196
5.961	-0.282557
5.964	-0.279918
5.967	-0.277279
5.97	-0.274639
5.973	-0.272
5.976	-0.26936
5.979	-0.266721
5.982	-0.264081
5.985	-0.261441
5.988	-0.258801
5.991	-0.25616
5.994	-0.255613
5.997	-0.255613
