 Location  Dispersion    Centroids   Volume
-0.00241709   0.427359   0.0109095   0.998583
0.419475   0.429551   0.476752   1.00056
0.855496   0.428729   0.78754   1.0003
1.28239   0.429465   1.03157   1.00056
1.71164   0.429315   1.03244   1.00066
2.14513   0.428372   0.885765   1.00003
2.56828   0.426568   0.594595   0.998697
2.99735   0.428564   0.224121   0.999832
3.42219   0.428904   -0.249493   1.00023
3.85048   0.428651   -0.582595   1.00009
4.28215   0.429172   -0.88351   1.00033
4.71002   0.42857   -0.926989   1.00024
5.13454   0.426976   -0.879779   0.999169
5.56392   0.427653   -0.632471   0.999613
5.99147   0.429945   -0.255521   1.00109
