 Location  Dispersion    Centroids   Volume
0.00126863   0.0901031   0.029911   1.00619
0.209068   0.0866002   0.276679   0.995965
0.418319   0.0861301   0.451946   1.0043
0.62387   0.0739225   0.663261   0.996102
0.829541   0.077865   0.785899   0.99789
1.03263   0.0747753   0.918772   0.997879
1.24035   0.07273   0.997023   0.999498
1.44529   0.0747982   1.04115   1.00162
1.65408   0.0695831   1.0523   0.999216
1.86001   0.0718998   1.02159   1.00106
2.06491   0.0901172   0.950403   1.00545
2.28159   0.0945758   0.798933   1.00584
2.48607   0.074209   0.66105   0.993454
2.68535   0.070944   0.492501   0.988383
2.89034   0.0950323   0.321615   1.01071
3.10369   0.0786827   0.0949513   0.996981
3.3091   0.0954134   -0.12449   1.00424
3.5204   0.0846977   -0.338452   0.994466
3.72205   0.0802398   -0.513076   1.00201
3.92699   0.0677704   -0.649692   0.990452
4.12983   0.0855685   -0.784207   1.00662
4.33637   0.0717688   -0.890931   0.999154
4.54649   0.0743097   -0.949493   1.0023
4.75247   0.0721271   -0.946481   1.00059
4.96395   0.0786592   -0.932558   1.00335
5.1696   0.0668373   -0.83391   0.998383
5.37417   0.0613595   -0.736864   0.993957
5.5742   0.0769112   -0.612107   0.998606
5.77868   0.0722859   -0.451657   0.98952
5.98642   0.0985506   -0.239575   1.01532
