 Location  Dispersion    Centroids   Volume
0.00427929   0.0856849   -0.0435976   1.01522
0.204659   0.069665   0.184885   0.990974
0.414196   0.0671879   0.395837   0.992279
0.618245   0.0667962   0.587456   0.99335
0.8282   0.0699398   0.752585   0.997165
1.03239   0.0738025   0.888541   1.00086
1.24221   0.0780209   0.98573   1.00521
1.44687   0.0804046   1.0391   1.00719
1.65631   0.0818848   1.04721   1.0083
1.86067   0.0807224   1.00638   1.00715
2.06509   0.0799466   0.922331   1.00575
2.27483   0.0766466   0.797464   1.00161
2.47903   0.0737109   0.637723   0.998555
2.68896   0.0697122   0.452654   0.994298
2.89288   0.0672193   0.250713   0.992051
3.10273   0.0659034   0.0395651   0.990792
3.30658   0.0662179   -0.172465   0.991157
3.51642   0.0682052   -0.378424   0.993229
3.72039   0.0704849   -0.570242   0.995498
3.92997   0.0744727   -0.738964   1.00012
4.13411   0.0770175   -0.876105   1.00312
4.33858   0.0795165   -0.977601   1.00546
4.54789   0.0807555   -1.03448   1.00747
4.75248   0.0802212   -1.04592   1.0072
4.96206   0.0778229   -1.00874   1.00485
5.16651   0.0745923   -0.92679   1.00215
5.37643   0.06947   -0.803333   0.99699
5.58077   0.066774   -0.645175   0.994022
5.79089   0.0641014   -0.458927   0.9891
5.99155   0.0784676   -0.252766   1.00819
