160.56   39.8033   6498.09   1318.46   -12.7059   1.00086
11.143   -10.6012   319.641   1238.93   -11.0335   1.00082
335.119   133.815   7367.89   1292.26   -9.32657   1.00077
130.473   -1052.07   1776.52   16195.7   -7.71479   1.00074
-343.932   -471.155   4081.52   11627.9   -6.0398   1.00069
-96.6539   1.07984   4417.48   1.10549   -45.2409   1.00516
-49.4295   276.102   3370.71   2685.54   -2.6561   1.00061
217.635   845.736   556.871   42184.5   -0.599842   1.00054
60.0092   23.2203   2328.56   924.242   0.68425   1.00052
-41.7153   27.9464   1723.53   1411.49   2.36699   1.00048
-0.560684   -95.5538   482.491   1853.72   4.03781   1.00044
-21.426   32.4575   1510.24   1080.28   5.71889   1.00039
-23.4428   -11.2232   1152.44   408.719   7.34   1.00035
10.7537   52.341   363.358   800.144   9.06716   1.00031
-375.966   664.518   18274.4   1451.49   11.4369   1.00024
2.0379   20.2362   124.418   1005.66   12.3893   1.00022
144.737   -2.93094   1767.57   166.152   14.0949   1.00018
188.558   -12.0264   3065.47   41.8511   15.3109   1.00015
1.07912   11.3573   1.09554   425.014   -27.1676   1.00327
-8.61467   -24.9761   60.3338   871.569   18.9469   1.00006
-14.8742   -6.80076   5.48311   50.4096   18.932   1.00011
-4.36717   1.21782   114.902   297.38   22.4114   0.999969
224.493   -2348.64   51.2103   16666.8   35.573   1.00001
10.4695   -48.7332   249.717   620.739   25.793   0.999884
-3367.64   -3699.4   6966.78   20237.2   30.2701   0.999817
7.07147   -42.0278   127.313   1247.24   29.1425   0.999799
42.5538   -1.79463   2637.68   63.7761   30.7136   0.999757
419.094   -95.3483   7710.3   999.802   32.42   0.999715
12.8647   117.081   152.762   6754.73   34.2013   0.999672
59.3743   -82.4876   1400.43   2992.73   35.803   0.999629
-47.1019   -11.761   3603.52   375.47   37.4948   0.999587
27.504   -3.83841   1168.85   237.409   39.1501   0.999544
82.1209   179.569   937.207   10857.7   40.8257   0.999502
19.8565   41.864   808.593   2573.01   42.5005   0.999459
8.62178   139.977   51.0235   6811.01   44.1988   0.999418
13.4583   -268.797   314.663   4475.82   45.8015   0.999374
-69.8859   42.4732   2810.79   1992.43   47.5095   0.999332
-101.189   197.986   1158.19   13443.2   49.2395   0.999291
-35.4365   -254.309   1770.85   4926.45   50.8531   0.999247
-6.27484   53.5347   762.168   3180.61   52.5397   0.999205
23.4127   -27.249   886.618   1096.72   54.2371   0.999163
34.016   33.9418   2049.08   1192.2   55.8999   0.999121
-48.8925   -91.0268   2244.62   4383.84   57.5716   0.999078
-20.8732   434.802   243.416   27031   59.2242   0.999035
-70.0861   12.8532   5780.94   96.8516   60.9559   0.998996
281.636   11.5298   8778.07   270.405   62.5874   0.998951
5.80318   -258.044   0.953726   19342   76.5829   1.00003
169.864   11.1971   7227.67   119.2   65.9443   0.998867
-346.839   253.359   6761.66   8471.6   67.5774   0.998822
-103.899   19.3056   4023.65   880.582   69.2691   0.998781
