 Location  Dispersion    Centroids   Volume
4.43037e-06   0.206603   0.000493006   1.00015
0.205883   0.204872   0.202581   0.999825
0.413224   0.206309   0.402976   0.999983
0.617508   0.20658   0.580708   0.999988
0.826895   0.206752   0.739062   1
1.03133   0.206726   0.859376   1
1.24133   0.207052   0.948778   1.00003
1.44578   0.207034   0.993738   1.00002
1.65618   0.207082   0.999349   1.00003
1.86049   0.206944   0.95963   1.00002
2.06495   0.207006   0.883141   1.00002
2.27487   0.206789   0.763858   1.00001
2.47941   0.206819   0.616545   1.00001
2.68877   0.206562   0.437588   0.999991
2.89305   0.206303   0.245355   0.999966
3.10185   0.206125   0.0395765   0.999951
3.30608   0.206398   -0.163223   0.999976
3.51505   0.206645   -0.365959   0.999996
3.71941   0.206468   -0.548706   0.999977
3.92896   0.206755   -0.709253   1
4.13311   0.206716   -0.838975   1
4.33731   0.20697   -0.932109   1.00002
4.54762   0.207105   -0.988912   1.00003
4.75208   0.207052   -1.00042   1.00003
4.96247   0.207031   -0.972127   1.00002
5.16691   0.207041   -0.90022   1.00003
5.37682   0.20664   -0.788372   0.999991
5.58106   0.206461   -0.648406   0.999989
5.78877   0.205011   -0.474349   0.999859
5.99433   0.206366   -0.283087   1.00009
