  x   	 	   y   	 	V[Z|X= x, Y= y]
0	0	0.0441309
0.006414	0.006414	0.0460798
0.012828	0.012828	0.0480098
0.019242	0.019242	0.0499186
0.025656	0.025656	0.0518039
0.03207	0.03207	0.0536633
0.038484	0.038484	0.0554946
0.044898	0.044898	0.0572954
0.051312	0.051312	0.0590636
0.057726	0.057726	0.060797
0.06414	0.06414	0.0624934
0.070554	0.070554	0.0641506
0.076968	0.076968	0.0657666
0.083382	0.083382	0.0673392
0.089796	0.089796	0.0688664
0.09621	0.09621	0.0703462
0.102624	0.102624	0.0717767
0.109038	0.109038	0.073156
0.115452	0.115452	0.0744822
0.121866	0.121866	0.0757535
0.12828	0.12828	0.0769681
0.134694	0.134694	0.0781244
0.141108	0.141108	0.0792208
0.147522	0.147522	0.0802558
0.153936	0.153936	0.0812279
0.16035	0.16035	0.0821359
0.166764	0.166764	0.0829785
0.173178	0.173178	0.0837547
0.179592	0.179592	0.0844635
0.186006	0.186006	0.0851042
0.19242	0.19242	0.0856762
0.198834	0.198834	0.086179
0.205248	0.205248	0.0866123
0.211662	0.211662	0.0869762
0.218076	0.218076	0.0872708
0.22449	0.22449	0.0874964
0.230904	0.230904	0.0876535
0.237318	0.237318	0.0877429
0.243732	0.243732	0.0877657
0.250146	0.250146	0.0877229
0.25656	0.25656	0.0876159
0.262974	0.262974	0.0874462
0.269388	0.269388	0.0872157
0.275802	0.275802	0.0869262
0.282216	0.282216	0.0865796
0.28863	0.28863	0.0861782
0.295044	0.295044	0.0857243
0.301458	0.301458	0.0852202
0.307872	0.307872	0.0846682
0.314286	0.314286	0.0840711
0.3207	0.3207	0.0834312
0.327114	0.327114	0.082751
0.333528	0.333528	0.0820333
0.339942	0.339942	0.0812804
0.346356	0.346356	0.080495
0.35277	0.35277	0.0796795
0.359184	0.359184	0.0788363
0.365598	0.365598	0.0779679
0.372012	0.372012	0.0770766
0.378426	0.378426	0.0761647
0.38484	0.38484	0.0752344
0.391254	0.391254	0.074288
0.397668	0.397668	0.0733275
0.404082	0.404082	0.0723551
0.410496	0.410496	0.0713728
0.41691	0.41691	0.0703827
0.423324	0.423324	0.0693868
0.429738	0.429738	0.0683871
0.436152	0.436152	0.0673856
0.442566	0.442566	0.0663842
0.44898	0.44898	0.0653851
0.455394	0.455394	0.0643901
0.461808	0.461808	0.0634013
0.468222	0.468222	0.0624207
0.474636	0.474636	0.0614504
0.48105	0.48105	0.0604924
0.487464	0.487464	0.0595488
0.493878	0.493878	0.0586215
0.500292	0.500292	0.0577127
0.506706	0.506706	0.0568243
0.51312	0.51312	0.0559583
0.519534	0.519534	0.0551166
0.525948	0.525948	0.0543011
0.532362	0.532362	0.0535136
0.538776	0.538776	0.0527558
0.54519	0.54519	0.0520293
0.551604	0.551604	0.0513355
0.558018	0.558018	0.0506758
0.564432	0.564432	0.0500515
0.570846	0.570846	0.0494637
0.57726	0.57726	0.0489132
0.583674	0.583674	0.0484009
0.590088	0.590088	0.0479274
0.596502	0.596502	0.0474932
0.602916	0.602916	0.0470986
0.60933	0.60933	0.0467439
0.615744	0.615744	0.0464292
0.622158	0.622158	0.0461543
0.628572	0.628572	0.0459192
0.634986	0.634986	0.0457237
0.6414	0.6414	0.0455675
0.647814	0.647814	0.0454502
0.654228	0.654228	0.0453715
0.660642	0.660642	0.045331
0.667056	0.667056	0.0453283
0.67347	0.67347	0.0453631
0.679884	0.679884	0.045435
0.686298	0.686298	0.0455437
0.692712	0.692712	0.045689
0.699126	0.699126	0.0458708
0.70554	0.70554	0.046089
0.711954	0.711954	0.0463436
0.718368	0.718368	0.0466348
0.724782	0.724782	0.0469627
0.731196	0.731196	0.0473278
0.73761	0.73761	0.0477303
0.744024	0.744024	0.0481708
0.750438	0.750438	0.0486499
0.756852	0.756852	0.0491682
0.763266	0.763266	0.0497265
0.76968	0.76968	0.0503254
0.776094	0.776094	0.0509659
0.782508	0.782508	0.0516488
0.788922	0.788922	0.0523748
0.795336	0.795336	0.0531447
0.80175	0.80175	0.0539595
0.808164	0.808164	0.0548197
0.814578	0.814578	0.0557261
0.820992	0.820992	0.0566792
0.827406	0.827406	0.0576795
0.83382	0.83382	0.0587273
0.840234	0.840234	0.059823
0.846648	0.846648	0.0609666
0.853062	0.853062	0.062158
0.859476	0.859476	0.063397
0.86589	0.86589	0.0646834
0.872304	0.872304	0.0660166
0.878718	0.878718	0.0673959
0.885132	0.885132	0.0688207
0.891546	0.891546	0.0702898
0.89796	0.89796	0.0718023
0.904374	0.904374	0.073357
0.910788	0.910788	0.0749526
0.917202	0.917202	0.0765878
0.923616	0.923616	0.0782611
0.93003	0.93003	0.079971
0.936444	0.936444	0.0817159
0.942858	0.942858	0.0834943
0.949272	0.949272	0.0853046
0.955686	0.955686	0.0871452
0.9621	0.9621	0.0890145
0.968514	0.968514	0.0909109
0.974928	0.974928	0.0928329
0.981342	0.981342	0.0947789
0.987756	0.987756	0.0967476
0.99417	0.99417	0.0987373
1.00058	1.00058	0.100747
1.007	1.007	0.102775
1.01341	1.01341	0.104819
1.01983	1.01983	0.10688
1.02624	1.02624	0.108955
1.03265	1.03265	0.111042
1.03907	1.03907	0.113142
1.04548	1.04548	0.115252
1.0519	1.0519	0.117371
1.05831	1.05831	0.119498
1.06472	1.06472	0.121631
1.07114	1.07114	0.123769
1.07755	1.07755	0.125911
1.08397	1.08397	0.128055
1.09038	1.09038	0.130199
1.09679	1.09679	0.132342
1.10321	1.10321	0.134483
1.10962	1.10962	0.13662
1.11604	1.11604	0.138751
1.12245	1.12245	0.140874
1.12886	1.12886	0.142988
1.13528	1.13528	0.14509
1.14169	1.14169	0.14718
1.14811	1.14811	0.149255
1.15452	1.15452	0.151315
1.16093	1.16093	0.153356
1.16735	1.16735	0.155378
1.17376	1.17376	0.157378
1.18018	1.18018	0.159356
1.18659	1.18659	0.16131
1.193	1.193	0.163238
1.19942	1.19942	0.16514
1.20583	1.20583	0.167013
1.21225	1.21225	0.168858
1.21866	1.21866	0.170672
1.22507	1.22507	0.172454
1.23149	1.23149	0.174205
1.2379	1.2379	0.175922
1.24432	1.24432	0.177605
1.25073	1.25073	0.179252
1.25714	1.25714	0.180864
1.26356	1.26356	0.182438
1.26997	1.26997	0.183974
1.27639	1.27639	0.185472
1.2828	1.2828	0.186928
1.28921	1.28921	0.188344
1.29563	1.29563	0.189716
1.30204	1.30204	0.191043
1.30846	1.30846	0.192325
1.31487	1.31487	0.193558
1.32128	1.32128	0.194741
1.3277	1.3277	0.195872
1.33411	1.33411	0.196948
1.34053	1.34053	0.197967
1.34694	1.34694	0.198926
1.35335	1.35335	0.199822
1.35977	1.35977	0.200653
1.36618	1.36618	0.201415
1.3726	1.3726	0.202105
1.37901	1.37901	0.20272
1.38542	1.38542	0.203257
1.39184	1.39184	0.203713
1.39825	1.39825	0.204085
1.40467	1.40467	0.204369
1.41108	1.41108	0.204564
1.41749	1.41749	0.204666
1.42391	1.42391	0.204673
1.43032	1.43032	0.204584
1.43674	1.43674	0.204395
1.44315	1.44315	0.204107
1.44956	1.44956	0.203717
1.45598	1.45598	0.203225
1.46239	1.46239	0.202631
1.46881	1.46881	0.201934
1.47522	1.47522	0.201134
1.48163	1.48163	0.200233
1.48805	1.48805	0.19923
1.49446	1.49446	0.198128
1.50088	1.50088	0.196926
1.50729	1.50729	0.195627
1.5137	1.5137	0.194233
1.52012	1.52012	0.192744
1.52653	1.52653	0.191163
1.53295	1.53295	0.189491
1.53936	1.53936	0.18773
1.54577	1.54577	0.185881
1.55219	1.55219	0.183946
1.5586	1.5586	0.181925
1.56502	1.56502	0.17982
1.57143	1.57143	0.177631
1.57784	1.57784	0.175358
1.58426	1.58426	0.173001
1.59067	1.59067	0.170561
1.59709	1.59709	0.168036
1.6035	1.6035	0.165426
1.60991	1.60991	0.16273
1.61633	1.61633	0.159946
1.62274	1.62274	0.157073
1.62916	1.62916	0.154109
1.63557	1.63557	0.151052
1.64198	1.64198	0.147902
1.6484	1.6484	0.144656
1.65481	1.65481	0.141313
1.66123	1.66123	0.137872
1.66764	1.66764	0.13433
1.67405	1.67405	0.130689
1.68047	1.68047	0.126947
1.68688	1.68688	0.123105
1.6933	1.6933	0.119163
1.69971	1.69971	0.115122
1.70612	1.70612	0.110985
1.71254	1.71254	0.106753
1.71895	1.71895	0.10243
1.72537	1.72537	0.0980184
1.73178	1.73178	0.0935233
1.73819	1.73819	0.088949
1.74461	1.74461	0.0843005
1.75102	1.75102	0.0795831
1.75744	1.75744	0.0748024
1.76385	1.76385	0.0699644
1.77026	1.77026	0.0650749
1.77668	1.77668	0.0601398
1.78309	1.78309	0.0551648
1.78951	1.78951	0.0501555
1.79592	1.79592	0.045117
1.80233	1.80233	0.0400541
1.80875	1.80875	0.0349709
1.81516	1.81516	0.0298713
1.82158	1.82158	0.0247582
1.82799	1.82799	0.019634
1.8344	1.8344	0.0145006
1.84082	1.84082	0.00935885
1.84723	1.84723	0.00420927
1.85365	1.85365	-0.000948384
1.86006	1.86006	-0.00611491
1.86647	1.86647	-0.0112916
1.87289	1.87289	-0.0164803
1.8793	1.8793	-0.021683
1.88572	1.88572	-0.0269021
1.89213	1.89213	-0.0321402
1.89854	1.89854	-0.0373998
1.90496	1.90496	-0.0426834
1.91137	1.91137	-0.0479932
1.91779	1.91779	-0.0533311
1.9242	1.9242	-0.0586986
1.93061	1.93061	-0.0640964
1.93703	1.93703	-0.0695248
1.94344	1.94344	-0.0749828
1.94986	1.94986	-0.0804688
1.95627	1.95627	-0.08598
1.96268	1.96268	-0.0915124
1.9691	1.9691	-0.0970608
1.97551	1.97551	-0.102619
1.98193	1.98193	-0.108179
1.98834	1.98834	-0.113731
1.99475	1.99475	-0.119266
2.00117	2.00117	-0.124773
2.00758	2.00758	-0.130238
2.014	2.014	-0.135649
2.02041	2.02041	-0.140991
2.02682	2.02682	-0.14625
2.03324	2.03324	-0.151412
2.03965	2.03965	-0.156461
2.04607	2.04607	-0.161384
2.05248	2.05248	-0.166166
2.05889	2.05889	-0.170796
2.06531	2.06531	-0.175262
2.07172	2.07172	-0.179554
2.07814	2.07814	-0.183664
2.08455	2.08455	-0.187585
2.09096	2.09096	-0.191314
2.09738	2.09738	-0.194848
2.10379	2.10379	-0.198188
2.11021	2.11021	-0.201337
2.11662	2.11662	-0.204298
2.12303	2.12303	-0.20708
2.12945	2.12945	-0.209689
2.13586	2.13586	-0.212138
2.14228	2.14228	-0.214436
2.14869	2.14869	-0.216598
2.1551	2.1551	-0.218637
2.16152	2.16152	-0.220568
2.16793	2.16793	-0.222405
2.17435	2.17435	-0.224163
2.18076	2.18076	-0.225858
2.18717	2.18717	-0.227504
2.19359	2.19359	-0.229114
2.2	2.2	-0.230703
2.20642	2.20642	-0.232281
2.21283	2.21283	-0.23386
2.21924	2.21924	-0.235449
2.22566	2.22566	-0.237056
2.23207	2.23207	-0.238688
2.23849	2.23849	-0.24035
2.2449	2.2449	-0.242044
2.25131	2.25131	-0.243772
2.25773	2.25773	-0.245532
2.26414	2.26414	-0.247323
2.27056	2.27056	-0.24914
2.27697	2.27697	-0.250975
2.28338	2.28338	-0.252821
2.2898	2.2898	-0.254667
2.29621	2.29621	-0.256501
2.30263	2.30263	-0.258308
2.30904	2.30904	-0.260074
2.31545	2.31545	-0.261782
2.32187	2.32187	-0.263413
2.32828	2.32828	-0.264949
2.3347	2.3347	-0.26637
2.34111	2.34111	-0.267656
2.34752	2.34752	-0.268789
2.35394	2.35394	-0.269748
2.36035	2.36035	-0.270515
2.36677	2.36677	-0.271075
2.37318	2.37318	-0.27141
2.37959	2.37959	-0.271509
2.38601	2.38601	-0.27136
2.39242	2.39242	-0.270955
2.39884	2.39884	-0.270288
2.40525	2.40525	-0.269358
2.41166	2.41166	-0.268166
2.41808	2.41808	-0.266714
2.42449	2.42449	-0.26501
2.43091	2.43091	-0.263065
2.43732	2.43732	-0.260889
2.44373	2.44373	-0.258497
2.45015	2.45015	-0.255907
2.45656	2.45656	-0.253137
2.46298	2.46298	-0.250205
2.46939	2.46939	-0.247132
2.4758	2.4758	-0.243937
2.48222	2.48222	-0.240642
2.48863	2.48863	-0.237267
2.49505	2.49505	-0.23383
2.50146	2.50146	-0.230349
2.50787	2.50787	-0.226842
2.51429	2.51429	-0.223322
2.5207	2.5207	-0.219805
2.52712	2.52712	-0.216301
2.53353	2.53353	-0.212821
2.53994	2.53994	-0.209372
2.54636	2.54636	-0.20596
2.55277	2.55277	-0.202588
2.55919	2.55919	-0.199259
2.5656	2.5656	-0.195973
2.57201	2.57201	-0.192728
2.57843	2.57843	-0.18952
2.58484	2.58484	-0.186344
2.59126	2.59126	-0.183193
2.59767	2.59767	-0.18006
2.60408	2.60408	-0.176936
2.6105	2.6105	-0.173809
2.61691	2.61691	-0.170668
2.62333	2.62333	-0.167502
2.62974	2.62974	-0.164299
2.63615	2.63615	-0.161044
2.64257	2.64257	-0.157727
2.64898	2.64898	-0.154333
2.6554	2.6554	-0.150852
2.66181	2.66181	-0.147271
2.66822	2.66822	-0.14358
2.67464	2.67464	-0.13977
2.68105	2.68105	-0.135833
2.68747	2.68747	-0.131764
2.69388	2.69388	-0.127557
2.70029	2.70029	-0.123212
2.70671	2.70671	-0.118727
2.71312	2.71312	-0.114105
2.71954	2.71954	-0.10935
2.72595	2.72595	-0.104468
2.73236	2.73236	-0.0994681
2.73878	2.73878	-0.0943595
2.74519	2.74519	-0.0891539
2.75161	2.75161	-0.0838639
2.75802	2.75802	-0.0785034
2.76443	2.76443	-0.0730866
2.77085	2.77085	-0.0676281
2.77726	2.77726	-0.0621425
2.78368	2.78368	-0.0566441
2.79009	2.79009	-0.0511467
2.7965	2.7965	-0.045663
2.80292	2.80292	-0.0402048
2.80933	2.80933	-0.0347826
2.81575	2.81575	-0.0294058
2.82216	2.82216	-0.024082
2.82857	2.82857	-0.0188176
2.83499	2.83499	-0.0136175
2.8414	2.8414	-0.00848512
2.84782	2.84782	-0.00342268
2.85423	2.85423	0.00156896
2.86064	2.86064	0.00649005
2.86706	2.86706	0.0113418
2.87347	2.87347	0.0161263
2.87989	2.87989	0.0208463
2.8863	2.8863	0.0255052
2.89271	2.89271	0.0301067
2.89913	2.89913	0.0346546
2.90554	2.90554	0.0391531
2.91196	2.91196	0.0436061
2.91837	2.91837	0.0480173
2.92478	2.92478	0.0523903
2.9312	2.9312	0.0567279
2.93761	2.93761	0.0610327
2.94403	2.94403	0.0653062
2.95044	2.95044	0.0695496
2.95685	2.95685	0.0737629
2.96327	2.96327	0.0779453
2.96968	2.96968	0.0820953
2.9761	2.9761	0.08621
2.98251	2.98251	0.090286
2.98892	2.98892	0.0943186
2.99534	2.99534	0.0983024
3.00175	3.00175	0.102231
3.00817	3.00817	0.106098
3.01458	3.01458	0.109895
3.02099	3.02099	0.113614
3.02741	3.02741	0.117247
3.03382	3.03382	0.120785
3.04024	3.04024	0.12422
3.04665	3.04665	0.127543
3.05306	3.05306	0.130746
3.05948	3.05948	0.133822
3.06589	3.06589	0.136765
3.07231	3.07231	0.139567
3.07872	3.07872	0.142226
3.08513	3.08513	0.144736
3.09155	3.09155	0.147095
3.09796	3.09796	0.149302
3.10438	3.10438	0.151357
3.11079	3.11079	0.15326
3.1172	3.1172	0.155013
3.12362	3.12362	0.15662
3.13003	3.13003	0.158084
3.13645	3.13645	0.159409
3.14286	3.14286	0.160602
3.14927	3.14927	0.161667
3.15569	3.15569	0.162611
3.1621	3.1621	0.163439
3.16852	3.16852	0.164159
3.17493	3.17493	0.164776
3.18134	3.18134	0.165297
3.18776	3.18776	0.165726
3.19417	3.19417	0.16607
3.20059	3.20059	0.166333
3.207	3.207	0.166519
3.21341	3.21341	0.166631
3.21983	3.21983	0.166674
3.22624	3.22624	0.16665
3.23266	3.23266	0.166559
3.23907	3.23907	0.166404
3.24548	3.24548	0.166185
3.2519	3.2519	0.165903
3.25831	3.25831	0.165556
3.26473	3.26473	0.165144
3.27114	3.27114	0.164667
3.27755	3.27755	0.164122
3.28397	3.28397	0.163508
3.29038	3.29038	0.162824
3.2968	3.2968	0.162068
3.30321	3.30321	0.161238
3.30962	3.30962	0.160333
3.31604	3.31604	0.159352
3.32245	3.32245	0.158295
3.32887	3.32887	0.157161
3.33528	3.33528	0.155949
3.34169	3.34169	0.154662
3.34811	3.34811	0.1533
3.35452	3.35452	0.151865
3.36094	3.36094	0.150359
3.36735	3.36735	0.148785
3.37376	3.37376	0.147147
3.38018	3.38018	0.145447
3.38659	3.38659	0.143691
3.39301	3.39301	0.141881
3.39942	3.39942	0.140024
3.40583	3.40583	0.138124
3.41225	3.41225	0.136185
3.41866	3.41866	0.134212
3.42508	3.42508	0.132209
3.43149	3.43149	0.130181
3.4379	3.4379	0.128131
3.44432	3.44432	0.126064
3.45073	3.45073	0.123982
3.45715	3.45715	0.121887
3.46356	3.46356	0.119783
3.46997	3.46997	0.11767
3.47639	3.47639	0.11555
3.4828	3.4828	0.113423
3.48922	3.48922	0.111289
3.49563	3.49563	0.109148
3.50204	3.50204	0.106999
3.50846	3.50846	0.104841
3.51487	3.51487	0.102671
3.52129	3.52129	0.100489
3.5277	3.5277	0.0982901
3.53411	3.53411	0.0960733
3.54053	3.54053	0.0938354
3.54694	3.54694	0.0915736
3.55336	3.55336	0.089285
3.55977	3.55977	0.0869669
3.56618	3.56618	0.0846164
3.5726	3.5726	0.0822312
3.57901	3.57901	0.0798091
3.58543	3.58543	0.0773483
3.59184	3.59184	0.0748474
3.59825	3.59825	0.0723057
3.60467	3.60467	0.0697229
3.61108	3.61108	0.0670993
3.6175	3.6175	0.064436
3.62391	3.62391	0.0617347
3.63032	3.63032	0.0589979
3.63674	3.63674	0.0562287
3.64315	3.64315	0.0534308
3.64957	3.64957	0.0506089
3.65598	3.65598	0.0477677
3.66239	3.66239	0.0449129
3.66881	3.66881	0.0420504
3.67522	3.67522	0.0391864
3.68164	3.68164	0.0363273
3.68805	3.68805	0.0334794
3.69446	3.69446	0.0306492
3.70088	3.70088	0.0278427
3.70729	3.70729	0.0250657
3.71371	3.71371	0.0223237
3.72012	3.72012	0.0196214
3.72653	3.72653	0.0169631
3.73295	3.73295	0.0143521
3.73936	3.73936	0.0117914
3.74578	3.74578	0.00928285
3.75219	3.75219	0.00682776
3.7586	3.7586	0.00442666
3.76502	3.76502	0.00207939
3.77143	3.77143	-0.000214879
3.77785	3.77785	-0.00245753
3.78426	3.78426	-0.00465044
3.79067	3.79067	-0.00679591
3.79709	3.79709	-0.00889655
3.8035	3.8035	-0.0109552
3.80992	3.80992	-0.0129748
3.81633	3.81633	-0.0149584
3.82274	3.82274	-0.016909
3.82916	3.82916	-0.0188293
3.83557	3.83557	-0.020722
3.84199	3.84199	-0.0225893
3.8484	3.8484	-0.0244332
3.85481	3.85481	-0.0262552
3.86123	3.86123	-0.0280564
3.86764	3.86764	-0.0298372
3.87406	3.87406	-0.0315977
3.88047	3.88047	-0.0333372
3.88688	3.88688	-0.0350543
3.8933	3.8933	-0.0367472
3.89971	3.89971	-0.0384132
3.90613	3.90613	-0.0400491
3.91254	3.91254	-0.041651
3.91895	3.91895	-0.0432144
3.92537	3.92537	-0.044734
3.93178	3.93178	-0.0462041
3.9382	3.9382	-0.0476185
3.94461	3.94461	-0.0489704
3.95102	3.95102	-0.0502527
3.95744	3.95744	-0.0514578
3.96385	3.96385	-0.0525782
3.97027	3.97027	-0.0536061
3.97668	3.97668	-0.0545336
3.98309	3.98309	-0.0553531
3.98951	3.98951	-0.0560571
3.99592	3.99592	-0.0566386
4.00234	4.00234	-0.057091
4.00875	4.00875	-0.0574083
4.01516	4.01516	-0.0575852
4.02158	4.02158	-0.0576171
4.02799	4.02799	-0.0575006
4.03441	4.03441	-0.057233
4.04082	4.04082	-0.0568127
4.04723	4.04723	-0.056239
4.05365	4.05365	-0.0555124
4.06006	4.06006	-0.0546344
4.06648	4.06648	-0.0536075
4.07289	4.07289	-0.052435
4.0793	4.0793	-0.0511212
4.08572	4.08572	-0.0496712
4.09213	4.09213	-0.0480907
4.09855	4.09855	-0.046386
4.10496	4.10496	-0.0445638
4.11137	4.11137	-0.0426314
4.11779	4.11779	-0.0405959
4.1242	4.1242	-0.038465
4.13062	4.13062	-0.0362461
4.13703	4.13703	-0.0339466
4.14344	4.14344	-0.0315738
4.14986	4.14986	-0.0291349
4.15627	4.15627	-0.0266365
4.16269	4.16269	-0.0240851
4.1691	4.1691	-0.0214869
4.17551	4.17551	-0.0188475
4.18193	4.18193	-0.0161722
4.18834	4.18834	-0.0134661
4.19476	4.19476	-0.0107335
4.20117	4.20117	-0.00797874
4.20758	4.20758	-0.0052056
4.214	4.214	-0.00241763
4.22041	4.22041	0.000381938
4.22683	4.22683	0.00319007
4.23324	4.23324	0.00600395
4.23965	4.23965	0.00882091
4.24607	4.24607	0.0116384
4.25248	4.25248	0.0144539
4.2589	4.2589	0.0172651
4.26531	4.26531	0.0200695
4.27172	4.27172	0.0228646
4.27814	4.27814	0.0256479
4.28455	4.28455	0.028417
4.29097	4.29097	0.0311691
4.29738	4.29738	0.0339015
4.30379	4.30379	0.0366115
4.31021	4.31021	0.0392962
4.31662	4.31662	0.0419525
4.32304	4.32304	0.0445775
4.32945	4.32945	0.0471682
4.33586	4.33586	0.0497213
4.34228	4.34228	0.052234
4.34869	4.34869	0.0547031
4.35511	4.35511	0.0571257
4.36152	4.36152	0.0594991
4.36793	4.36793	0.0618205
4.37435	4.37435	0.0640874
4.38076	4.38076	0.0662976
4.38718	4.38718	0.0684489
4.39359	4.39359	0.0705395
4.4	4.4	0.072568
4.40642	4.40642	0.074533
4.41283	4.41283	0.0764337
4.41925	4.41925	0.0782693
4.42566	4.42566	0.0800396
4.43207	4.43207	0.0817445
4.43849	4.43849	0.0833842
4.4449	4.4449	0.0849593
4.45132	4.45132	0.0864706
4.45773	4.45773	0.087919
4.46414	4.46414	0.0893057
4.47056	4.47056	0.0906322
4.47697	4.47697	0.0918999
4.48339	4.48339	0.0931105
4.4898	4.4898	0.0942656
4.49621	4.49621	0.0953671
4.50263	4.50263	0.0964168
4.50904	4.50904	0.0974163
4.51546	4.51546	0.0983674
4.52187	4.52187	0.0992717
4.52828	4.52828	0.100131
4.5347	4.5347	0.100946
4.54111	4.54111	0.101719
4.54753	4.54753	0.102451
4.55394	4.55394	0.103143
4.56035	4.56035	0.103795
4.56677	4.56677	0.104408
4.57318	4.57318	0.104982
4.5796	4.5796	0.105519
4.58601	4.58601	0.106017
4.59242	4.59242	0.106476
4.59884	4.59884	0.106897
4.60525	4.60525	0.107278
4.61167	4.61167	0.10762
4.61808	4.61808	0.107919
4.62449	4.62449	0.108177
4.63091	4.63091	0.108391
4.63732	4.63732	0.10856
4.64374	4.64374	0.108682
4.65015	4.65015	0.108756
4.65656	4.65656	0.10878
4.66298	4.66298	0.108752
4.66939	4.66939	0.108671
4.67581	4.67581	0.108534
4.68222	4.68222	0.108339
4.68863	4.68863	0.108084
4.69505	4.69505	0.107768
4.70146	4.70146	0.107388
4.70788	4.70788	0.106943
4.71429	4.71429	0.10643
4.7207	4.7207	0.105848
4.72712	4.72712	0.105194
4.73353	4.73353	0.104467
4.73995	4.73995	0.103666
4.74636	4.74636	0.102789
4.75277	4.75277	0.101835
4.75919	4.75919	0.100802
4.7656	4.7656	0.0996885
4.77202	4.77202	0.0984946
4.77843	4.77843	0.0972189
4.78484	4.78484	0.0958611
4.79126	4.79126	0.0944205
4.79767	4.79767	0.092897
4.80409	4.80409	0.0912906
4.8105	4.8105	0.0896016
4.81691	4.81691	0.0878303
4.82333	4.82333	0.0859775
4.82974	4.82974	0.0840443
4.83616	4.83616	0.0820318
4.84257	4.84257	0.0799417
4.84898	4.84898	0.0777755
4.8554	4.8554	0.0755356
4.86181	4.86181	0.073224
4.86823	4.86823	0.0708435
4.87464	4.87464	0.0683967
4.88105	4.88105	0.0658868
4.88747	4.88747	0.0633169
4.89388	4.89388	0.0606904
4.9003	4.9003	0.0580109
4.90671	4.90671	0.0552821
4.91312	4.91312	0.0525076
4.91954	4.91954	0.0496915
4.92595	4.92595	0.0468373
4.93237	4.93237	0.0439492
4.93878	4.93878	0.0410307
4.94519	4.94519	0.0380856
4.95161	4.95161	0.0351176
4.95802	4.95802	0.0321301
4.96444	4.96444	0.0291264
4.97085	4.97085	0.0261096
4.97726	4.97726	0.0230825
4.98368	4.98368	0.0200478
4.99009	4.99009	0.017008
4.99651	4.99651	0.0139651
5.00292	5.00292	0.0109211
5.00933	5.00933	0.00787738
5.01575	5.01575	0.0048354
5.02216	5.02216	0.00179618
5.02858	5.02858	-0.0012395
5.03499	5.03499	-0.00427112
5.0414	5.0414	-0.00729839
5.04782	5.04782	-0.0103212
5.05423	5.05423	-0.0133398
5.06065	5.06065	-0.0163545
5.06706	5.06706	-0.0193656
5.07347	5.07347	-0.022374
5.07989	5.07989	-0.0253804
5.0863	5.0863	-0.0283856
5.09272	5.09272	-0.0313906
5.09913	5.09913	-0.0343965
5.10554	5.10554	-0.0374042
5.11196	5.11196	-0.0404149
5.11837	5.11837	-0.0434297
5.12479	5.12479	-0.0464496
5.1312	5.1312	-0.0494756
5.13761	5.13761	-0.0525088
5.14403	5.14403	-0.0555501
5.15044	5.15044	-0.0586003
5.15686	5.15686	-0.0616602
5.16327	5.16327	-0.0647304
5.16968	5.16968	-0.0678117
5.1761	5.1761	-0.0709044
5.18251	5.18251	-0.0740089
5.18893	5.18893	-0.0771255
5.19534	5.19534	-0.0802542
5.20175	5.20175	-0.0833952
5.20817	5.20817	-0.0865482
5.21458	5.21458	-0.089713
5.221	5.221	-0.0928894
5.22741	5.22741	-0.0960767
5.23382	5.23382	-0.0992743
5.24024	5.24024	-0.102482
5.24665	5.24665	-0.105698
5.25307	5.25307	-0.108921
5.25948	5.25948	-0.112151
5.26589	5.26589	-0.115386
5.27231	5.27231	-0.118625
5.27872	5.27872	-0.121865
5.28514	5.28514	-0.125106
5.29155	5.29155	-0.128344
5.29796	5.29796	-0.131578
5.30438	5.30438	-0.134804
5.31079	5.31079	-0.138021
5.31721	5.31721	-0.141224
5.32362	5.32362	-0.144411
5.33003	5.33003	-0.147577
5.33645	5.33645	-0.150719
5.34286	5.34286	-0.153832
5.34928	5.34928	-0.15691
5.35569	5.35569	-0.159949
5.3621	5.3621	-0.162942
5.36852	5.36852	-0.165884
5.37493	5.37493	-0.168768
5.38135	5.38135	-0.171587
5.38776	5.38776	-0.174332
5.39417	5.39417	-0.176996
5.40059	5.40059	-0.179572
5.407	5.407	-0.182049
5.41342	5.41342	-0.184419
5.41983	5.41983	-0.186674
5.42624	5.42624	-0.188803
5.43266	5.43266	-0.190797
5.43907	5.43907	-0.192647
5.44549	5.44549	-0.194345
5.4519	5.4519	-0.19588
5.45831	5.45831	-0.197244
5.46473	5.46473	-0.198431
5.47114	5.47114	-0.199431
5.47756	5.47756	-0.200238
5.48397	5.48397	-0.200847
5.49038	5.49038	-0.201253
5.4968	5.4968	-0.201452
5.50321	5.50321	-0.201441
5.50963	5.50963	-0.201218
5.51604	5.51604	-0.200785
5.52245	5.52245	-0.20014
5.52887	5.52887	-0.199288
5.53528	5.53528	-0.198231
5.5417	5.5417	-0.196975
5.54811	5.54811	-0.195524
5.55452	5.55452	-0.193887
5.56094	5.56094	-0.192071
5.56735	5.56735	-0.190084
5.57377	5.57377	-0.187938
5.58018	5.58018	-0.185641
5.58659	5.58659	-0.183205
5.59301	5.59301	-0.180641
5.59942	5.59942	-0.17796
5.60584	5.60584	-0.175174
5.61225	5.61225	-0.172294
5.61866	5.61866	-0.169332
5.62508	5.62508	-0.166299
5.63149	5.63149	-0.163205
5.63791	5.63791	-0.160062
5.64432	5.64432	-0.15688
5.65073	5.65073	-0.153668
5.65715	5.65715	-0.150434
5.66356	5.66356	-0.147189
5.66998	5.66998	-0.143938
5.67639	5.67639	-0.14069
5.6828	5.6828	-0.137451
5.68922	5.68922	-0.134227
5.69563	5.69563	-0.131023
5.70205	5.70205	-0.127845
5.70846	5.70846	-0.124696
5.71487	5.71487	-0.12158
5.72129	5.72129	-0.118501
5.7277	5.7277	-0.11546
5.73412	5.73412	-0.112461
5.74053	5.74053	-0.109505
5.74694	5.74694	-0.106594
5.75336	5.75336	-0.103729
5.75977	5.75977	-0.10091
5.76619	5.76619	-0.0981395
5.7726	5.7726	-0.0954164
5.77901	5.77901	-0.0927414
5.78543	5.78543	-0.0901144
5.79184	5.79184	-0.0875354
5.79826	5.79826	-0.0850041
5.80467	5.80467	-0.08252
5.81108	5.81108	-0.0800828
5.8175	5.8175	-0.0776919
5.82391	5.82391	-0.0753468
5.83033	5.83033	-0.0730467
5.83674	5.83674	-0.0707911
5.84315	5.84315	-0.0685794
5.84957	5.84957	-0.0664107
5.85598	5.85598	-0.0642846
5.8624	5.8624	-0.0622002
5.86881	5.86881	-0.0601571
5.87522	5.87522	-0.0581546
5.88164	5.88164	-0.056192
5.88805	5.88805	-0.054269
5.89447	5.89447	-0.0523848
5.90088	5.90088	-0.0505392
5.90729	5.90729	-0.0487316
5.91371	5.91371	-0.0469618
5.92012	5.92012	-0.0452293
5.92654	5.92654	-0.043534
5.93295	5.93295	-0.0418756
5.93936	5.93936	-0.0402542
5.94578	5.94578	-0.0386696
5.95219	5.95219	-0.0371219
5.95861	5.95861	-0.0356113
5.96502	5.96502	-0.0341381
5.97143	5.97143	-0.0327026
5.97785	5.97785	-0.0313054
5.98426	5.98426	-0.0299471
5.99068	5.99068	-0.0286286
5.99709	5.99709	-0.0273507
6.0035	6.0035	-0.0261146
6.00992	6.00992	-0.0249215
6.01633	6.01633	-0.023773
6.02275	6.02275	-0.0226706
6.02916	6.02916	-0.0216163
6.03557	6.03557	-0.020612
6.04199	6.04199	-0.0196601
6.0484	6.0484	-0.0187628
6.05482	6.05482	-0.017923
6.06123	6.06123	-0.0171432
6.06764	6.06764	-0.0164265
6.07406	6.07406	-0.015776
6.08047	6.08047	-0.0151947
6.08689	6.08689	-0.0146861
6.0933	6.0933	-0.0142533
6.09971	6.09971	-0.0138997
6.10613	6.10613	-0.0136284
6.11254	6.11254	-0.0134426
6.11896	6.11896	-0.0133453
6.12537	6.12537	-0.0133391
6.13178	6.13178	-0.0134264
6.1382	6.1382	-0.0136092
6.14461	6.14461	-0.013889
6.15103	6.15103	-0.014267
6.15744	6.15744	-0.0147435
6.16385	6.16385	-0.0153183
6.17027	6.17027	-0.0159906
6.17668	6.17668	-0.0167585
6.1831	6.1831	-0.0176197
6.18951	6.18951	-0.0185708
6.19592	6.19592	-0.0196076
6.20234	6.20234	-0.0207252
6.20875	6.20875	-0.0219176
6.21517	6.21517	-0.0231783
6.22158	6.22158	-0.0244998
6.22799	6.22799	-0.0258741
6.23441	6.23441	-0.0272923
6.24082	6.24082	-0.0287452
6.24724	6.24724	-0.0302231
6.25365	6.25365	-0.0317158
6.26006	6.26006	-0.0332132
6.26648	6.26648	-0.0347047
6.27289	6.27289	-0.03618
6.27931	6.27931	-0.0376289
6.28572	6.28572	-0.0390413
6.29213	6.29213	-0.0404076
6.29855	6.29855	-0.0417188
6.30496	6.30496	-0.0429661
6.31138	6.31138	-0.0441418
6.31779	6.31779	-0.0452386
6.3242	6.3242	-0.0462502
6.33062	6.33062	-0.047171
6.33703	6.33703	-0.0479964
6.34345	6.34345	-0.0487226
6.34986	6.34986	-0.0493467
6.35627	6.35627	-0.0498669
6.36269	6.36269	-0.0502819
6.3691	6.3691	-0.0505916
6.37552	6.37552	-0.0507964
6.38193	6.38193	-0.0508978
6.38834	6.38834	-0.0508976
6.39476	6.39476	-0.0507984
6.40117	6.40117	-0.0506035
6.40759	6.40759	-0.0503165
