1.31274   0.525337   1.97749   5.0175   -0.149689   1
6.23202   5.26976   3.2382   0.285044   -0.475411   1
5.86508   4.22386   0.107672   0.876845   -0.428773   1
1.49433   2.32677   5.86701   0.376251   -0.254062   1
0.110101   5.97174   8.0635   1.03778   -0.0976865   1
4.83169   0.658613   0.811543   0.891452   -0.403395   1
-0.0901058   1.41126   0.518141   5.77974   0.269585   1
6.14682   1.13841   0.479379   0.486202   -0.197396   1
3.93047   2.54473   1.26252   0.343114   -0.264975   1
3.81546   5.21304   0.506639   0.396908   -0.090256   1
1.50722   4.67045   0.294689   52.1563   0.014227   1
0.98118   4.22793   0.678726   0.698761   -0.0928613   1
5.52322   3.76805   0.107102   0.416654   0.0432397   1
3.65559   2.33791   0.0530992   0.401797   0.0895872   1
4.15915   1.14161   0.682134   0.522831   0.105686   1
3.24378   1.8147   0.427344   0.394618   0.129812   1
3.39493   1.30401   0.40213   0.375031   0.235312   1
1.00192   1.40708   0.345733   4.40515   0.792229   1
6.20925   4.42473   0.454941   0.965747   0.319077   1
4.29716   2.84287   0.365363   1.06047   0.485973   1
2.1953   5.67083   0.690818   0.740715   0.477279   1
3.99235   3.78331   0.376824   34.768   0.579265   1
3.92883   2.77936   0.507921   0.747546   0.449765   1
5.07891   2.91255   0.607734   0.635191   0.608249   1
1.60629   4.60786   0.826152   0.902883   0.589547   1
