  x   	 	   y   	 	  f(x,y)   
0	0	0.0967155
0.006414	0.006414	0.100828
0.012828	0.012828	0.104988
0.019242	0.019242	0.109195
0.025656	0.025656	0.113448
0.03207	0.03207	0.117746
0.038484	0.038484	0.122091
0.044898	0.044898	0.12648
0.051312	0.051312	0.130914
0.057726	0.057726	0.135392
0.06414	0.06414	0.139913
0.070554	0.070554	0.144478
0.076968	0.076968	0.149085
0.083382	0.083382	0.153734
0.089796	0.089796	0.158425
0.09621	0.09621	0.163156
0.102624	0.102624	0.167927
0.109038	0.109038	0.172738
0.115452	0.115452	0.177588
0.121866	0.121866	0.182475
0.12828	0.12828	0.1874
0.134694	0.134694	0.192361
0.141108	0.141108	0.197359
0.147522	0.147522	0.202391
0.153936	0.153936	0.207457
0.16035	0.16035	0.212556
0.166764	0.166764	0.217687
0.173178	0.173178	0.22285
0.179592	0.179592	0.228043
0.186006	0.186006	0.233266
0.19242	0.19242	0.238516
0.198834	0.198834	0.243794
0.205248	0.205248	0.249098
0.211662	0.211662	0.254427
0.218076	0.218076	0.259779
0.22449	0.22449	0.265154
0.230904	0.230904	0.270549
0.237318	0.237318	0.275964
0.243732	0.243732	0.281398
0.250146	0.250146	0.286847
0.25656	0.25656	0.292312
0.262974	0.262974	0.29779
0.269388	0.269388	0.303279
0.275802	0.275802	0.308778
0.282216	0.282216	0.314284
0.28863	0.28863	0.319796
0.295044	0.295044	0.325311
0.301458	0.301458	0.330828
0.307872	0.307872	0.336343
0.314286	0.314286	0.341854
0.3207	0.3207	0.347359
0.327114	0.327114	0.352854
0.333528	0.333528	0.358337
0.339942	0.339942	0.363805
0.346356	0.346356	0.369254
0.35277	0.35277	0.374681
0.359184	0.359184	0.380083
0.365598	0.365598	0.385455
0.372012	0.372012	0.390794
0.378426	0.378426	0.396095
0.38484	0.38484	0.401355
0.391254	0.391254	0.406568
0.397668	0.397668	0.41173
0.404082	0.404082	0.416837
0.410496	0.410496	0.421883
0.41691	0.41691	0.426863
0.423324	0.423324	0.431773
0.429738	0.429738	0.436605
0.436152	0.436152	0.441355
0.442566	0.442566	0.446018
0.44898	0.44898	0.450587
0.455394	0.455394	0.455057
0.461808	0.461808	0.459422
0.468222	0.468222	0.463676
0.474636	0.474636	0.467814
0.48105	0.48105	0.471829
0.487464	0.487464	0.475718
0.493878	0.493878	0.479473
0.500292	0.500292	0.483091
0.506706	0.506706	0.486566
0.51312	0.51312	0.489895
0.519534	0.519534	0.493073
0.525948	0.525948	0.496097
0.532362	0.532362	0.498964
0.538776	0.538776	0.501673
0.54519	0.54519	0.50422
0.551604	0.551604	0.506606
0.558018	0.558018	0.50883
0.564432	0.564432	0.510893
0.570846	0.570846	0.512797
0.57726	0.57726	0.514544
0.583674	0.583674	0.516138
0.590088	0.590088	0.517582
0.596502	0.596502	0.518882
0.602916	0.602916	0.520045
0.60933	0.60933	0.521077
0.615744	0.615744	0.521986
0.622158	0.622158	0.52278
0.628572	0.628572	0.523471
0.634986	0.634986	0.524067
0.6414	0.6414	0.524581
0.647814	0.647814	0.525022
0.654228	0.654228	0.525404
0.660642	0.660642	0.525739
0.667056	0.667056	0.526039
0.67347	0.67347	0.526317
0.679884	0.679884	0.526586
0.686298	0.686298	0.526858
0.692712	0.692712	0.527146
0.699126	0.699126	0.527461
0.70554	0.70554	0.527816
0.711954	0.711954	0.528219
0.718368	0.718368	0.528682
0.724782	0.724782	0.529212
0.731196	0.731196	0.529817
0.73761	0.73761	0.530503
0.744024	0.744024	0.531275
0.750438	0.750438	0.532135
0.756852	0.756852	0.533084
0.763266	0.763266	0.534121
0.76968	0.76968	0.535242
0.776094	0.776094	0.536442
0.782508	0.782508	0.537713
0.788922	0.788922	0.539043
0.795336	0.795336	0.540419
0.80175	0.80175	0.541824
0.808164	0.808164	0.54324
0.814578	0.814578	0.544645
0.820992	0.820992	0.546012
0.827406	0.827406	0.547316
0.83382	0.83382	0.548526
0.840234	0.840234	0.549608
0.846648	0.846648	0.55053
0.853062	0.853062	0.551253
0.859476	0.859476	0.55174
0.86589	0.86589	0.551952
0.872304	0.872304	0.551847
0.878718	0.878718	0.551385
0.885132	0.885132	0.550522
0.891546	0.891546	0.549216
0.89796	0.89796	0.547422
0.904374	0.904374	0.545098
0.910788	0.910788	0.542199
0.917202	0.917202	0.538684
0.923616	0.923616	0.534514
0.93003	0.93003	0.529665
0.936444	0.936444	0.524135
0.942858	0.942858	0.517965
0.949272	0.949272	0.51127
0.955686	0.955686	0.504273
0.9621	0.9621	0.497339
0.968514	0.968514	0.490967
0.974928	0.974928	0.485712
0.981342	0.981342	0.482018
0.987756	0.987756	0.480036
0.99417	0.99417	0.479538
1.00058	1.00058	0.480017
1.007	1.007	0.480886
1.01341	1.01341	0.481655
1.01983	1.01983	0.482013
1.02624	1.02624	0.481816
1.03265	1.03265	0.481036
1.03907	1.03907	0.479714
1.04548	1.04548	0.477922
1.0519	1.0519	0.475739
1.05831	1.05831	0.473238
1.06472	1.06472	0.470486
1.07114	1.07114	0.467538
1.07755	1.07755	0.464438
1.08397	1.08397	0.461222
1.09038	1.09038	0.457919
1.09679	1.09679	0.45455
1.10321	1.10321	0.451132
1.10962	1.10962	0.447677
1.11604	1.11604	0.444193
1.12245	1.12245	0.440687
1.12886	1.12886	0.437161
1.13528	1.13528	0.433619
1.14169	1.14169	0.43006
1.14811	1.14811	0.426483
1.15452	1.15452	0.422887
1.16093	1.16093	0.41927
1.16735	1.16735	0.415627
1.17376	1.17376	0.411957
1.18018	1.18018	0.408253
1.18659	1.18659	0.404514
1.193	1.193	0.400733
1.19942	1.19942	0.396906
1.20583	1.20583	0.393027
1.21225	1.21225	0.389092
1.21866	1.21866	0.385094
1.22507	1.22507	0.381027
1.23149	1.23149	0.376882
1.2379	1.2379	0.372651
1.24432	1.24432	0.368323
1.25073	1.25073	0.363884
1.25714	1.25714	0.359315
1.26356	1.26356	0.354591
1.26997	1.26997	0.349676
1.27639	1.27639	0.344514
1.2828	1.2828	0.339018
1.28921	1.28921	0.333045
1.29563	1.29563	0.326344
1.30204	1.30204	0.318452
1.30846	1.30846	0.308471
1.31487	1.31487	0.294612
1.32128	1.32128	0.273665
1.3277	1.3277	0.2438
1.33411	1.33411	0.221343
1.34053	1.34053	0.230261
1.34694	1.34694	0.248623
1.35335	1.35335	0.259172
1.35977	1.35977	0.262884
1.36618	1.36618	0.262699
1.3726	1.3726	0.260353
1.37901	1.37901	0.256747
1.38542	1.38542	0.252353
1.39184	1.39184	0.247434
1.39825	1.39825	0.242141
1.40467	1.40467	0.236567
1.41108	1.41108	0.230773
1.41749	1.41749	0.224798
1.42391	1.42391	0.21867
1.43032	1.43032	0.212409
1.43674	1.43674	0.206029
1.44315	1.44315	0.199542
1.44956	1.44956	0.192957
1.45598	1.45598	0.186282
1.46239	1.46239	0.179525
1.46881	1.46881	0.17269
1.47522	1.47522	0.165783
1.48163	1.48163	0.15881
1.48805	1.48805	0.151776
1.49446	1.49446	0.144685
1.50088	1.50088	0.137542
1.50729	1.50729	0.130351
1.5137	1.5137	0.123119
1.52012	1.52012	0.115848
1.52653	1.52653	0.108545
1.53295	1.53295	0.101213
1.53936	1.53936	0.0938577
1.54577	1.54577	0.0864842
1.55219	1.55219	0.0790972
1.5586	1.5586	0.0717016
1.56502	1.56502	0.0643024
1.57143	1.57143	0.0569046
1.57784	1.57784	0.0495132
1.58426	1.58426	0.0421331
1.59067	1.59067	0.0347693
1.59709	1.59709	0.0274266
1.6035	1.6035	0.0201097
1.60991	1.60991	0.0128233
1.61633	1.61633	0.00557202
1.62274	1.62274	-0.00163981
1.62916	1.62916	-0.00880796
1.63557	1.63557	-0.0159284
1.64198	1.64198	-0.0229973
1.6484	1.6484	-0.0300111
1.65481	1.65481	-0.0369665
1.66123	1.66123	-0.0438606
1.66764	1.66764	-0.0506906
1.67405	1.67405	-0.0574542
1.68047	1.68047	-0.0641497
1.68688	1.68688	-0.0707754
1.6933	1.6933	-0.0773305
1.69971	1.69971	-0.0838144
1.70612	1.70612	-0.0902275
1.71254	1.71254	-0.0965705
1.71895	1.71895	-0.102845
1.72537	1.72537	-0.109054
1.73178	1.73178	-0.1152
1.73819	1.73819	-0.12129
1.74461	1.74461	-0.127328
1.75102	1.75102	-0.133323
1.75744	1.75744	-0.139285
1.76385	1.76385	-0.145223
1.77026	1.77026	-0.151146
1.77668	1.77668	-0.157058
1.78309	1.78309	-0.16295
1.78951	1.78951	-0.168787
1.79592	1.79592	-0.174498
1.80233	1.80233	-0.179974
1.80875	1.80875	-0.185113
1.81516	1.81516	-0.189882
1.82158	1.82158	-0.194349
1.82799	1.82799	-0.198648
1.8344	1.8344	-0.202899
1.84082	1.84082	-0.207176
1.84723	1.84723	-0.211509
1.85365	1.85365	-0.2159
1.86006	1.86006	-0.220338
1.86647	1.86647	-0.224812
1.87289	1.87289	-0.229311
1.8793	1.8793	-0.233827
1.88572	1.88572	-0.238354
1.89213	1.89213	-0.242887
1.89854	1.89854	-0.247424
1.90496	1.90496	-0.251964
1.91137	1.91137	-0.256506
1.91779	1.91779	-0.26105
1.9242	1.9242	-0.265595
1.93061	1.93061	-0.270143
1.93703	1.93703	-0.274693
1.94344	1.94344	-0.279247
1.94986	1.94986	-0.283803
1.95627	1.95627	-0.288363
1.96268	1.96268	-0.292926
1.9691	1.9691	-0.297491
1.97551	1.97551	-0.302059
1.98193	1.98193	-0.306629
1.98834	1.98834	-0.311198
1.99475	1.99475	-0.315767
2.00117	2.00117	-0.320332
2.00758	2.00758	-0.324893
2.014	2.014	-0.329446
2.02041	2.02041	-0.333989
2.02682	2.02682	-0.338519
2.03324	2.03324	-0.343032
2.03965	2.03965	-0.347525
2.04607	2.04607	-0.351994
2.05248	2.05248	-0.356434
2.05889	2.05889	-0.360841
2.06531	2.06531	-0.36521
2.07172	2.07172	-0.369536
2.07814	2.07814	-0.373812
2.08455	2.08455	-0.378034
2.09096	2.09096	-0.382195
2.09738	2.09738	-0.386289
2.10379	2.10379	-0.390308
2.11021	2.11021	-0.394247
2.11662	2.11662	-0.398099
2.12303	2.12303	-0.401855
2.12945	2.12945	-0.405509
2.13586	2.13586	-0.409052
2.14228	2.14228	-0.412478
2.14869	2.14869	-0.415777
2.1551	2.1551	-0.418944
2.16152	2.16152	-0.421968
2.16793	2.16793	-0.424843
2.17435	2.17435	-0.42756
2.18076	2.18076	-0.430113
2.18717	2.18717	-0.432492
2.19359	2.19359	-0.434692
2.2	2.2	-0.436704
2.20642	2.20642	-0.438523
2.21283	2.21283	-0.440142
2.21924	2.21924	-0.441556
2.22566	2.22566	-0.44276
2.23207	2.23207	-0.443752
2.23849	2.23849	-0.444527
2.2449	2.2449	-0.445086
2.25131	2.25131	-0.445429
2.25773	2.25773	-0.445557
2.26414	2.26414	-0.445474
2.27056	2.27056	-0.445186
2.27697	2.27697	-0.444704
2.28338	2.28338	-0.444038
2.2898	2.2898	-0.443206
2.29621	2.29621	-0.442229
2.30263	2.30263	-0.441137
2.30904	2.30904	-0.439975
2.31545	2.31545	-0.438814
2.32187	2.32187	-0.43778
2.32828	2.32828	-0.43715
2.3347	2.3347	-0.437665
2.34111	2.34111	-0.442073
2.34752	2.34752	-0.467313
2.35394	2.35394	-0.616015
2.36035	2.36035	-0.469343
2.36677	2.36677	-0.437323
2.37318	2.37318	-0.428805
2.37959	2.37959	-0.42479
2.38601	2.38601	-0.422255
2.39242	2.39242	-0.420404
2.39884	2.39884	-0.418962
2.40525	2.40525	-0.417811
2.41166	2.41166	-0.416893
2.41808	2.41808	-0.416172
2.42449	2.42449	-0.415623
2.43091	2.43091	-0.415226
2.43732	2.43732	-0.41496
2.44373	2.44373	-0.414805
2.45015	2.45015	-0.414741
2.45656	2.45656	-0.414747
2.46298	2.46298	-0.414801
2.46939	2.46939	-0.414882
2.4758	2.4758	-0.414971
2.48222	2.48222	-0.415045
2.48863	2.48863	-0.415087
2.49505	2.49505	-0.415078
2.50146	2.50146	-0.415001
2.50787	2.50787	-0.414841
2.51429	2.51429	-0.414585
2.5207	2.5207	-0.414222
2.52712	2.52712	-0.413743
2.53353	2.53353	-0.413143
2.53994	2.53994	-0.412427
2.54636	2.54636	-0.411613
2.55277	2.55277	-0.410742
2.55919	2.55919	-0.409805
2.5656	2.5656	-0.408473
2.57201	2.57201	-0.406666
2.57843	2.57843	-0.40473
2.58484	2.58484	-0.402719
2.59126	2.59126	-0.400596
2.59767	2.59767	-0.398333
2.60408	2.60408	-0.39592
2.6105	2.6105	-0.393352
2.61691	2.61691	-0.390627
2.62333	2.62333	-0.387746
2.62974	2.62974	-0.384711
2.63615	2.63615	-0.381523
2.64257	2.64257	-0.378187
2.64898	2.64898	-0.374704
2.6554	2.6554	-0.371079
2.66181	2.66181	-0.367315
2.66822	2.66822	-0.363417
2.67464	2.67464	-0.359389
2.68105	2.68105	-0.355236
2.68747	2.68747	-0.350963
2.69388	2.69388	-0.346576
2.70029	2.70029	-0.34208
2.70671	2.70671	-0.337483
2.71312	2.71312	-0.332791
2.71954	2.71954	-0.328014
2.72595	2.72595	-0.323159
2.73236	2.73236	-0.318237
2.73878	2.73878	-0.313259
2.74519	2.74519	-0.308232
2.75161	2.75161	-0.30316
2.75802	2.75802	-0.29803
2.76443	2.76443	-0.292808
2.77085	2.77085	-0.287437
2.77726	2.77726	-0.281861
2.78368	2.78368	-0.276067
2.79009	2.79009	-0.270105
2.7965	2.7965	-0.264055
2.80292	2.80292	-0.257984
2.80933	2.80933	-0.251932
2.81575	2.81575	-0.24592
2.82216	2.82216	-0.239966
2.82857	2.82857	-0.234119
2.83499	2.83499	-0.228572
2.8414	2.8414	-0.224678
2.84782	2.84782	-0.274331
2.85423	2.85423	-0.213664
2.86064	2.86064	-0.204781
2.86706	2.86706	-0.198371
2.87347	2.87347	-0.192326
2.87989	2.87989	-0.186403
2.8863	2.8863	-0.180546
2.89271	2.89271	-0.174739
2.89913	2.89913	-0.168976
2.90554	2.90554	-0.163256
2.91196	2.91196	-0.157579
2.91837	2.91837	-0.151945
2.92478	2.92478	-0.146354
2.9312	2.9312	-0.140808
2.93761	2.93761	-0.135305
2.94403	2.94403	-0.129846
2.95044	2.95044	-0.124429
2.95685	2.95685	-0.119054
2.96327	2.96327	-0.113717
2.96968	2.96968	-0.108417
2.9761	2.9761	-0.103151
2.98251	2.98251	-0.0979141
2.98892	2.98892	-0.0927036
2.99534	2.99534	-0.0875146
3.00175	3.00175	-0.0823421
3.00817	3.00817	-0.0771805
3.01458	3.01458	-0.0720239
3.02099	3.02099	-0.0668661
3.02741	3.02741	-0.0617003
3.03382	3.03382	-0.0565197
3.04024	3.04024	-0.051317
3.04665	3.04665	-0.0460848
3.05306	3.05306	-0.0408155
3.05948	3.05948	-0.0355014
3.06589	3.06589	-0.0301348
3.07231	3.07231	-0.0247081
3.07872	3.07872	-0.0192136
3.08513	3.08513	-0.0136441
3.09155	3.09155	-0.00799239
3.09796	3.09796	-0.00225184
3.10438	3.10438	0.00358385
3.11079	3.11079	0.0095204
3.1172	3.1172	0.0155629
3.12362	3.12362	0.0217156
3.13003	3.13003	0.027982
3.13645	3.13645	0.0343646
3.14286	3.14286	0.0408649
3.14927	3.14927	0.0474832
3.15569	3.15569	0.0542184
3.1621	3.1621	0.0610683
3.16852	3.16852	0.0680291
3.17493	3.17493	0.0750955
3.18134	3.18134	0.0822607
3.18776	3.18776	0.0895164
3.19417	3.19417	0.0968525
3.20059	3.20059	0.104258
3.207	3.207	0.111718
3.21341	3.21341	0.119221
3.21983	3.21983	0.126749
3.22624	3.22624	0.134286
3.23266	3.23266	0.141814
3.23907	3.23907	0.149316
3.24548	3.24548	0.156771
3.2519	3.2519	0.164162
3.25831	3.25831	0.171471
3.26473	3.26473	0.17868
3.27114	3.27114	0.185773
3.27755	3.27755	0.192735
3.28397	3.28397	0.199553
3.29038	3.29038	0.206217
3.2968	3.2968	0.212719
3.30321	3.30321	0.219054
3.30962	3.30962	0.225218
3.31604	3.31604	0.231214
3.32245	3.32245	0.237044
3.32887	3.32887	0.242717
3.33528	3.33528	0.248241
3.34169	3.34169	0.253629
3.34811	3.34811	0.258896
3.35452	3.35452	0.264058
3.36094	3.36094	0.269135
3.36735	3.36735	0.274144
3.37376	3.37376	0.279108
3.38018	3.38018	0.284045
3.38659	3.38659	0.288976
3.39301	3.39301	0.29392
3.39942	3.39942	0.298895
3.40583	3.40583	0.303918
3.41225	3.41225	0.309003
3.41866	3.41866	0.314161
3.42508	3.42508	0.319403
3.43149	3.43149	0.324733
3.4379	3.4379	0.330156
3.44432	3.44432	0.335672
3.45073	3.45073	0.341276
3.45715	3.45715	0.346962
3.46356	3.46356	0.352719
3.46997	3.46997	0.358535
3.47639	3.47639	0.364392
3.4828	3.4828	0.370271
3.48922	3.48922	0.376151
3.49563	3.49563	0.382007
3.50204	3.50204	0.387815
3.50846	3.50846	0.393546
3.51487	3.51487	0.399175
3.52129	3.52129	0.404672
3.5277	3.5277	0.410013
3.53411	3.53411	0.415171
3.54053	3.54053	0.420123
3.54694	3.54694	0.424847
3.55336	3.55336	0.429325
3.55977	3.55977	0.433543
3.56618	3.56618	0.437491
3.5726	3.5726	0.441162
3.57901	3.57901	0.444555
3.58543	3.58543	0.447672
3.59184	3.59184	0.450524
3.59825	3.59825	0.453121
3.60467	3.60467	0.455482
3.61108	3.61108	0.457627
3.6175	3.6175	0.459579
3.62391	3.62391	0.461362
3.63032	3.63032	0.462998
3.63674	3.63674	0.464503
3.64315	3.64315	0.465871
3.64957	3.64957	0.467056
3.65598	3.65598	0.4679
3.66239	3.66239	0.467955
3.66881	3.66881	0.465938
3.67522	3.67522	0.459006
3.68164	3.68164	0.452384
3.68805	3.68805	0.463153
3.69446	3.69446	0.474369
3.70088	3.70088	0.481538
3.70729	3.70729	0.486974
3.71371	3.71371	0.49182
3.72012	3.72012	0.496522
3.72653	3.72653	0.501252
3.73295	3.73295	0.506064
3.73936	3.73936	0.51095
3.74578	3.74578	0.515866
3.75219	3.75219	0.520743
3.7586	3.7586	0.525494
3.76502	3.76502	0.530021
3.77143	3.77143	0.534219
3.77785	3.77785	0.537986
3.78426	3.78426	0.541229
3.79067	3.79067	0.543869
3.79709	3.79709	0.54585
3.8035	3.8035	0.547142
3.80992	3.80992	0.547744
3.81633	3.81633	0.547686
3.82274	3.82274	0.547028
3.82916	3.82916	0.545854
3.83557	3.83557	0.544269
3.84199	3.84199	0.542392
3.8484	3.8484	0.540349
3.85481	3.85481	0.538268
3.86123	3.86123	0.536272
3.86764	3.86764	0.534474
3.87406	3.87406	0.532974
3.88047	3.88047	0.531858
3.88688	3.88688	0.531191
3.8933	3.8933	0.531022
3.89971	3.89971	0.531378
3.90613	3.90613	0.532267
3.91254	3.91254	0.533676
3.91895	3.91895	0.53557
3.92537	3.92537	0.537894
3.93178	3.93178	0.540574
3.9382	3.9382	0.543516
3.94461	3.94461	0.546609
3.95102	3.95102	0.549731
3.95744	3.95744	0.552748
3.96385	3.96385	0.555527
3.97027	3.97027	0.557938
3.97668	3.97668	0.559865
3.98309	3.98309	0.561213
3.98951	3.98951	0.561917
3.99592	3.99592	0.561947
4.00234	4.00234	0.561307
4.00875	4.00875	0.560042
4.01516	4.01516	0.558228
4.02158	4.02158	0.555967
4.02799	4.02799	0.553377
4.03441	4.03441	0.550585
4.04082	4.04082	0.547713
4.04723	4.04723	0.544876
4.05365	4.05365	0.542167
4.06006	4.06006	0.539659
4.06648	4.06648	0.5374
4.07289	4.07289	0.535412
4.0793	4.0793	0.533694
4.08572	4.08572	0.53222
4.09213	4.09213	0.530943
4.09855	4.09855	0.5298
4.10496	4.10496	0.52871
4.11137	4.11137	0.52758
4.11779	4.11779	0.526303
4.1242	4.1242	0.524762
4.13062	4.13062	0.522818
4.13703	4.13703	0.520308
4.14344	4.14344	0.517014
4.14986	4.14986	0.512618
4.15627	4.15627	0.506596
4.16269	4.16269	0.497995
4.1691	4.1691	0.485043
4.17551	4.17551	0.465162
4.18193	4.18193	0.440341
4.18834	4.18834	0.431627
4.19476	4.19476	0.446771
4.20117	4.20117	0.460736
4.20758	4.20758	0.466426
4.214	4.214	0.46685
4.22041	4.22041	0.464527
4.22683	4.22683	0.460789
4.23324	4.23324	0.456329
4.23965	4.23965	0.451533
4.24607	4.24607	0.446632
4.25248	4.25248	0.441775
4.2589	4.2589	0.43706
4.26531	4.26531	0.432554
4.27172	4.27172	0.428301
4.27814	4.27814	0.424324
4.28455	4.28455	0.420634
4.29097	4.29097	0.417228
4.29738	4.29738	0.41409
4.30379	4.30379	0.411197
4.31021	4.31021	0.408516
4.31662	4.31662	0.406007
4.32304	4.32304	0.403622
4.32945	4.32945	0.40131
4.33586	4.33586	0.399015
4.34228	4.34228	0.396679
4.34869	4.34869	0.394241
4.35511	4.35511	0.391643
4.36152	4.36152	0.388826
4.36793	4.36793	0.385736
4.37435	4.37435	0.382324
4.38076	4.38076	0.378547
4.38718	4.38718	0.374368
4.39359	4.39359	0.369761
4.4	4.4	0.364708
4.40642	4.40642	0.359203
4.41283	4.41283	0.353248
4.41925	4.41925	0.346857
4.42566	4.42566	0.340055
4.43207	4.43207	0.332872
4.43849	4.43849	0.325351
4.4449	4.4449	0.317539
4.45132	4.45132	0.309489
4.45773	4.45773	0.301257
4.46414	4.46414	0.292901
4.47056	4.47056	0.284482
4.47697	4.47697	0.276057
4.48339	4.48339	0.267683
4.4898	4.4898	0.259413
4.49621	4.49621	0.251296
4.50263	4.50263	0.243376
4.50904	4.50904	0.235691
4.51546	4.51546	0.228274
4.52187	4.52187	0.221149
4.52828	4.52828	0.214336
4.5347	4.5347	0.207848
4.54111	4.54111	0.201691
4.54753	4.54753	0.195861
4.55394	4.55394	0.190352
4.56035	4.56035	0.185149
4.56677	4.56677	0.18023
4.57318	4.57318	0.175566
4.5796	4.5796	0.171124
4.58601	4.58601	0.166865
4.59242	4.59242	0.162745
4.59884	4.59884	0.158715
4.60525	4.60525	0.154725
4.61167	4.61167	0.150723
4.61808	4.61808	0.146656
4.62449	4.62449	0.142473
4.63091	4.63091	0.138128
4.63732	4.63732	0.133577
4.64374	4.64374	0.128785
4.65015	4.65015	0.123722
4.65656	4.65656	0.118367
4.66298	4.66298	0.112709
4.66939	4.66939	0.106745
4.67581	4.67581	0.10048
4.68222	4.68222	0.0939275
4.68863	4.68863	0.0871067
4.69505	4.69505	0.080043
4.70146	4.70146	0.0727652
4.70788	4.70788	0.065305
4.71429	4.71429	0.0576949
4.7207	4.7207	0.0499679
4.72712	4.72712	0.0421556
4.73353	4.73353	0.0342881
4.73995	4.73995	0.0263929
4.74636	4.74636	0.0184949
4.75277	4.75277	0.0106159
4.75919	4.75919	0.00277457
4.7656	4.7656	-0.00501324
4.77202	4.77202	-0.0127347
4.77843	4.77843	-0.0203795
4.78484	4.78484	-0.0279399
4.79126	4.79126	-0.0354102
4.79767	4.79767	-0.0427866
4.80409	4.80409	-0.0500669
4.8105	4.8105	-0.0572502
4.81691	4.81691	-0.0643368
4.82333	4.82333	-0.0713278
4.82974	4.82974	-0.0782251
4.83616	4.83616	-0.0850309
4.84257	4.84257	-0.0917481
4.84898	4.84898	-0.0983796
4.8554	4.8554	-0.104929
4.86181	4.86181	-0.111398
4.86823	4.86823	-0.117791
4.87464	4.87464	-0.12411
4.88105	4.88105	-0.130359
4.88747	4.88747	-0.13654
4.89388	4.89388	-0.142654
4.9003	4.9003	-0.148705
4.90671	4.90671	-0.154692
4.91312	4.91312	-0.160618
4.91954	4.91954	-0.166484
4.92595	4.92595	-0.172288
4.93237	4.93237	-0.178031
4.93878	4.93878	-0.183712
4.94519	4.94519	-0.18933
4.95161	4.95161	-0.194882
4.95802	4.95802	-0.200365
4.96444	4.96444	-0.205776
4.97085	4.97085	-0.21111
4.97726	4.97726	-0.216361
4.98368	4.98368	-0.221522
4.99009	4.99009	-0.226585
4.99651	4.99651	-0.231539
5.00292	5.00292	-0.236371
5.00933	5.00933	-0.241063
5.01575	5.01575	-0.245592
5.02216	5.02216	-0.249928
5.02858	5.02858	-0.254027
5.03499	5.03499	-0.257823
5.0414	5.0414	-0.261218
5.04782	5.04782	-0.264055
5.05423	5.05423	-0.266072
5.06065	5.06065	-0.266831
5.06706	5.06706	-0.265608
5.07347	5.07347	-0.261411
5.07989	5.07989	-0.253902
5.0863	5.0863	-0.246898
5.09272	5.09272	-0.249369
5.09913	5.09913	-0.262113
5.10554	5.10554	-0.276469
5.11196	5.11196	-0.288014
5.11837	5.11837	-0.296733
5.12479	5.12479	-0.303522
5.1312	5.1312	-0.309095
5.13761	5.13761	-0.313909
5.14403	5.14403	-0.318248
5.15044	5.15044	-0.322292
5.15686	5.15686	-0.326162
5.16327	5.16327	-0.329939
5.16968	5.16968	-0.333683
5.1761	5.1761	-0.337436
5.18251	5.18251	-0.341228
5.18893	5.18893	-0.345081
5.19534	5.19534	-0.349004
5.20175	5.20175	-0.353003
5.20817	5.20817	-0.357075
5.21458	5.21458	-0.361212
5.221	5.221	-0.365399
5.22741	5.22741	-0.369619
5.23382	5.23382	-0.37385
5.24024	5.24024	-0.378068
5.24665	5.24665	-0.382249
5.25307	5.25307	-0.386367
5.25948	5.25948	-0.390398
5.26589	5.26589	-0.39432
5.27231	5.27231	-0.398111
5.27872	5.27872	-0.401755
5.28514	5.28514	-0.405237
5.29155	5.29155	-0.408547
5.29796	5.29796	-0.411676
5.30438	5.30438	-0.414622
5.31079	5.31079	-0.417383
5.31721	5.31721	-0.419962
5.32362	5.32362	-0.422363
5.33003	5.33003	-0.424593
5.33645	5.33645	-0.426662
5.34286	5.34286	-0.428578
5.34928	5.34928	-0.430353
5.35569	5.35569	-0.431999
5.3621	5.3621	-0.433529
5.36852	5.36852	-0.434953
5.37493	5.37493	-0.436284
5.38135	5.38135	-0.437534
5.38776	5.38776	-0.438713
5.39417	5.39417	-0.43983
5.40059	5.40059	-0.440895
5.407	5.407	-0.441916
5.41342	5.41342	-0.442899
5.41983	5.41983	-0.443849
5.42624	5.42624	-0.444772
5.43266	5.43266	-0.44567
5.43907	5.43907	-0.446546
5.44549	5.44549	-0.4474
5.4519	5.4519	-0.448231
5.45831	5.45831	-0.44904
5.46473	5.46473	-0.449823
5.47114	5.47114	-0.450576
5.47756	5.47756	-0.451297
5.48397	5.48397	-0.45198
5.49038	5.49038	-0.452618
5.4968	5.4968	-0.453206
5.50321	5.50321	-0.453737
5.50963	5.50963	-0.454202
5.51604	5.51604	-0.454595
5.52245	5.52245	-0.454906
5.52887	5.52887	-0.455126
5.53528	5.53528	-0.455247
5.5417	5.5417	-0.455261
5.54811	5.54811	-0.455157
5.55452	5.55452	-0.454927
5.56094	5.56094	-0.454562
5.56735	5.56735	-0.454055
5.57377	5.57377	-0.453396
5.58018	5.58018	-0.452578
5.58659	5.58659	-0.451594
5.59301	5.59301	-0.450438
5.59942	5.59942	-0.449104
5.60584	5.60584	-0.447587
5.61225	5.61225	-0.445884
5.61866	5.61866	-0.443991
5.62508	5.62508	-0.441906
5.63149	5.63149	-0.439627
5.63791	5.63791	-0.437152
5.64432	5.64432	-0.434478
5.65073	5.65073	-0.431597
5.65715	5.65715	-0.428492
5.66356	5.66356	-0.425126
5.66998	5.66998	-0.421401
5.67639	5.67639	-0.417059
5.6828	5.6828	-0.411297
5.68922	5.68922	-0.401451
5.69563	5.69563	-0.389704
5.70205	5.70205	-0.39698
5.70846	5.70846	-0.399221
5.71487	5.71487	-0.39748
5.72129	5.72129	-0.394649
5.7277	5.7277	-0.391506
5.73412	5.73412	-0.388304
5.74053	5.74053	-0.385155
5.74694	5.74694	-0.382121
5.75336	5.75336	-0.379245
5.75977	5.75977	-0.376557
5.76619	5.76619	-0.374083
5.7726	5.7726	-0.371838
5.77901	5.77901	-0.369833
5.78543	5.78543	-0.368072
5.79184	5.79184	-0.366549
5.79826	5.79826	-0.365248
5.80467	5.80467	-0.364144
5.81108	5.81108	-0.363198
5.8175	5.8175	-0.362359
5.82391	5.82391	-0.361562
5.83033	5.83033	-0.360729
5.83674	5.83674	-0.359768
5.84315	5.84315	-0.358572
5.84957	5.84957	-0.35703
5.85598	5.85598	-0.355022
5.8624	5.8624	-0.352428
5.86881	5.86881	-0.349139
5.87522	5.87522	-0.345063
5.88164	5.88164	-0.340136
5.88805	5.88805	-0.334337
5.89447	5.89447	-0.327693
5.90088	5.90088	-0.320291
5.90729	5.90729	-0.312272
5.91371	5.91371	-0.303833
5.92012	5.92012	-0.295202
5.92654	5.92654	-0.28662
5.93295	5.93295	-0.278314
5.93936	5.93936	-0.270466
5.94578	5.94578	-0.263197
5.95219	5.95219	-0.256554
5.95861	5.95861	-0.250517
5.96502	5.96502	-0.245008
5.97143	5.97143	-0.239911
5.97785	5.97785	-0.235094
5.98426	5.98426	-0.230422
5.99068	5.99068	-0.225775
5.99709	5.99709	-0.221056
6.0035	6.0035	-0.21619
6.00992	6.00992	-0.211125
6.01633	6.01633	-0.205834
6.02275	6.02275	-0.200303
6.02916	6.02916	-0.194536
6.03557	6.03557	-0.188544
6.04199	6.04199	-0.182346
6.0484	6.0484	-0.175962
6.05482	6.05482	-0.169419
6.06123	6.06123	-0.162739
6.06764	6.06764	-0.155947
6.07406	6.07406	-0.149064
6.08047	6.08047	-0.142111
6.08689	6.08689	-0.135106
6.0933	6.0933	-0.128064
6.09971	6.09971	-0.121
6.10613	6.10613	-0.113925
6.11254	6.11254	-0.106848
6.11896	6.11896	-0.0997782
6.12537	6.12537	-0.0927218
6.13178	6.13178	-0.0856841
6.1382	6.1382	-0.0786688
6.14461	6.14461	-0.0716792
6.15103	6.15103	-0.0647173
6.15744	6.15744	-0.0577844
6.16385	6.16385	-0.0508816
6.17027	6.17027	-0.044009
6.17668	6.17668	-0.0371668
6.1831	6.1831	-0.0303546
6.18951	6.18951	-0.023572
6.19592	6.19592	-0.0168183
6.20234	6.20234	-0.0100929
6.20875	6.20875	-0.00339487
6.21517	6.21517	0.00327645
6.22158	6.22158	0.00992182
6.22799	6.22799	0.0165419
6.23441	6.23441	0.0231374
6.24082	6.24082	0.0297089
6.24724	6.24724	0.0362567
6.25365	6.25365	0.0427814
6.26006	6.26006	0.0492833
6.26648	6.26648	0.0557625
6.27289	6.27289	0.0622193
6.27931	6.27931	0.0686537
6.28572	6.28572	0.0750657
6.29213	6.29213	0.0814554
6.29855	6.29855	0.0878224
6.30496	6.30496	0.0941668
6.31138	6.31138	0.100488
6.31779	6.31779	0.106786
6.3242	6.3242	0.113061
6.33062	6.33062	0.119311
6.33703	6.33703	0.125537
6.34345	6.34345	0.131738
6.34986	6.34986	0.137913
6.35627	6.35627	0.144062
6.36269	6.36269	0.150182
6.3691	6.3691	0.156275
6.37552	6.37552	0.162337
6.38193	6.38193	0.168367
6.38834	6.38834	0.174365
6.39476	6.39476	0.180327
6.40117	6.40117	0.186251
6.40759	6.40759	0.192134
