6.00436   3.69452   0.137439   0.0983014   2.88205   0.999999
5.60895   2.58923   0.44506   0.138122   -0.802159   0.999999
5.22761   6.68691   0.28386   0.116644   -0.387219   1
3.51742   5.26124   0.0630997   0.102024   1.46484   1
1.66547   4.18193   0.519861   0.000126929   0.42462   1
2.604   3.92667   0.0450803   0.0525174   3.40145   1
4.65989   2.2439   0.132825   0.216834   0.505377   1
0.70032   5.82582   0.21034   0.499268   1.24519   1
6.5473   1.209   0.331824   0.659825   1.1296   1
4.80003   1.32853   0.385916   0.321132   0.276852   1
0.933946   4.9969   0.296668   0.784856   0.100832   0.999999
1.08542   4.39311   0.188459   0.214401   2.83367   1
3.67496   0.0243167   0.022029   1.29391   0.432118   0.999999
5.98065   5.69252   0.156636   1.54911e-05   -0.406689   1
1.83438   1.36558   0.00168888   0.19493   -0.237031   1
3.82464   5.97676   0.0284222   0.0576121   4.70674   1
0.886804   4.08922   0.118629   0.15903   5.48134   1
6.2001   3.38446   0.118068   0.112473   2.15534   1
0.912353   3.2747   0.249909   0.322251   0.433792   1
2.56266   2.84827   0.0105373   0.00130206   -1.73934   1
5.08992   2.21122   0.0123396   0.753171   -0.208408   1
5.3142   -0.0864893   0.199738   0.57074   -0.890601   1
1.79992   5.9924   0.525426   0.423569   -1.16169   0.999999
2.24062   5.05319   0.213481   0.455693   -0.714227   1
2.35399   2.77693   0.00273086   0.0336554   -2.01635   1
