 Location  Dispersion    Centroids   Volume
-0.0038727   0.0369128   0.00737538   0.999746
0.0515256   0.0413402   0.110225   1.00013
0.123098   0.0459264   0.154456   1.00016
0.179427   0.0485311   0.261341   1.00012
0.24433   0.0387067   0.310939   0.999915
0.299226   0.036851   0.348979   0.999855
0.362727   0.0385463   0.371314   0.999877
0.422798   0.0469974   0.468989   1.00026
0.491853   0.0446917   0.497329   1.00018
0.553261   0.0407331   0.588631   0.999945
0.60953   0.035148   0.656386   0.999822
0.666512   0.0386031   0.668836   0.999956
0.72388   0.0403599   0.718063   0.99999
0.781188   0.0364688   0.734213   0.99981
0.841734   0.0451317   0.779932   1.00015
0.905622   0.045894   0.847659   1.0002
0.970659   0.0407845   0.878179   1.00003
1.03535   0.0359435   0.918681   0.999857
1.09276   0.0390966   0.944502   1
1.15202   0.0396905   0.942898   0.999928
1.21054   0.0431177   0.988891   1.00009
1.27342   0.0406623   1.00218   1.00002
1.3323   0.04056   0.995684   0.999749
1.38514   0.0453601   1.04351   1.00014
1.45107   0.041744   1.03097   1.00006
1.51198   0.0401959   1.05756   0.999993
1.57157   0.0404995   1.04621   1.00001
1.63308   0.0413055   1.04827   1.00002
1.69654   0.0394433   1.04845   0.999914
1.75647   0.0408365   1.03686   1.00006
1.81637   0.0384084   1.03525   0.99989
1.87597   0.043161   1.01914   1.00014
1.93704   0.0398525   0.982909   0.999936
1.99723   0.0404411   0.961571   1.00005
2.05984   0.0424191   0.969223   1
2.11682   0.042483   0.875441   1.00001
2.18321   0.043741   0.878857   1.00027
2.24529   0.035851   0.811057   0.999772
2.29883   0.0390143   0.781387   0.999934
2.36596   0.0414996   0.752399   1.00014
2.42635   0.0361093   0.717924   0.999882
2.48257   0.0366852   0.662395   0.999889
2.54508   0.0433394   0.623546   1.00023
2.60608   0.0380379   0.53882   0.999871
2.667   0.0427413   0.540236   1.00003
2.72128   0.0423239   0.420841   0.999943
2.78157   0.0369179   0.396649   0.999939
2.83796   0.0365012   0.367318   0.999806
2.89533   0.0425242   0.311842   1.00012
2.95774   0.0390204   0.260829   1.00001
3.02524   0.0423578   0.183226   0.999925
3.09267   0.0529861   0.0992352   1.00061
3.15788   0.0408973   0.0205641   0.999786
3.21341   0.0385753   -0.0311989   0.999859
3.27718   0.0435153   -0.0884891   1.00032
3.33597   0.0344365   -0.167171   0.999619
3.38798   0.0366173   -0.191228   0.999983
3.44719   0.0367316   -0.240089   0.99988
3.50766   0.0444097   -0.304559   1.00015
3.57092   0.0443976   -0.389819   1.00012
3.62988   0.0380133   -0.417056   0.999864
3.70116   0.0442242   -0.484404   1.00027
3.76399   0.0386626   -0.541886   1.00002
3.82216   0.0328639   -0.586089   0.999751
3.87432   0.0379938   -0.594043   0.999889
3.93442   0.0419652   -0.643309   1.00012
4.00218   0.0465066   -0.713904   1.00028
4.05947   0.0368959   -0.77118   0.999698
4.11564   0.0392156   -0.76542   1.00003
4.17715   0.0374549   -0.810854   0.999989
4.23784   0.0435611   -0.818549   0.999944
4.29314   0.0432662   -0.893106   1.00005
4.36097   0.0410125   -0.863991   0.999918
4.42165   0.0445705   -0.9231   1.00018
4.48157   0.0385044   -0.901852   0.999648
4.53544   0.0463104   -0.95611   1.00023
4.60166   0.0405185   -0.942309   1.00003
4.66213   0.0394782   -0.950353   0.999982
4.72569   0.0433572   -0.949056   1.00017
4.78249   0.0380541   -0.920376   0.999752
4.84053   0.0414359   -0.942992   1.00009
4.9024   0.0396316   -0.94734   1.00002
4.96348   0.0404076   -0.918793   0.99998
5.0275   0.0401936   -0.906312   1
5.08747   0.0372989   -0.878741   0.999955
5.14737   0.0395235   -0.849667   0.999989
5.2095   0.0444566   -0.823236   1.00014
5.26761   0.0390131   -0.780695   0.999912
5.33211   0.0418017   -0.756287   1.00011
5.3899   0.0421172   -0.716182   0.999966
5.44937   0.0381894   -0.671172   0.999933
5.50908   0.0397711   -0.629521   1.00003
5.57379   0.0447731   -0.644804   1.00007
5.62581   0.0436731   -0.523252   0.99989
5.69245   0.0387281   -0.517663   0.99983
5.75074   0.044361   -0.461449   1.00024
5.81217   0.0363944   -0.412549   0.999772
5.8732   0.0434798   -0.340051   1.00026
5.93558   0.038508   -0.260923   0.999899
5.99386   0.0399604   -0.26525   1.00001
