 Location  Dispersion    Centroids   Volume
6.47031e-05   0.010631   -0.000613384   1.00003
0.0300771   0.0103742   0.0294775   0.999976
0.0600076   0.0106438   0.0598204   1
0.0900092   0.0106693   0.0898217   0.999999
0.120006   0.0106793   0.119722   1
0.150005   0.0106794   0.149463   1
0.180004   0.010675   0.179065   1
0.210004   0.0106687   0.208502   1
0.240003   0.0106612   0.23775   1
0.270002   0.0106525   0.266784   1
0.300002   0.0106429   0.295577   1
0.330001   0.0106323   0.324104   1
0.360001   0.0106209   0.352339   1
0.39   0.0106086   0.380258   1
0.42   0.0105955   0.407834   1
0.449999   0.0105816   0.435042   1
0.479999   0.0105669   0.461859   1
0.509999   0.0105516   0.488261   1
0.539998   0.0105357   0.514222   1
0.569998   0.0105192   0.539721   1
0.599997   0.0105029   0.564732   1
0.629997   0.0104862   0.589226   1
0.659998   0.010478   0.613208   1
0.690009   0.0104789   0.636445   1
0.720049   0.0106119   0.660643   0.999996
0.75595   0.0105841   0.685017   0.999995
0.785983   0.0104202   0.707811   1
0.815995   0.0103771   0.728522   1
0.845995   0.0103496   0.748752   1
0.875995   0.0103291   0.768293   1
0.905995   0.0103091   0.787151   1
0.935995   0.0102899   0.805301   1
0.965995   0.0102709   0.822727   1
0.995995   0.0102523   0.839412   1
1.02599   0.0102341   0.855342   1
1.056   0.0102163   0.870503   1
1.086   0.0101991   0.884879   1
1.116   0.0101825   0.89846   1
1.146   0.0101665   0.911232   1
1.176   0.0101514   0.923184   1
1.206   0.010137   0.934305   1
1.236   0.0101235   0.944585   1
1.266   0.0101109   0.954016   1
1.296   0.0100993   0.962588   1
1.326   0.0100888   0.970294   1
1.356   0.0100794   0.977127   1
1.386   0.0100711   0.98308   1
1.416   0.010064   0.988149   1
1.446   0.0100581   0.992329   1
1.476   0.0100534   0.995616   1
1.506   0.01005   0.998007   1
1.536   0.0100479   0.9995   1
1.566   0.0100471   1.00009   1
1.596   0.0100476   0.999788   1
1.626   0.0100494   0.998582   1
1.656   0.0100524   0.996478   1
1.686   0.0100567   0.993477   1
1.716   0.0100623   0.989582   1
1.746   0.0100691   0.984797   1
1.776   0.0100771   0.979126   1
1.806   0.0100862   0.972574   1
1.836   0.0100965   0.965146   1
1.866   0.0101078   0.95685   1
1.89601   0.0101201   0.947693   1
1.92601   0.0101334   0.937684   1
1.95601   0.0101475   0.92683   1
1.98601   0.0101625   0.915142   1
2.01601   0.0101783   0.902631   1
2.04601   0.0101948   0.889308   1
2.07601   0.0102119   0.875184   1
2.10601   0.0102299   0.860273   1
2.13601   0.0102486   0.844594   1
2.16601   0.0102736   0.828142   1
2.19602   0.0103105   0.811094   1
2.22605   0.0104653   0.792071   0.999999
2.26198   0.010436   0.771555   0.999995
2.292   0.010368   0.750988   1
2.32201   0.0103722   0.730972   1
2.35201   0.0103865   0.710159   1
2.38201   0.0104054   0.688723   1
2.41201   0.0104241   0.666661   1
2.44201   0.010443   0.643999   1
2.47201   0.0104615   0.620757   1
2.50201   0.0104797   0.596957   1
2.53201   0.0104975   0.572619   1
2.56201   0.0105148   0.547765   1
2.59201   0.0105315   0.522419   1
2.62201   0.0105477   0.496602   1
2.65201   0.0105632   0.470338   1
2.68201   0.010578   0.443651   1
2.71201   0.0105921   0.416564   1
2.74201   0.0106054   0.389102   1
2.77201   0.0106179   0.36129   1
2.80201   0.0106296   0.333153   1
2.83201   0.0106404   0.304716   1
2.86201   0.0106503   0.276005   1
2.89201   0.0106592   0.247045   1
2.92201   0.0106672   0.217863   1
2.95201   0.0106742   0.188485   1
2.98201   0.0106802   0.158937   1
3.01201   0.0106852   0.129246   1
3.04201   0.0106891   0.0994383   1
3.07201   0.0106921   0.0695415   1
3.10201   0.0106939   0.039582   1
3.13201   0.0106948   0.00958688   1
3.16201   0.0106945   -0.0204168   1
3.19201   0.0106932   -0.0504021   1
3.22201   0.0106909   -0.0803421   1
3.25201   0.0106875   -0.11021   1
3.282   0.0106831   -0.139978   1
3.312   0.0106777   -0.16962   1
3.342   0.0106713   -0.19911   1
3.372   0.0106638   -0.22842   1
3.402   0.0106554   -0.257525   1
3.432   0.0106461   -0.286398   1
3.462   0.0106358   -0.315013   1
3.492   0.0106246   -0.343344   1
3.522   0.0106126   -0.371367   1
3.552   0.0105999   -0.399054   1
3.582   0.0105864   -0.426382   1
3.612   0.0105732   -0.453325   1
3.642   0.0105595   -0.479848   1
3.672   0.0105565   -0.505958   1
3.70201   0.0105625   -0.531389   1.00001
3.73206   0.0107284   -0.558062   0.999995
3.76794   0.0106945   -0.58512   0.999994
3.79798   0.0105084   -0.610581   1.00001
3.828   0.010463   -0.633873   1
3.858   0.0104338   -0.656795   1
3.888   0.0104132   -0.67911   1
3.918   0.0103931   -0.700825   1
3.948   0.0103735   -0.721911   1
3.978   0.010354   -0.742347   1
4.008   0.0103346   -0.762114   1
4.038   0.0103152   -0.781196   1
4.06799   0.010296   -0.799575   1
4.09799   0.0102769   -0.817235   1
4.12799   0.0102582   -0.834159   1
4.15799   0.0102399   -0.850332   1
4.18799   0.010222   -0.86574   1
4.218   0.0102046   -0.880368   1
4.248   0.0101877   -0.894205   1
4.278   0.0101716   -0.907237   1
4.308   0.0101561   -0.919452   1
4.338   0.0101415   -0.93084   1
4.368   0.0101277   -0.94139   1
4.398   0.0101148   -0.951093   1
4.428   0.0101029   -0.959941   1
4.458   0.0100921   -0.967924   1
4.488   0.0100823   -0.975037   1
4.518   0.0100736   -0.981272   1
4.548   0.0100661   -0.986625   1
4.578   0.0100598   -0.991089   1
4.608   0.0100548   -0.994662   1
4.638   0.010051   -0.99734   1
4.668   0.0100485   -0.99912   1
4.698   0.0100472   -1   1
4.728   0.0100473   -0.999984   1
4.758   0.0100487   -0.999065   1
4.788   0.0100513   -0.997248   1
4.818   0.0100552   -0.994534   1
4.848   0.0100604   -0.990925   1
4.878   0.0100668   -0.986424   1
4.908   0.0100744   -0.981036   1
4.938   0.0100832   -0.974764   1
4.968   0.0100931   -0.967616   1
4.998   0.0101041   -0.959597   1
5.02801   0.0101161   -0.950715   1
5.05801   0.010129   -0.940977   1
5.08801   0.0101429   -0.930392   1
5.11801   0.0101578   -0.91897   1
5.14801   0.0101736   -0.906725   1
5.17801   0.010194   -0.893653   1
5.20801   0.0102244   -0.87989   1
5.23804   0.0103427   -0.864329   1
5.27399   0.0103196   -0.847329   0.999997
5.304   0.0102782   -0.830057   1
5.33401   0.0102863   -0.813054   1
5.36401   0.0103022   -0.795209   1
5.39401   0.0103213   -0.776663   1
5.42401   0.0103405   -0.757414   1
5.45401   0.01036   -0.737483   1
5.48401   0.0103794   -0.716888   1
5.51401   0.0103988   -0.695648   1
5.54401   0.010418   -0.673782   1
5.57401   0.0104369   -0.65131   1
5.60401   0.0104556   -0.628251   1
5.63401   0.0104739   -0.604627   1
5.66401   0.0104918   -0.580458   1
5.69401   0.0105093   -0.555767   1
5.72401   0.0105262   -0.530576   1
5.75401   0.0105425   -0.504906   1
5.78401   0.0105581   -0.478783   1
5.81401   0.0105727   -0.452227   1
5.84401   0.0105859   -0.42526   1
5.87401   0.0105951   -0.397907   1
5.90401   0.010595   -0.370146   0.999999
5.93401   0.0105797   -0.342033   1
5.96395   0.0103233   -0.313299   0.999977
5.99395   0.0105493   -0.284628   1.00002
