 Location  Dispersion    Centroids   Volume
0.00224724   0.0516059   -0.0382004   1.00619
0.12209   0.0482663   0.0923511   1.00256
0.2466   0.0391578   0.227177   0.997656
0.366124   0.0395322   0.345725   0.99813
0.491884   0.0405594   0.462074   0.99899
0.611594   0.0439842   0.575654   1.00162
0.732929   0.0441837   0.67034   1.00044
0.858563   0.0477513   0.765721   1.00217
0.978302   0.0494814   0.845616   1.00335
1.09821   0.051484   0.913916   1.00476
1.22404   0.0523981   0.966572   1.00564
1.34564   0.0544115   1.00203   1.00615
1.46958   0.0557184   1.03177   1.0076
1.5909   0.0548464   1.03865   1.00783
1.71113   0.0563234   1.03276   1.0088
1.83524   0.0590547   0.982667   1.00753
1.94653   0.0408216   1.05458   1.01081
2.08408   0.0575972   0.906036   1.01165
2.20289   0.0578732   0.843646   1.01038
2.32438   0.0580446   0.756771   1.01115
2.44698   0.0402453   0.699786   1.00921
2.58197   0.0582923   0.476417   1.01436
2.69077   0.0617557   0.499896   1.01422
2.81603   0.0588778   0.334071   1.01334
2.93572   0.059324   0.210935   1.01293
3.0605   0.0577802   0.0859088   1.01238
3.18115   0.0583482   -0.0527897   1.01486
3.30155   0.0604886   -0.182742   1.01991
3.42951   0.0718581   -0.283671   1.03416
3.5983   0.0692494   -0.754861   1.09023
3.89169   0.00931468   -1.2893   1.70813
3.64768   0.404343   0.256747   0.00124165
3.93137   0.00695974   4.87979   2.56003
3.99388   -0.0140719   -0.678339   1.43139
3.96997   -0.00847677   -1.81903   1.76241
4.2422   0.0550343   -1.03678   1.08306
4.40218   0.0415297   -1.01468   1.04349
4.52367   0.0502767   -1.02981   1.03244
4.64986   0.0551605   -1.05224   1.02267
4.77241   0.056541   -1.03731   1.01805
4.89736   0.055516   -1.02312   1.01442
5.0173   0.0545696   -0.98726   1.01099
5.13673   0.0544527   -0.936253   1.00836
5.26218   0.0531421   -0.872654   1.00636
5.38248   0.0502583   -0.794656   1.00435
5.50219   0.0470381   -0.701763   1.00233
5.62799   0.0448034   -0.605847   1.00131
5.74829   0.0406402   -0.490404   0.999043
5.87445   0.0433105   -0.381057   0.99994
5.99239   0.0474385   -0.253488   1.00446
