 x 	V[Y|X = x] 
0	0.0468177
0.003	0.0472712
0.006	0.0477244
0.009	0.0481769
0.012	0.0486285
0.015	0.049079
0.018	0.049528
0.021	0.0499754
0.024	0.0504209
0.027	0.0508642
0.03	0.0513052
0.033	0.0517436
0.036	0.0521791
0.039	0.0526115
0.042	0.0530407
0.045	0.0534664
0.048	0.0538885
0.051	0.0543066
0.054	0.0547207
0.057	0.0551306
0.06	0.0555361
0.063	0.0559371
0.066	0.0563333
0.069	0.0567247
0.072	0.0571111
0.075	0.0574924
0.078	0.0578685
0.081	0.0582392
0.084	0.0586046
0.087	0.0589644
0.09	0.0593187
0.093	0.0596673
0.096	0.0600102
0.099	0.0603473
0.102	0.0606786
0.105	0.061004
0.108	0.0613236
0.111	0.0616373
0.114	0.061945
0.117	0.0622469
0.12	0.0625428
0.123	0.0628328
0.126	0.063117
0.129	0.0633952
0.132	0.0636676
0.135	0.0639342
0.138	0.0641951
0.141	0.0644502
0.144	0.0646996
0.147	0.0649434
0.15	0.0651816
0.153	0.0654142
0.156	0.0656414
0.159	0.0658633
0.162	0.0660798
0.165	0.066291
0.168	0.066497
0.171	0.066698
0.174	0.0668938
0.177	0.0670848
0.18	0.0672708
0.183	0.067452
0.186	0.0676285
0.189	0.0678003
0.192	0.0679675
0.195	0.0681302
0.198	0.0682885
0.201	0.0684424
0.204	0.068592
0.207	0.0687374
0.21	0.0688786
0.213	0.0690157
0.216	0.0691488
0.219	0.069278
0.222	0.0694032
0.225	0.0695246
0.228	0.0696422
0.231	0.069756
0.234	0.0698661
0.237	0.0699726
0.24	0.0700754
0.243	0.0701747
0.246	0.0702703
0.249	0.0703625
0.252	0.0704511
0.255	0.0705363
0.258	0.070618
0.261	0.0706962
0.264	0.070771
0.267	0.0708423
0.27	0.0709102
0.273	0.0709746
0.276	0.0710355
0.279	0.071093
0.282	0.0711469
0.285	0.0711974
0.288	0.0712442
0.291	0.0712876
0.294	0.0713273
0.297	0.0713633
0.3	0.0713957
0.303	0.0714244
0.306	0.0714493
0.309	0.0714704
0.312	0.0714876
0.315	0.0715008
0.318	0.0715102
0.321	0.0715155
0.324	0.0715167
0.327	0.0715137
0.33	0.0715066
0.333	0.0714952
0.336	0.0714796
0.339	0.0714595
0.342	0.071435
0.345	0.0714061
0.348	0.0713727
0.351	0.0713346
0.354	0.071292
0.357	0.0712447
0.36	0.0711928
0.363	0.0711361
0.366	0.0710746
0.369	0.0710084
0.372	0.0709374
0.375	0.0708617
0.378	0.0707811
0.381	0.0706957
0.384	0.0706055
0.387	0.0705105
0.39	0.0704108
0.393	0.0703064
0.396	0.0701973
0.399	0.0700836
0.402	0.0699653
0.405	0.0698425
0.408	0.0697153
0.411	0.0695838
0.414	0.0694479
0.417	0.069308
0.42	0.0691639
0.423	0.069016
0.426	0.0688642
0.429	0.0687087
0.432	0.0685497
0.435	0.0683873
0.438	0.0682217
0.441	0.0680529
0.444	0.0678812
0.447	0.0677067
0.45	0.0675297
0.453	0.0673502
0.456	0.0671685
0.459	0.0669847
0.462	0.066799
0.465	0.0666116
0.468	0.0664228
0.471	0.0662326
0.474	0.0660413
0.477	0.065849
0.48	0.0656559
0.483	0.0654623
0.486	0.0652683
0.489	0.0650741
0.492	0.0648798
0.495	0.0646856
0.498	0.0644918
0.501	0.0642984
0.504	0.0641056
0.507	0.0639136
0.51	0.0637225
0.513	0.0635324
0.516	0.0633436
0.519	0.063156
0.522	0.0629699
0.525	0.0627853
0.528	0.0626024
0.531	0.0624213
0.534	0.062242
0.537	0.0620646
0.54	0.0618893
0.543	0.061716
0.546	0.0615449
0.549	0.061376
0.552	0.0612094
0.555	0.061045
0.558	0.060883
0.561	0.0607233
0.564	0.060566
0.567	0.0604111
0.57	0.0602586
0.573	0.0601084
0.576	0.0599607
0.579	0.0598153
0.582	0.0596723
0.585	0.0595317
0.588	0.0593933
0.591	0.0592572
0.594	0.0591234
0.597	0.0589917
0.6	0.0588622
0.603	0.0587348
0.606	0.0586094
0.609	0.0584859
0.612	0.0583644
0.615	0.0582446
0.618	0.0581267
0.621	0.0580104
0.624	0.0578956
0.627	0.0577824
0.63	0.0576706
0.633	0.0575602
0.636	0.057451
0.639	0.0573429
0.642	0.0572358
0.645	0.0571297
0.648	0.0570244
0.651	0.0569199
0.654	0.056816
0.657	0.0567126
0.66	0.0566096
0.663	0.0565069
0.666	0.0564044
0.669	0.0563019
0.672	0.0561994
0.675	0.0560968
0.678	0.0559939
0.681	0.0558905
0.684	0.0557867
0.687	0.0556822
0.69	0.0555769
0.693	0.0554708
0.696	0.0553637
0.699	0.0552555
0.702	0.0551461
0.705	0.0550353
0.708	0.054923
0.711	0.0548092
0.714	0.0546937
0.717	0.0545764
0.72	0.0544572
0.723	0.054336
0.726	0.0542126
0.729	0.054087
0.732	0.0539591
0.735	0.0538288
0.738	0.0536959
0.741	0.0535605
0.744	0.0534223
0.747	0.0532814
0.75	0.0531376
0.753	0.0529909
0.756	0.0528412
0.759	0.0526884
0.762	0.0525326
0.765	0.0523735
0.768	0.0522113
0.771	0.0520459
0.774	0.0518771
0.777	0.0517051
0.78	0.0515298
0.783	0.0513511
0.786	0.0511691
0.789	0.0509839
0.792	0.0507953
0.795	0.0506035
0.798	0.0504084
0.801	0.0502101
0.804	0.0500087
0.807	0.0498042
0.81	0.0495967
0.813	0.0493862
0.816	0.0491728
0.819	0.0489567
0.822	0.0487378
0.825	0.0485164
0.828	0.0482926
0.831	0.0480663
0.834	0.0478379
0.837	0.0476074
0.84	0.0473749
0.843	0.0471406
0.846	0.0469047
0.849	0.0466673
0.852	0.0464285
0.855	0.0461886
0.858	0.0459477
0.861	0.0457059
0.864	0.0454634
0.867	0.0452205
0.87	0.0449772
0.873	0.0447338
0.876	0.0444904
0.879	0.0442473
0.882	0.0440045
0.885	0.0437622
0.888	0.0435207
0.891	0.0432801
0.894	0.0430405
0.897	0.0428022
0.9	0.0425652
0.903	0.0423298
0.906	0.042096
0.909	0.0418641
0.912	0.0416341
0.915	0.0414062
0.918	0.0411805
0.921	0.0409572
0.924	0.0407363
0.927	0.0405179
0.93	0.0403022
0.933	0.0400893
0.936	0.0398791
0.939	0.0396719
0.942	0.0394677
0.945	0.0392665
0.948	0.0390684
0.951	0.0388735
0.954	0.0386817
0.957	0.0384932
0.96	0.0383079
0.963	0.038126
0.966	0.0379473
0.969	0.0377719
0.972	0.0375998
0.975	0.037431
0.978	0.0372655
0.981	0.0371033
0.984	0.0369444
0.987	0.0367887
0.99	0.0366361
0.993	0.0364868
0.996	0.0363406
0.999	0.0361975
1.002	0.0360574
1.005	0.0359203
1.008	0.0357861
1.011	0.0356548
1.014	0.0355263
1.017	0.0354006
1.02	0.0352775
1.023	0.0351571
1.026	0.0350392
1.029	0.0349237
1.032	0.0348107
1.035	0.0346999
1.038	0.0345914
1.041	0.034485
1.044	0.0343807
1.047	0.0342784
1.05	0.034178
1.053	0.0340795
1.056	0.0339826
1.059	0.0338874
1.062	0.0337938
1.065	0.0337016
1.068	0.0336109
1.071	0.0335214
1.074	0.0334332
1.077	0.0333461
1.08	0.03326
1.083	0.0331749
1.086	0.0330907
1.089	0.0330073
1.092	0.0329247
1.095	0.0328426
1.098	0.0327611
1.101	0.03268
1.104	0.0325994
1.107	0.0325191
1.11	0.032439
1.113	0.032359
1.116	0.0322792
1.119	0.0321994
1.122	0.0321195
1.125	0.0320394
1.128	0.0319592
1.131	0.0318787
1.134	0.0317979
1.137	0.0317167
1.14	0.0316351
1.143	0.0315529
1.146	0.0314702
1.149	0.0313868
1.152	0.0313028
1.155	0.0312181
1.158	0.0311326
1.161	0.0310463
1.164	0.0309591
1.167	0.0308711
1.17	0.0307821
1.173	0.0306922
1.176	0.0306013
1.179	0.0305093
1.182	0.0304164
1.185	0.0303223
1.188	0.0302273
1.191	0.0301311
1.194	0.0300338
1.197	0.0299355
1.2	0.029836
1.203	0.0297354
1.206	0.0296338
1.209	0.0295311
1.212	0.0294273
1.215	0.0293224
1.218	0.0292165
1.221	0.0291096
1.224	0.0290017
1.227	0.0288929
1.23	0.0287831
1.233	0.0286725
1.236	0.028561
1.239	0.0284487
1.242	0.0283357
1.245	0.028222
1.248	0.0281076
1.251	0.0279927
1.254	0.0278772
1.257	0.0277613
1.26	0.0276449
1.263	0.0275282
1.266	0.0274112
1.269	0.0272941
1.272	0.0271768
1.275	0.0270594
1.278	0.026942
1.281	0.0268247
1.284	0.0267076
1.287	0.0265907
1.29	0.0264741
1.293	0.0263579
1.296	0.0262422
1.299	0.0261269
1.302	0.0260123
1.305	0.0258983
1.308	0.0257851
1.311	0.0256727
1.314	0.0255612
1.317	0.0254506
1.32	0.025341
1.323	0.0252325
1.326	0.0251251
1.329	0.0250189
1.332	0.024914
1.335	0.0248103
1.338	0.024708
1.341	0.0246071
1.344	0.0245077
1.347	0.0244097
1.35	0.0243132
1.353	0.0242183
1.356	0.024125
1.359	0.0240334
1.362	0.0239434
1.365	0.023855
1.368	0.0237684
1.371	0.0236835
1.374	0.0236004
1.377	0.023519
1.38	0.0234393
1.383	0.0233615
1.386	0.0232854
1.389	0.0232112
1.392	0.0231387
1.395	0.0230681
1.398	0.0229992
1.401	0.0229321
1.404	0.0228669
1.407	0.0228034
1.41	0.0227417
1.413	0.0226817
1.416	0.0226235
1.419	0.0225671
1.422	0.0225124
1.425	0.0224594
1.428	0.0224081
1.431	0.0223586
1.434	0.0223106
1.437	0.0222644
1.44	0.0222198
1.443	0.0221767
1.446	0.0221353
1.449	0.0220955
1.452	0.0220573
1.455	0.0220205
1.458	0.0219853
1.461	0.0219516
1.464	0.0219194
1.467	0.0218887
1.47	0.0218594
1.473	0.0218316
1.476	0.0218051
1.479	0.0217801
1.482	0.0217564
1.485	0.0217341
1.488	0.0217131
1.491	0.0216935
1.494	0.0216751
1.497	0.0216581
1.5	0.0216424
1.503	0.0216279
1.506	0.0216147
1.509	0.0216027
1.512	0.021592
1.515	0.0215825
1.518	0.0215743
1.521	0.0215672
1.524	0.0215614
1.527	0.0215567
1.53	0.0215532
1.533	0.0215509
1.536	0.0215498
1.539	0.0215499
1.542	0.0215511
1.545	0.0215535
1.548	0.0215571
1.551	0.0215618
1.554	0.0215677
1.557	0.0215747
1.56	0.021583
1.563	0.0215923
1.566	0.0216028
1.569	0.0216145
1.572	0.0216274
1.575	0.0216414
1.578	0.0216566
1.581	0.0216729
1.584	0.0216905
1.587	0.0217091
1.59	0.021729
1.593	0.02175
1.596	0.0217722
1.599	0.0217956
1.602	0.0218202
1.605	0.021846
1.608	0.0218729
1.611	0.021901
1.614	0.0219303
1.617	0.0219607
1.62	0.0219924
1.623	0.0220252
1.626	0.0220591
1.629	0.0220943
1.632	0.0221306
1.635	0.022168
1.638	0.0222066
1.641	0.0222463
1.644	0.0222871
1.647	0.0223291
1.65	0.0223721
1.653	0.0224163
1.656	0.0224615
1.659	0.0225078
1.662	0.0225551
1.665	0.0226034
1.668	0.0226527
1.671	0.022703
1.674	0.0227542
1.677	0.0228064
1.68	0.0228594
1.683	0.0229134
1.686	0.0229681
1.689	0.0230237
1.692	0.0230801
1.695	0.0231372
1.698	0.023195
1.701	0.0232536
1.704	0.0233127
1.707	0.0233725
1.71	0.0234329
1.713	0.0234938
1.716	0.0235551
1.719	0.023617
1.722	0.0236793
1.725	0.023742
1.728	0.023805
1.731	0.0238683
1.734	0.0239319
1.737	0.0239957
1.74	0.0240598
1.743	0.024124
1.746	0.0241883
1.749	0.0242527
1.752	0.0243172
1.755	0.0243817
1.758	0.0244461
1.761	0.0245106
1.764	0.024575
1.767	0.0246392
1.77	0.0247034
1.773	0.0247674
1.776	0.0248313
1.779	0.0248949
1.782	0.0249584
1.785	0.0250216
1.788	0.0250846
1.791	0.0251473
1.794	0.0252097
1.797	0.0252719
1.8	0.0253338
1.803	0.0253954
1.806	0.0254568
1.809	0.0255178
1.812	0.0255786
1.815	0.025639
1.818	0.0256992
1.821	0.0257592
1.824	0.0258189
1.827	0.0258783
1.83	0.0259375
1.833	0.0259965
1.836	0.0260553
1.839	0.0261139
1.842	0.0261724
1.845	0.0262308
1.848	0.0262891
1.851	0.0263473
1.854	0.0264055
1.857	0.0264637
1.86	0.0265219
1.863	0.0265802
1.866	0.0266386
1.869	0.0266971
1.872	0.0267559
1.875	0.0268149
1.878	0.0268741
1.881	0.0269337
1.884	0.0269937
1.887	0.0270541
1.89	0.027115
1.893	0.0271763
1.896	0.0272383
1.899	0.0273009
1.902	0.0273642
1.905	0.0274282
1.908	0.027493
1.911	0.0275587
1.914	0.0276253
1.917	0.0276928
1.92	0.0277614
1.923	0.0278311
1.926	0.027902
1.929	0.027974
1.932	0.0280474
1.935	0.028122
1.938	0.0281981
1.941	0.0282757
1.944	0.0283547
1.947	0.0284354
1.95	0.0285177
1.953	0.0286017
1.956	0.0286875
1.959	0.0287751
1.962	0.0288647
1.965	0.0289561
1.968	0.0290496
1.971	0.0291452
1.974	0.0292429
1.977	0.0293427
1.98	0.0294449
1.983	0.0295492
1.986	0.029656
1.989	0.0297651
1.992	0.0298766
1.995	0.0299907
1.998	0.0301072
2.001	0.0302263
2.004	0.030348
2.007	0.0304723
2.01	0.0305992
2.013	0.0307289
2.016	0.0308612
2.019	0.0309962
2.022	0.031134
2.025	0.0312745
2.028	0.0314178
2.031	0.0315638
2.034	0.0317126
2.037	0.0318641
2.04	0.0320184
2.043	0.0321753
2.046	0.032335
2.049	0.0324973
2.052	0.0326622
2.055	0.0328297
2.058	0.0329998
2.061	0.0331724
2.064	0.0333474
2.067	0.0335248
2.07	0.0337045
2.073	0.0338865
2.076	0.0340706
2.079	0.0342568
2.082	0.034445
2.085	0.0346352
2.088	0.0348271
2.091	0.0350208
2.094	0.0352161
2.097	0.0354129
2.1	0.035611
2.103	0.0358105
2.106	0.036011
2.109	0.0362126
2.112	0.0364151
2.115	0.0366184
2.118	0.0368223
2.121	0.0370267
2.124	0.0372315
2.127	0.0374366
2.13	0.0376417
2.133	0.0378468
2.136	0.0380517
2.139	0.0382563
2.142	0.0384605
2.145	0.0386641
2.148	0.038867
2.151	0.039069
2.154	0.0392702
2.157	0.0394702
2.16	0.039669
2.163	0.0398666
2.166	0.0400627
2.169	0.0402573
2.172	0.0404502
2.175	0.0406414
2.178	0.0408308
2.181	0.0410183
2.184	0.0412039
2.187	0.0413873
2.19	0.0415686
2.193	0.0417478
2.196	0.0419246
2.199	0.0420992
2.202	0.0422715
2.205	0.0424413
2.208	0.0426087
2.211	0.0427737
2.214	0.0429363
2.217	0.0430963
2.22	0.0432539
2.223	0.043409
2.226	0.0435617
2.229	0.0437118
2.232	0.0438596
2.235	0.0440049
2.238	0.0441478
2.241	0.0442883
2.244	0.0444265
2.247	0.0445625
2.25	0.0446962
2.253	0.0448277
2.256	0.0449571
2.259	0.0450844
2.262	0.0452098
2.265	0.0453332
2.268	0.0454547
2.271	0.0455744
2.274	0.0456925
2.277	0.0458089
2.28	0.0459237
2.283	0.0460371
2.286	0.0461491
2.289	0.0462599
2.292	0.0463694
2.295	0.0464779
2.298	0.0465853
2.301	0.0466919
2.304	0.0467976
2.307	0.0469026
2.31	0.0470071
2.313	0.047111
2.316	0.0472145
2.319	0.0473178
2.322	0.0474208
2.325	0.0475238
2.328	0.0476267
2.331	0.0477298
2.334	0.0478331
2.337	0.0479368
2.34	0.0480409
2.343	0.0481455
2.346	0.0482507
2.349	0.0483567
2.352	0.0484635
2.355	0.0485713
2.358	0.0486802
2.361	0.0487901
2.364	0.0489014
2.367	0.0490139
2.37	0.0491279
2.373	0.0492434
2.376	0.0493606
2.379	0.0494794
2.382	0.0496001
2.385	0.0497227
2.388	0.0498472
2.391	0.0499738
2.394	0.0501024
2.397	0.0502334
2.4	0.0503665
2.403	0.0505021
2.406	0.05064
2.409	0.0507804
2.412	0.0509234
2.415	0.0510689
2.418	0.051217
2.421	0.0513679
2.424	0.0515214
2.427	0.0516778
2.43	0.0518369
2.433	0.0519988
2.436	0.0521635
2.439	0.0523311
2.442	0.0525015
2.445	0.0526748
2.448	0.052851
2.451	0.05303
2.454	0.0532117
2.457	0.0533963
2.46	0.0535837
2.463	0.0537738
2.466	0.0539665
2.469	0.0541619
2.472	0.0543598
2.475	0.0545603
2.478	0.0547631
2.481	0.0549683
2.484	0.0551758
2.487	0.0553854
2.49	0.0555971
2.493	0.0558107
2.496	0.0560261
2.499	0.0562432
2.502	0.0564619
2.505	0.0566821
2.508	0.0569035
2.511	0.057126
2.514	0.0573496
2.517	0.057574
2.52	0.0577991
2.523	0.0580247
2.526	0.0582506
2.529	0.0584767
2.532	0.0587028
2.535	0.0589287
2.538	0.0591542
2.541	0.0593793
2.544	0.0596036
2.547	0.059827
2.55	0.0600493
2.553	0.0602705
2.556	0.0604902
2.559	0.0607083
2.562	0.0609247
2.565	0.0611391
2.568	0.0613515
2.571	0.0615617
2.574	0.0617695
2.577	0.0619748
2.58	0.0621775
2.583	0.0623774
2.586	0.0625744
2.589	0.0627683
2.592	0.0629592
2.595	0.0631469
2.598	0.0633313
2.601	0.0635123
2.604	0.0636898
2.607	0.0638639
2.61	0.0640343
2.613	0.0642012
2.616	0.0643644
2.619	0.064524
2.622	0.0646799
2.625	0.064832
2.628	0.0649805
2.631	0.0651253
2.634	0.0652664
2.637	0.0654039
2.64	0.0655378
2.643	0.0656681
2.646	0.0657949
2.649	0.0659182
2.652	0.0660381
2.655	0.0661546
2.658	0.0662679
2.661	0.066378
2.664	0.066485
2.667	0.0665889
2.67	0.06669
2.673	0.0667882
2.676	0.0668837
2.679	0.0669765
2.682	0.0670669
2.685	0.0671548
2.688	0.0672404
2.691	0.0673239
2.694	0.0674053
2.697	0.0674847
2.7	0.0675623
2.703	0.0676382
2.706	0.0677125
2.709	0.0677853
2.712	0.0678567
2.715	0.0679269
2.718	0.067996
2.721	0.0680641
2.724	0.0681313
2.727	0.0681977
2.73	0.0682635
2.733	0.0683287
2.736	0.0683935
2.739	0.068458
2.742	0.0685222
2.745	0.0685864
2.748	0.0686505
2.751	0.0687148
2.754	0.0687792
2.757	0.068844
2.76	0.0689091
2.763	0.0689748
2.766	0.069041
2.769	0.0691079
2.772	0.0691755
2.775	0.069244
2.778	0.0693134
2.781	0.0693838
2.784	0.0694553
2.787	0.0695279
2.79	0.0696017
2.793	0.0696768
2.796	0.0697532
2.799	0.069831
2.802	0.0699102
2.805	0.0699909
2.808	0.0700732
2.811	0.070157
2.814	0.0702425
2.817	0.0703296
2.82	0.0704184
2.823	0.0705089
2.826	0.0706011
2.829	0.070695
2.832	0.0707907
2.835	0.0708882
2.838	0.0709874
2.841	0.0710883
2.844	0.071191
2.847	0.0712955
2.85	0.0714016
2.853	0.0715094
2.856	0.0716188
2.859	0.0717299
2.862	0.0718425
2.865	0.0719566
2.868	0.0720721
2.871	0.0721891
2.874	0.0723073
2.877	0.0724268
2.88	0.0725475
2.883	0.0726692
2.886	0.0727919
2.889	0.0729155
2.892	0.0730399
2.895	0.0731649
2.898	0.0732905
2.901	0.0734165
2.904	0.0735428
2.907	0.0736693
2.91	0.0737958
2.913	0.0739221
2.916	0.0740482
2.919	0.074174
2.922	0.0742991
2.925	0.0744236
2.928	0.0745472
2.931	0.0746697
2.934	0.0747911
2.937	0.0749111
2.94	0.0750297
2.943	0.0751465
2.946	0.0752616
2.949	0.0753746
2.952	0.0754856
2.955	0.0755942
2.958	0.0757005
2.961	0.0758041
2.964	0.075905
2.967	0.0760031
2.97	0.0760982
2.973	0.0761902
2.976	0.0762789
2.979	0.0763643
2.982	0.0764463
2.985	0.0765248
2.988	0.0765996
2.991	0.0766708
2.994	0.0767381
2.997	0.0768017
3	0.0768614
3.003	0.0769172
3.006	0.0769691
3.009	0.077017
3.012	0.0770609
3.015	0.0771009
3.018	0.077137
3.021	0.0771691
3.024	0.0771973
3.027	0.0772217
3.03	0.0772422
3.033	0.077259
3.036	0.0772722
3.039	0.0772817
3.042	0.0772877
3.045	0.0772903
3.048	0.0772895
3.051	0.0772855
3.054	0.0772784
3.057	0.0772683
3.06	0.0772553
3.063	0.0772396
3.066	0.0772212
3.069	0.0772004
3.072	0.0771772
3.075	0.0771518
3.078	0.0771243
3.081	0.0770948
3.084	0.0770636
3.087	0.0770308
3.09	0.0769964
3.093	0.0769607
3.096	0.0769237
3.099	0.0768857
3.102	0.0768467
3.105	0.076807
3.108	0.0767665
3.111	0.0767256
3.114	0.0766842
3.117	0.0766426
3.12	0.0766008
3.123	0.0765589
3.126	0.0765172
3.129	0.0764756
3.132	0.0764344
3.135	0.0763935
3.138	0.0763532
3.141	0.0763134
3.144	0.0762743
3.147	0.076236
3.15	0.0761986
3.153	0.0761621
3.156	0.0761266
3.159	0.0760921
3.162	0.0760588
3.165	0.0760267
3.168	0.0759958
3.171	0.0759662
3.174	0.0759379
3.177	0.075911
3.18	0.0758856
3.183	0.0758615
3.186	0.075839
3.189	0.0758179
3.192	0.0757984
3.195	0.0757803
3.198	0.0757638
3.201	0.0757488
3.204	0.0757354
3.207	0.0757235
3.21	0.0757132
3.213	0.0757043
3.216	0.075697
3.219	0.0756911
3.222	0.0756867
3.225	0.0756837
3.228	0.0756821
3.231	0.0756819
3.234	0.075683
3.237	0.0756854
3.24	0.075689
3.243	0.0756938
3.246	0.0756997
3.249	0.0757066
3.252	0.0757146
3.255	0.0757234
3.258	0.0757331
3.261	0.0757436
3.264	0.0757548
3.267	0.0757666
3.27	0.0757788
3.273	0.0757915
3.276	0.0758046
3.279	0.0758178
3.282	0.0758311
3.285	0.0758444
3.288	0.0758576
3.291	0.0758706
3.294	0.0758832
3.297	0.0758953
3.3	0.0759067
3.303	0.0759175
3.306	0.0759273
3.309	0.0759361
3.312	0.0759438
3.315	0.0759501
3.318	0.075955
3.321	0.0759583
3.324	0.0759598
3.327	0.0759595
3.33	0.0759571
3.333	0.0759525
3.336	0.0759456
3.339	0.0759362
3.342	0.0759241
3.345	0.0759093
3.348	0.0758915
3.351	0.0758707
3.354	0.0758468
3.357	0.0758194
3.36	0.0757887
3.363	0.0757543
3.366	0.0757163
3.369	0.0756745
3.372	0.0756287
3.375	0.075579
3.378	0.0755252
3.381	0.0754672
3.384	0.075405
3.387	0.0753384
3.39	0.0752675
3.393	0.0751922
3.396	0.0751125
3.399	0.0750283
3.402	0.0749396
3.405	0.0748464
3.408	0.0747488
3.411	0.0746467
3.414	0.0745402
3.417	0.0744293
3.42	0.0743141
3.423	0.0741946
3.426	0.0740709
3.429	0.0739431
3.432	0.0738113
3.435	0.0736756
3.438	0.073536
3.441	0.0733928
3.444	0.0732461
3.447	0.0730959
3.45	0.0729425
3.453	0.072786
3.456	0.0726265
3.459	0.0724642
3.462	0.0722994
3.465	0.0721321
3.468	0.0719625
3.471	0.0717909
3.474	0.0716173
3.477	0.0714421
3.48	0.0712654
3.483	0.0710874
3.486	0.0709082
3.489	0.0707281
3.492	0.0705472
3.495	0.0703657
3.498	0.0701839
3.501	0.0700018
3.504	0.0698198
3.507	0.0696378
3.51	0.0694562
3.513	0.069275
3.516	0.0690945
3.519	0.0689147
3.522	0.0687359
3.525	0.0685581
3.528	0.0683815
3.531	0.0682063
3.534	0.0680324
3.537	0.0678602
3.54	0.0676896
3.543	0.0675207
3.546	0.0673537
3.549	0.0671886
3.552	0.0670256
3.555	0.0668646
3.558	0.0667057
3.561	0.066549
3.564	0.0663946
3.567	0.0662424
3.57	0.0660926
3.573	0.065945
3.576	0.0657999
3.579	0.0656571
3.582	0.0655166
3.585	0.0653786
3.588	0.0652429
3.591	0.0651095
3.594	0.0649785
3.597	0.0648498
3.6	0.0647234
3.603	0.0645992
3.606	0.0644772
3.609	0.0643575
3.612	0.0642398
3.615	0.0641242
3.618	0.0640106
3.621	0.063899
3.624	0.0637892
3.627	0.0636813
3.63	0.0635752
3.633	0.0634707
3.636	0.0633678
3.639	0.0632664
3.642	0.0631665
3.645	0.0630679
3.648	0.0629705
3.651	0.0628743
3.654	0.0627792
3.657	0.0626851
3.66	0.0625918
3.663	0.0624993
3.666	0.0624075
3.669	0.0623162
3.672	0.0622254
3.675	0.062135
3.678	0.0620448
3.681	0.0619547
3.684	0.0618646
3.687	0.0617744
3.69	0.061684
3.693	0.0615933
3.696	0.0615021
3.699	0.0614104
3.702	0.061318
3.705	0.0612248
3.708	0.0611307
3.711	0.0610355
3.714	0.0609392
3.717	0.0608417
3.72	0.0607427
3.723	0.0606423
3.726	0.0605403
3.729	0.0604365
3.732	0.0603309
3.735	0.0602234
3.738	0.0601138
3.741	0.0600021
3.744	0.0598882
3.747	0.0597718
3.75	0.0596531
3.753	0.0595318
3.756	0.0594079
3.759	0.0592813
3.762	0.0591519
3.765	0.0590197
3.768	0.0588845
3.771	0.0587464
3.774	0.0586052
3.777	0.0584609
3.78	0.0583135
3.783	0.0581629
3.786	0.0580091
3.789	0.0578521
3.792	0.0576918
3.795	0.0575283
3.798	0.0573615
3.801	0.0571915
3.804	0.0570182
3.807	0.0568417
3.81	0.0566621
3.813	0.0564792
3.816	0.0562934
3.819	0.0561044
3.822	0.0559125
3.825	0.0557177
3.828	0.05552
3.831	0.0553197
3.834	0.0551166
3.837	0.0549111
3.84	0.0547031
3.843	0.0544928
3.846	0.0542803
3.849	0.0540657
3.852	0.0538492
3.855	0.053631
3.858	0.053411
3.861	0.0531896
3.864	0.0529669
3.867	0.0527429
3.87	0.052518
3.873	0.0522921
3.876	0.0520656
3.879	0.0518385
3.882	0.0516111
3.885	0.0513834
3.888	0.0511557
3.891	0.0509281
3.894	0.0507008
3.897	0.050474
3.9	0.0502477
3.903	0.0500222
3.906	0.0497976
3.909	0.0495741
3.912	0.0493518
3.915	0.0491308
3.918	0.0489113
3.921	0.0486934
3.924	0.0484773
3.927	0.048263
3.93	0.0480506
3.933	0.0478404
3.936	0.0476323
3.939	0.0474264
3.942	0.047223
3.945	0.0470219
3.948	0.0468234
3.951	0.0466274
3.954	0.0464341
3.957	0.0462434
3.96	0.0460555
3.963	0.0458704
3.966	0.045688
3.969	0.0455085
3.972	0.0453318
3.975	0.045158
3.978	0.0449871
3.981	0.044819
3.984	0.0446538
3.987	0.0444914
3.99	0.0443319
3.993	0.0441752
3.996	0.0440213
3.999	0.0438701
4.002	0.0437217
4.005	0.0435759
4.008	0.0434328
4.011	0.0432922
4.014	0.0431542
4.017	0.0430187
4.02	0.0428856
4.023	0.0427548
4.026	0.0426263
4.029	0.0425
4.032	0.0423759
4.035	0.0422538
4.038	0.0421337
4.041	0.0420155
4.044	0.0418991
4.047	0.0417845
4.05	0.0416716
4.053	0.0415602
4.056	0.0414503
4.059	0.0413418
4.062	0.0412346
4.065	0.0411286
4.068	0.0410237
4.071	0.0409198
4.074	0.0408169
4.077	0.0407148
4.08	0.0406135
4.083	0.0405128
4.086	0.0404127
4.089	0.0403131
4.092	0.0402138
4.095	0.0401148
4.098	0.0400159
4.101	0.0399172
4.104	0.0398185
4.107	0.0397196
4.11	0.0396206
4.113	0.0395213
4.116	0.0394217
4.119	0.0393216
4.122	0.0392209
4.125	0.0391197
4.128	0.0390177
4.131	0.038915
4.134	0.0388114
4.137	0.0387069
4.14	0.0386013
4.143	0.0384947
4.146	0.0383869
4.149	0.0382779
4.152	0.0381676
4.155	0.038056
4.158	0.0379429
4.161	0.0378284
4.164	0.0377124
4.167	0.0375948
4.17	0.0374756
4.173	0.0373548
4.176	0.0372322
4.179	0.037108
4.182	0.036982
4.185	0.0368542
4.188	0.0367246
4.191	0.0365933
4.194	0.0364601
4.197	0.036325
4.2	0.0361882
4.203	0.0360495
4.206	0.0359091
4.209	0.0357668
4.212	0.0356227
4.215	0.0354769
4.218	0.0353293
4.221	0.0351801
4.224	0.0350292
4.227	0.0348767
4.23	0.0347226
4.233	0.0345671
4.236	0.0344101
4.239	0.0342517
4.242	0.034092
4.245	0.033931
4.248	0.0337689
4.251	0.0336057
4.254	0.0334415
4.257	0.0332764
4.26	0.0331104
4.263	0.0329438
4.266	0.0327765
4.269	0.0326087
4.272	0.0324404
4.275	0.0322718
4.278	0.0321031
4.281	0.0319342
4.284	0.0317653
4.287	0.0315965
4.29	0.0314279
4.293	0.0312596
4.296	0.0310918
4.299	0.0309245
4.302	0.0307579
4.305	0.030592
4.308	0.0304269
4.311	0.0302628
4.314	0.0300998
4.317	0.0299379
4.32	0.0297773
4.323	0.029618
4.326	0.0294601
4.329	0.0293038
4.332	0.029149
4.335	0.0289959
4.338	0.0288446
4.341	0.0286951
4.344	0.0285474
4.347	0.0284018
4.35	0.0282581
4.353	0.0281165
4.356	0.027977
4.359	0.0278396
4.362	0.0277045
4.365	0.0275716
4.368	0.0274409
4.371	0.0273126
4.374	0.0271865
4.377	0.0270629
4.38	0.0269415
4.383	0.0268226
4.386	0.026706
4.389	0.0265918
4.392	0.02648
4.395	0.0263706
4.398	0.0262636
4.401	0.0261589
4.404	0.0260566
4.407	0.0259567
4.41	0.025859
4.413	0.0257637
4.416	0.0256707
4.419	0.0255799
4.422	0.0254914
4.425	0.0254051
4.428	0.025321
4.431	0.025239
4.434	0.0251591
4.437	0.0250813
4.44	0.0250056
4.443	0.0249318
4.446	0.02486
4.449	0.0247902
4.452	0.0247222
4.455	0.0246561
4.458	0.0245918
4.461	0.0245293
4.464	0.0244685
4.467	0.0244094
4.47	0.0243519
4.473	0.024296
4.476	0.0242417
4.479	0.0241889
4.482	0.0241376
4.485	0.0240877
4.488	0.0240392
4.491	0.023992
4.494	0.0239462
4.497	0.0239016
4.5	0.0238583
4.503	0.0238161
4.506	0.0237751
4.509	0.0237352
4.512	0.0236964
4.515	0.0236587
4.518	0.0236219
4.521	0.0235862
4.524	0.0235514
4.527	0.0235175
4.53	0.0234845
4.533	0.0234523
4.536	0.023421
4.539	0.0233904
4.542	0.0233606
4.545	0.0233316
4.548	0.0233033
4.551	0.0232756
4.554	0.0232487
4.557	0.0232224
4.56	0.0231967
4.563	0.0231716
4.566	0.0231471
4.569	0.0231232
4.572	0.0230998
4.575	0.023077
4.578	0.0230547
4.581	0.0230329
4.584	0.0230116
4.587	0.0229908
4.59	0.0229705
4.593	0.0229506
4.596	0.0229312
4.599	0.0229123
4.602	0.0228938
4.605	0.0228757
4.608	0.0228581
4.611	0.0228409
4.614	0.0228242
4.617	0.0228078
4.62	0.0227919
4.623	0.0227764
4.626	0.0227614
4.629	0.0227468
4.632	0.0227326
4.635	0.0227188
4.638	0.0227054
4.641	0.0226925
4.644	0.0226801
4.647	0.022668
4.65	0.0226564
4.653	0.0226453
4.656	0.0226346
4.659	0.0226244
4.662	0.0226147
4.665	0.0226054
4.668	0.0225966
4.671	0.0225883
4.674	0.0225804
4.677	0.0225731
4.68	0.0225662
4.683	0.0225598
4.686	0.022554
4.689	0.0225486
4.692	0.0225438
4.695	0.0225395
4.698	0.0225357
4.701	0.0225324
4.704	0.0225296
4.707	0.0225274
4.71	0.0225257
4.713	0.0225245
4.716	0.0225238
4.719	0.0225237
4.722	0.022524
4.725	0.022525
4.728	0.0225264
4.731	0.0225284
4.734	0.0225308
4.737	0.0225338
4.74	0.0225374
4.743	0.0225414
4.746	0.0225459
4.749	0.022551
4.752	0.0225565
4.755	0.0225626
4.758	0.0225691
4.761	0.0225761
4.764	0.0225836
4.767	0.0225916
4.77	0.0226001
4.773	0.0226091
4.776	0.0226185
4.779	0.0226284
4.782	0.0226387
4.785	0.0226496
4.788	0.0226608
4.791	0.0226726
4.794	0.0226848
4.797	0.0226974
4.8	0.0227105
4.803	0.0227241
4.806	0.0227381
4.809	0.0227525
4.812	0.0227675
4.815	0.0227828
4.818	0.0227987
4.821	0.022815
4.824	0.0228318
4.827	0.0228491
4.83	0.0228669
4.833	0.0228852
4.836	0.0229039
4.839	0.0229232
4.842	0.0229431
4.845	0.0229634
4.848	0.0229844
4.851	0.0230058
4.854	0.0230279
4.857	0.0230506
4.86	0.0230739
4.863	0.0230978
4.866	0.0231224
4.869	0.0231477
4.872	0.0231736
4.875	0.0232003
4.878	0.0232278
4.881	0.023256
4.884	0.023285
4.887	0.0233148
4.89	0.0233455
4.893	0.0233771
4.896	0.0234096
4.899	0.023443
4.902	0.0234774
4.905	0.0235128
4.908	0.0235493
4.911	0.0235869
4.914	0.0236256
4.917	0.0236654
4.92	0.0237064
4.923	0.0237487
4.926	0.0237922
4.929	0.0238371
4.932	0.0238833
4.935	0.0239309
4.938	0.0239799
4.941	0.0240304
4.944	0.0240825
4.947	0.0241361
4.95	0.0241913
4.953	0.0242482
4.956	0.0243067
4.959	0.0243671
4.962	0.0244292
4.965	0.0244931
4.968	0.024559
4.971	0.0246267
4.974	0.0246964
4.977	0.0247681
4.98	0.0248419
4.983	0.0249177
4.986	0.0249957
4.989	0.0250758
4.992	0.0251582
4.995	0.0252427
4.998	0.0253296
5.001	0.0254188
5.004	0.0255103
5.007	0.0256041
5.01	0.0257004
5.013	0.0257991
5.016	0.0259002
5.019	0.0260038
5.022	0.0261098
5.025	0.0262184
5.028	0.0263294
5.031	0.026443
5.034	0.026559
5.037	0.0266776
5.04	0.0267987
5.043	0.0269223
5.046	0.0270483
5.049	0.0271769
5.052	0.0273079
5.055	0.0274413
5.058	0.0275771
5.061	0.0277153
5.064	0.0278558
5.067	0.0279986
5.07	0.0281436
5.073	0.0282908
5.076	0.0284402
5.079	0.0285916
5.082	0.028745
5.085	0.0289004
5.088	0.0290576
5.091	0.0292166
5.094	0.0293773
5.097	0.0295396
5.1	0.0297034
5.103	0.0298687
5.106	0.0300353
5.109	0.0302032
5.112	0.0303722
5.115	0.0305422
5.118	0.0307131
5.121	0.0308848
5.124	0.0310572
5.127	0.0312303
5.13	0.0314037
5.133	0.0315776
5.136	0.0317517
5.139	0.0319259
5.142	0.0321001
5.145	0.0322742
5.148	0.0324481
5.151	0.0326216
5.154	0.0327947
5.157	0.0329673
5.16	0.0331392
5.163	0.0333103
5.166	0.0334806
5.169	0.0336499
5.172	0.0338182
5.175	0.0339853
5.178	0.0341512
5.181	0.0343158
5.184	0.034479
5.187	0.0346407
5.19	0.0348009
5.193	0.0349595
5.196	0.0351165
5.199	0.0352718
5.202	0.0354253
5.205	0.035577
5.208	0.0357269
5.211	0.035875
5.214	0.0360211
5.217	0.0361654
5.22	0.0363077
5.223	0.0364482
5.226	0.0365867
5.229	0.0367232
5.232	0.0368579
5.235	0.0369907
5.238	0.0371215
5.241	0.0372505
5.244	0.0373777
5.247	0.037503
5.25	0.0376266
5.253	0.0377485
5.256	0.0378686
5.259	0.0379872
5.262	0.0381041
5.265	0.0382195
5.268	0.0383335
5.271	0.038446
5.274	0.0385572
5.277	0.0386671
5.28	0.0387758
5.283	0.0388834
5.286	0.03899
5.289	0.0390956
5.292	0.0392003
5.295	0.0393042
5.298	0.0394074
5.301	0.03951
5.304	0.039612
5.307	0.0397136
5.31	0.0398148
5.313	0.0399158
5.316	0.0400166
5.319	0.0401173
5.322	0.0402181
5.325	0.040319
5.328	0.0404201
5.331	0.0405215
5.334	0.0406234
5.337	0.0407258
5.34	0.0408288
5.343	0.0409325
5.346	0.0410371
5.349	0.0411425
5.352	0.041249
5.355	0.0413566
5.358	0.0414654
5.361	0.0415755
5.364	0.0416871
5.367	0.0418001
5.37	0.0419147
5.373	0.042031
5.376	0.0421491
5.379	0.0422691
5.382	0.042391
5.385	0.042515
5.388	0.0426411
5.391	0.0427694
5.394	0.0429
5.397	0.0430329
5.4	0.0431683
5.403	0.0433062
5.406	0.0434467
5.409	0.0435898
5.412	0.0437356
5.415	0.0438841
5.418	0.0440355
5.421	0.0441897
5.424	0.0443468
5.427	0.0445069
5.43	0.0446699
5.433	0.0448359
5.436	0.0450049
5.439	0.0451769
5.442	0.045352
5.445	0.0455302
5.448	0.0457113
5.451	0.0458955
5.454	0.0460828
5.457	0.046273
5.46	0.0464662
5.463	0.0466623
5.466	0.0468613
5.469	0.0470631
5.472	0.0472678
5.475	0.0474751
5.478	0.0476851
5.481	0.0478976
5.484	0.0481126
5.487	0.0483299
5.49	0.0485496
5.493	0.0487713
5.496	0.0489952
5.499	0.0492209
5.502	0.0494484
5.505	0.0496776
5.508	0.0499082
5.511	0.0501402
5.514	0.0503734
5.517	0.0506076
5.52	0.0508427
5.523	0.0510784
5.526	0.0513147
5.529	0.0515513
5.532	0.051788
5.535	0.0520247
5.538	0.0522611
5.541	0.0524972
5.544	0.0527326
5.547	0.0529672
5.55	0.0532009
5.553	0.0534333
5.556	0.0536643
5.559	0.0538938
5.562	0.0541215
5.565	0.0543473
5.568	0.0545709
5.571	0.0547922
5.574	0.055011
5.577	0.0552272
5.58	0.0554405
5.583	0.0556509
5.586	0.0558581
5.589	0.056062
5.592	0.0562625
5.595	0.0564594
5.598	0.0566526
5.601	0.056842
5.604	0.0570274
5.607	0.0572088
5.61	0.057386
5.613	0.057559
5.616	0.0577277
5.619	0.0578919
5.622	0.0580517
5.625	0.0582069
5.628	0.0583575
5.631	0.0585035
5.634	0.0586447
5.637	0.0587813
5.64	0.058913
5.643	0.05904
5.646	0.0591622
5.649	0.0592795
5.652	0.0593921
5.655	0.0594998
5.658	0.0596027
5.661	0.0597007
5.664	0.059794
5.667	0.0598825
5.67	0.0599662
5.673	0.0600451
5.676	0.0601194
5.679	0.0601889
5.682	0.0602538
5.685	0.060314
5.688	0.0603696
5.691	0.0604206
5.694	0.0604671
5.697	0.0605091
5.7	0.0605466
5.703	0.0605797
5.706	0.0606083
5.709	0.0606326
5.712	0.0606525
5.715	0.0606681
5.718	0.0606794
5.721	0.0606865
5.724	0.0606893
5.727	0.0606879
5.73	0.0606823
5.733	0.0606725
5.736	0.0606586
5.739	0.0606406
5.742	0.0606184
5.745	0.060592
5.748	0.0605616
5.751	0.0605271
5.754	0.0604885
5.757	0.0604457
5.76	0.0603989
5.763	0.0603479
5.766	0.0602928
5.769	0.0602336
5.772	0.0601702
5.775	0.0601027
5.778	0.060031
5.781	0.059955
5.784	0.0598749
5.787	0.0597905
5.79	0.0597018
5.793	0.0596088
5.796	0.0595114
5.799	0.0594097
5.802	0.0593035
5.805	0.0591929
5.808	0.0590779
5.811	0.0589583
5.814	0.0588341
5.817	0.0587053
5.82	0.0585719
5.823	0.0584338
5.826	0.058291
5.829	0.0581434
5.832	0.057991
5.835	0.0578338
5.838	0.0576716
5.841	0.0575046
5.844	0.0573326
5.847	0.0571556
5.85	0.0569736
5.853	0.0567865
5.856	0.0565944
5.859	0.0563971
5.862	0.0561947
5.865	0.0559872
5.868	0.0557744
5.871	0.0555566
5.874	0.0553335
5.877	0.0551052
5.88	0.0548718
5.883	0.0546332
5.886	0.0543894
5.889	0.0541404
5.892	0.0538863
5.895	0.0536271
5.898	0.0533628
5.901	0.0530935
5.904	0.0528193
5.907	0.05254
5.91	0.0522559
5.913	0.051967
5.916	0.0516733
5.919	0.051375
5.922	0.0510721
5.925	0.0507647
5.928	0.0504529
5.931	0.0501369
5.934	0.0498166
5.937	0.0494924
5.94	0.0491642
5.943	0.0488322
5.946	0.0484966
5.949	0.0481575
5.952	0.047815
5.955	0.0474694
5.958	0.0471208
5.961	0.0467693
5.964	0.0464151
5.967	0.0460584
5.97	0.0456995
5.973	0.0453384
5.976	0.0449754
5.979	0.0446107
5.982	0.0442445
5.985	0.043877
5.988	0.0435084
5.991	0.0431389
5.994	0.0427687
5.997	0.042398
