 x 	V[Y|X = x] 
0	0.0469269
0.003	0.0473737
0.006	0.0478199
0.009	0.0482652
0.012	0.0487095
0.015	0.0491524
0.018	0.0495938
0.021	0.0500334
0.024	0.0504709
0.027	0.0509062
0.03	0.0513389
0.033	0.051769
0.036	0.052196
0.039	0.05262
0.042	0.0530406
0.045	0.0534576
0.048	0.0538708
0.051	0.0542802
0.054	0.0546855
0.057	0.0550864
0.06	0.055483
0.063	0.055875
0.066	0.0562623
0.069	0.0566447
0.072	0.0570222
0.075	0.0573946
0.078	0.0577618
0.081	0.0581237
0.084	0.0584802
0.087	0.0588313
0.09	0.0591768
0.093	0.0595168
0.096	0.0598511
0.099	0.0601797
0.102	0.0605027
0.105	0.0608198
0.108	0.0611312
0.111	0.0614368
0.114	0.0617365
0.117	0.0620305
0.12	0.0623187
0.123	0.0626011
0.126	0.0628778
0.129	0.0631487
0.132	0.0634138
0.135	0.0636734
0.138	0.0639273
0.141	0.0641756
0.144	0.0644183
0.147	0.0646556
0.15	0.0648874
0.153	0.0651139
0.156	0.0653351
0.159	0.065551
0.162	0.0657617
0.165	0.0659674
0.168	0.066168
0.171	0.0663636
0.174	0.0665544
0.177	0.0667403
0.18	0.0669215
0.183	0.0670981
0.186	0.0672701
0.189	0.0674375
0.192	0.0676006
0.195	0.0677592
0.198	0.0679136
0.201	0.0680638
0.204	0.0682098
0.207	0.0683518
0.21	0.0684897
0.213	0.0686237
0.216	0.0687539
0.219	0.0688802
0.222	0.0690027
0.225	0.0691215
0.228	0.0692367
0.231	0.0693483
0.234	0.0694563
0.237	0.0695608
0.24	0.0696618
0.243	0.0697593
0.246	0.0698534
0.249	0.0699442
0.252	0.0700315
0.255	0.0701156
0.258	0.0701963
0.261	0.0702736
0.264	0.0703477
0.267	0.0704184
0.27	0.0704858
0.273	0.0705499
0.276	0.0706106
0.279	0.070668
0.282	0.0707221
0.285	0.0707727
0.288	0.07082
0.291	0.0708638
0.294	0.0709041
0.297	0.0709409
0.3	0.0709742
0.303	0.0710038
0.306	0.0710298
0.309	0.0710522
0.312	0.0710708
0.315	0.0710856
0.318	0.0710965
0.321	0.0711036
0.324	0.0711067
0.327	0.0711058
0.33	0.0711008
0.333	0.0710916
0.336	0.0710783
0.339	0.0710607
0.342	0.0710389
0.345	0.0710126
0.348	0.070982
0.351	0.0709469
0.354	0.0709073
0.357	0.0708631
0.36	0.0708143
0.363	0.070761
0.366	0.0707029
0.369	0.0706402
0.372	0.0705727
0.375	0.0705006
0.378	0.0704237
0.381	0.0703421
0.384	0.0702557
0.387	0.0701646
0.39	0.0700689
0.393	0.0699685
0.396	0.0698634
0.399	0.0697538
0.402	0.0696396
0.405	0.0695209
0.408	0.0693978
0.411	0.0692704
0.414	0.0691388
0.417	0.069003
0.42	0.0688631
0.423	0.0687193
0.426	0.0685716
0.429	0.0684203
0.432	0.0682654
0.435	0.0681071
0.438	0.0679454
0.441	0.0677806
0.444	0.0676129
0.447	0.0674423
0.45	0.0672691
0.453	0.0670934
0.456	0.0669154
0.459	0.0667352
0.462	0.0665531
0.465	0.0663693
0.468	0.0661838
0.471	0.0659969
0.474	0.0658089
0.477	0.0656197
0.48	0.0654298
0.483	0.0652391
0.486	0.065048
0.489	0.0648566
0.492	0.064665
0.495	0.0644734
0.498	0.0642821
0.501	0.0640911
0.504	0.0639006
0.507	0.0637108
0.51	0.0635218
0.513	0.0633338
0.516	0.0631468
0.519	0.0629611
0.522	0.0627767
0.525	0.0625938
0.528	0.0624125
0.531	0.0622328
0.534	0.0620549
0.537	0.0618788
0.54	0.0617046
0.543	0.0615325
0.546	0.0613624
0.549	0.0611945
0.552	0.0610287
0.555	0.0608652
0.558	0.0607039
0.561	0.0605449
0.564	0.0603882
0.567	0.0602338
0.57	0.0600818
0.573	0.0599321
0.576	0.0597848
0.579	0.0596397
0.582	0.059497
0.585	0.0593566
0.588	0.0592184
0.591	0.0590825
0.594	0.0589488
0.597	0.0588172
0.6	0.0586877
0.603	0.0585603
0.606	0.0584349
0.609	0.0583114
0.612	0.0581898
0.615	0.05807
0.618	0.057952
0.621	0.0578356
0.624	0.0577208
0.627	0.0576074
0.63	0.0574955
0.633	0.057385
0.636	0.0572756
0.639	0.0571674
0.642	0.0570603
0.645	0.0569541
0.648	0.0568487
0.651	0.0567441
0.654	0.0566402
0.657	0.0565367
0.66	0.0564337
0.663	0.0563311
0.666	0.0562286
0.669	0.0561262
0.672	0.0560238
0.675	0.0559213
0.678	0.0558186
0.681	0.0557154
0.684	0.0556118
0.687	0.0555077
0.69	0.0554028
0.693	0.055297
0.696	0.0551904
0.699	0.0550826
0.702	0.0549738
0.705	0.0548636
0.708	0.054752
0.711	0.0546389
0.714	0.0545242
0.717	0.0544077
0.72	0.0542894
0.723	0.0541691
0.726	0.0540468
0.729	0.0539223
0.732	0.0537956
0.735	0.0536665
0.738	0.0535349
0.741	0.0534008
0.744	0.0532641
0.747	0.0531247
0.75	0.0529825
0.753	0.0528375
0.756	0.0526895
0.759	0.0525386
0.762	0.0523846
0.765	0.0522276
0.768	0.0520673
0.771	0.051904
0.774	0.0517374
0.777	0.0515676
0.78	0.0513945
0.783	0.0512182
0.786	0.0510387
0.789	0.0508559
0.792	0.0506698
0.795	0.0504805
0.798	0.0502881
0.801	0.0500925
0.804	0.0498937
0.807	0.049692
0.81	0.0494872
0.813	0.0492795
0.816	0.049069
0.819	0.0488557
0.822	0.0486397
0.825	0.0484212
0.828	0.0482002
0.831	0.0479769
0.834	0.0477513
0.837	0.0475237
0.84	0.0472941
0.843	0.0470627
0.846	0.0468296
0.849	0.046595
0.852	0.046359
0.855	0.0461219
0.858	0.0458837
0.861	0.0456446
0.864	0.0454048
0.867	0.0451644
0.87	0.0449237
0.873	0.0446828
0.876	0.0444418
0.879	0.0442011
0.882	0.0439606
0.885	0.0437206
0.888	0.0434813
0.891	0.0432428
0.894	0.0430052
0.897	0.0427688
0.9	0.0425338
0.903	0.0423001
0.906	0.0420681
0.909	0.0418378
0.912	0.0416094
0.915	0.041383
0.918	0.0411587
0.921	0.0409367
0.924	0.040717
0.927	0.0404998
0.93	0.0402852
0.933	0.0400733
0.936	0.0398641
0.939	0.0396578
0.942	0.0394543
0.945	0.0392538
0.948	0.0390564
0.951	0.038862
0.954	0.0386708
0.957	0.0384827
0.96	0.0382978
0.963	0.0381162
0.966	0.0379377
0.969	0.0377625
0.972	0.0375906
0.975	0.0374219
0.978	0.0372565
0.981	0.0370943
0.984	0.0369353
0.987	0.0367795
0.99	0.0366269
0.993	0.0364774
0.996	0.036331
0.999	0.0361876
1.002	0.0360473
1.005	0.0359099
1.008	0.0357754
1.011	0.0356438
1.014	0.035515
1.017	0.0353889
1.02	0.0352654
1.023	0.0351446
1.026	0.0350263
1.029	0.0349104
1.032	0.0347969
1.035	0.0346857
1.038	0.0345768
1.041	0.03447
1.044	0.0343653
1.047	0.0342625
1.05	0.0341617
1.053	0.0340627
1.056	0.0339655
1.059	0.0338698
1.062	0.0337758
1.065	0.0336833
1.068	0.0335921
1.071	0.0335023
1.074	0.0334137
1.077	0.0333263
1.08	0.0332399
1.083	0.0331545
1.086	0.03307
1.089	0.0329864
1.092	0.0329034
1.095	0.0328211
1.098	0.0327394
1.101	0.0326582
1.104	0.0325774
1.107	0.0324969
1.11	0.0324167
1.113	0.0323366
1.116	0.0322567
1.119	0.0321768
1.122	0.0320969
1.125	0.0320168
1.128	0.0319366
1.131	0.0318562
1.134	0.0317754
1.137	0.0316943
1.14	0.0316128
1.143	0.0315308
1.146	0.0314482
1.149	0.031365
1.152	0.0312812
1.155	0.0311967
1.158	0.0311115
1.161	0.0310254
1.164	0.0309386
1.167	0.0308508
1.17	0.0307622
1.173	0.0306726
1.176	0.0305821
1.179	0.0304906
1.182	0.030398
1.185	0.0303044
1.188	0.0302098
1.191	0.0301141
1.194	0.0300173
1.197	0.0299194
1.2	0.0298205
1.203	0.0297204
1.206	0.0296193
1.209	0.0295171
1.212	0.0294139
1.215	0.0293096
1.218	0.0292042
1.221	0.0290979
1.224	0.0289906
1.227	0.0288823
1.23	0.0287732
1.233	0.0286631
1.236	0.0285522
1.239	0.0284405
1.242	0.0283281
1.245	0.0282149
1.248	0.0281012
1.251	0.0279868
1.254	0.0278719
1.257	0.0277565
1.26	0.0276407
1.263	0.0275245
1.266	0.0274081
1.269	0.0272914
1.272	0.0271746
1.275	0.0270578
1.278	0.0269409
1.281	0.0268241
1.284	0.0267074
1.287	0.026591
1.29	0.0264748
1.293	0.026359
1.296	0.0262437
1.299	0.0261288
1.302	0.0260146
1.305	0.0259009
1.308	0.0257881
1.311	0.025676
1.314	0.0255647
1.317	0.0254544
1.32	0.0253451
1.323	0.0252368
1.326	0.0251297
1.329	0.0250237
1.332	0.024919
1.335	0.0248155
1.338	0.0247134
1.341	0.0246126
1.344	0.0245133
1.347	0.0244154
1.35	0.0243191
1.353	0.0242243
1.356	0.0241311
1.359	0.0240395
1.362	0.0239495
1.365	0.0238612
1.368	0.0237746
1.371	0.0236897
1.374	0.0236066
1.377	0.0235252
1.38	0.0234455
1.383	0.0233677
1.386	0.0232916
1.389	0.0232173
1.392	0.0231448
1.395	0.0230741
1.398	0.0230051
1.401	0.022938
1.404	0.0228726
1.407	0.0228091
1.41	0.0227473
1.413	0.0226872
1.416	0.022629
1.419	0.0225724
1.422	0.0225176
1.425	0.0224645
1.428	0.0224131
1.431	0.0223634
1.434	0.0223154
1.437	0.022269
1.44	0.0222243
1.443	0.0221811
1.446	0.0221396
1.449	0.0220997
1.452	0.0220613
1.455	0.0220244
1.458	0.0219891
1.461	0.0219553
1.464	0.021923
1.467	0.0218921
1.47	0.0218627
1.473	0.0218347
1.476	0.0218081
1.479	0.021783
1.482	0.0217592
1.485	0.0217367
1.488	0.0217156
1.491	0.0216959
1.494	0.0216774
1.497	0.0216603
1.5	0.0216445
1.503	0.0216299
1.506	0.0216166
1.509	0.0216045
1.512	0.0215937
1.515	0.0215841
1.518	0.0215757
1.521	0.0215685
1.524	0.0215626
1.527	0.0215578
1.53	0.0215542
1.533	0.0215519
1.536	0.0215506
1.539	0.0215506
1.542	0.0215517
1.545	0.021554
1.548	0.0215575
1.551	0.0215621
1.554	0.0215679
1.557	0.0215749
1.56	0.021583
1.563	0.0215922
1.566	0.0216027
1.569	0.0216143
1.572	0.021627
1.575	0.0216409
1.578	0.021656
1.581	0.0216722
1.584	0.0216897
1.587	0.0217082
1.59	0.021728
1.593	0.0217489
1.596	0.021771
1.599	0.0217943
1.602	0.0218187
1.605	0.0218444
1.608	0.0218712
1.611	0.0218991
1.614	0.0219283
1.617	0.0219586
1.62	0.0219901
1.623	0.0220227
1.626	0.0220566
1.629	0.0220916
1.632	0.0221277
1.635	0.022165
1.638	0.0222034
1.641	0.0222429
1.644	0.0222836
1.647	0.0223254
1.65	0.0223682
1.653	0.0224122
1.656	0.0224572
1.659	0.0225032
1.662	0.0225503
1.665	0.0225984
1.668	0.0226475
1.671	0.0226975
1.674	0.0227485
1.677	0.0228005
1.68	0.0228533
1.683	0.0229069
1.686	0.0229614
1.689	0.0230168
1.692	0.0230729
1.695	0.0231297
1.698	0.0231872
1.701	0.0232455
1.704	0.0233043
1.707	0.0233638
1.71	0.0234238
1.713	0.0234844
1.716	0.0235455
1.719	0.023607
1.722	0.023669
1.725	0.0237313
1.728	0.023794
1.731	0.023857
1.734	0.0239202
1.737	0.0239837
1.74	0.0240474
1.743	0.0241113
1.746	0.0241752
1.749	0.0242393
1.752	0.0243034
1.755	0.0243675
1.758	0.0244317
1.761	0.0244958
1.764	0.0245598
1.767	0.0246237
1.77	0.0246875
1.773	0.0247512
1.776	0.0248147
1.779	0.024878
1.782	0.0249411
1.785	0.025004
1.788	0.0250667
1.791	0.0251291
1.794	0.0251912
1.797	0.0252531
1.8	0.0253147
1.803	0.0253761
1.806	0.0254371
1.809	0.0254979
1.812	0.0255584
1.815	0.0256186
1.818	0.0256786
1.821	0.0257383
1.824	0.0257977
1.827	0.0258569
1.83	0.0259159
1.833	0.0259748
1.836	0.0260334
1.839	0.0260919
1.842	0.0261502
1.845	0.0262084
1.848	0.0262666
1.851	0.0263247
1.854	0.0263828
1.857	0.0264409
1.86	0.026499
1.863	0.0265573
1.866	0.0266156
1.869	0.0266741
1.872	0.0267329
1.875	0.0267919
1.878	0.0268511
1.881	0.0269108
1.884	0.0269708
1.887	0.0270312
1.89	0.0270922
1.893	0.0271536
1.896	0.0272157
1.899	0.0272784
1.902	0.0273418
1.905	0.027406
1.908	0.027471
1.911	0.0275368
1.914	0.0276036
1.917	0.0276713
1.92	0.0277402
1.923	0.0278101
1.926	0.0278811
1.929	0.0279535
1.932	0.0280271
1.935	0.028102
1.938	0.0281784
1.941	0.0282562
1.944	0.0283356
1.947	0.0284166
1.95	0.0284992
1.953	0.0285835
1.956	0.0286697
1.959	0.0287577
1.962	0.0288475
1.965	0.0289394
1.968	0.0290333
1.971	0.0291292
1.974	0.0292273
1.977	0.0293275
1.98	0.02943
1.983	0.0295348
1.986	0.0296419
1.989	0.0297514
1.992	0.0298633
1.995	0.0299778
1.998	0.0300947
2.001	0.0302141
2.004	0.0303362
2.007	0.0304608
2.01	0.0305881
2.013	0.0307181
2.016	0.0308508
2.019	0.0309861
2.022	0.0311242
2.025	0.031265
2.028	0.0314086
2.031	0.0315549
2.034	0.0317039
2.037	0.0318556
2.04	0.03201
2.043	0.0321671
2.046	0.0323269
2.049	0.0324893
2.052	0.0326543
2.055	0.0328219
2.058	0.032992
2.061	0.0331645
2.064	0.0333395
2.067	0.0335168
2.07	0.0336964
2.073	0.0338782
2.076	0.0340621
2.079	0.0342481
2.082	0.034436
2.085	0.0346258
2.088	0.0348174
2.091	0.0350106
2.094	0.0352054
2.097	0.0354017
2.1	0.0355993
2.103	0.0357981
2.106	0.0359981
2.109	0.036199
2.112	0.0364007
2.115	0.0366032
2.118	0.0368063
2.121	0.0370098
2.124	0.0372137
2.127	0.0374177
2.13	0.0376218
2.133	0.0378259
2.136	0.0380297
2.139	0.0382331
2.142	0.0384361
2.145	0.0386385
2.148	0.0388402
2.151	0.0390409
2.154	0.0392407
2.157	0.0394394
2.16	0.0396369
2.163	0.039833
2.166	0.0400277
2.169	0.0402208
2.172	0.0404123
2.175	0.040602
2.178	0.0407899
2.181	0.0409759
2.184	0.0411598
2.187	0.0413418
2.19	0.0415215
2.193	0.0416991
2.196	0.0418744
2.199	0.0420474
2.202	0.0422181
2.205	0.0423864
2.208	0.0425523
2.211	0.0427158
2.214	0.0428768
2.217	0.0430354
2.22	0.0431915
2.223	0.0433451
2.226	0.0434963
2.229	0.043645
2.232	0.0437914
2.235	0.0439353
2.238	0.0440768
2.241	0.0442161
2.244	0.044353
2.247	0.0444876
2.25	0.0446201
2.253	0.0447504
2.256	0.0448786
2.259	0.0450048
2.262	0.0451291
2.265	0.0452514
2.268	0.0453719
2.271	0.0454906
2.274	0.0456077
2.277	0.0457232
2.28	0.0458372
2.283	0.0459497
2.286	0.046061
2.289	0.0461709
2.292	0.0462798
2.295	0.0463875
2.298	0.0464943
2.301	0.0466003
2.304	0.0467054
2.307	0.04681
2.31	0.0469139
2.313	0.0470174
2.316	0.0471205
2.319	0.0472234
2.322	0.0473261
2.325	0.0474287
2.328	0.0475314
2.331	0.0476342
2.334	0.0477374
2.337	0.0478408
2.34	0.0479448
2.343	0.0480493
2.346	0.0481545
2.349	0.0482604
2.352	0.0483672
2.355	0.0484751
2.358	0.0485839
2.361	0.048694
2.364	0.0488053
2.367	0.048918
2.37	0.0490322
2.373	0.0491479
2.376	0.0492652
2.379	0.0493843
2.382	0.0495053
2.385	0.0496281
2.388	0.0497529
2.391	0.0498798
2.394	0.0500088
2.397	0.0501401
2.4	0.0502736
2.403	0.0504095
2.406	0.0505479
2.409	0.0506887
2.412	0.050832
2.415	0.050978
2.418	0.0511266
2.421	0.0512779
2.424	0.0514319
2.427	0.0515887
2.43	0.0517482
2.433	0.0519106
2.436	0.0520758
2.439	0.0522439
2.442	0.0524148
2.445	0.0525885
2.448	0.0527651
2.451	0.0529445
2.454	0.0531268
2.457	0.0533118
2.46	0.0534995
2.463	0.05369
2.466	0.0538832
2.469	0.0540789
2.472	0.0542773
2.475	0.054478
2.478	0.0546812
2.481	0.0548868
2.484	0.0550945
2.487	0.0553044
2.49	0.0555163
2.493	0.0557301
2.496	0.0559458
2.499	0.0561631
2.502	0.0563819
2.505	0.0566022
2.508	0.0568237
2.511	0.0570464
2.514	0.05727
2.517	0.0574944
2.52	0.0577194
2.523	0.057945
2.526	0.0581708
2.529	0.0583968
2.532	0.0586228
2.535	0.0588485
2.538	0.0590739
2.541	0.0592987
2.544	0.0595228
2.547	0.0597459
2.55	0.059968
2.553	0.0601888
2.556	0.0604082
2.559	0.0606259
2.562	0.0608419
2.565	0.061056
2.568	0.061268
2.571	0.0614777
2.574	0.0616851
2.577	0.0618899
2.58	0.0620921
2.583	0.0622915
2.586	0.0624879
2.589	0.0626814
2.592	0.0628718
2.595	0.0630589
2.598	0.0632428
2.601	0.0634232
2.604	0.0636002
2.607	0.0637738
2.61	0.0639437
2.613	0.06411
2.616	0.0642727
2.619	0.0644318
2.622	0.0645872
2.625	0.0647388
2.628	0.0648868
2.631	0.0650312
2.634	0.0651718
2.637	0.0653089
2.64	0.0654423
2.643	0.0655722
2.646	0.0656986
2.649	0.0658215
2.652	0.065941
2.655	0.0660573
2.658	0.0661702
2.661	0.06628
2.664	0.0663867
2.667	0.0664905
2.67	0.0665913
2.673	0.0666893
2.676	0.0667846
2.679	0.0668773
2.682	0.0669675
2.685	0.0670553
2.688	0.0671408
2.691	0.0672242
2.694	0.0673055
2.697	0.0673849
2.7	0.0674625
2.703	0.0675384
2.706	0.0676127
2.709	0.0676855
2.712	0.067757
2.715	0.0678273
2.718	0.0678965
2.721	0.0679647
2.724	0.068032
2.727	0.0680986
2.73	0.0681645
2.733	0.0682299
2.736	0.0682949
2.739	0.0683595
2.742	0.068424
2.745	0.0684884
2.748	0.0685527
2.751	0.0686172
2.754	0.0686819
2.757	0.068747
2.76	0.0688124
2.763	0.0688783
2.766	0.0689448
2.769	0.069012
2.772	0.0690799
2.775	0.0691487
2.778	0.0692184
2.781	0.0692891
2.784	0.0693608
2.787	0.0694337
2.79	0.0695078
2.793	0.0695832
2.796	0.0696599
2.799	0.069738
2.802	0.0698175
2.805	0.0698985
2.808	0.069981
2.811	0.0700651
2.814	0.0701509
2.817	0.0702382
2.82	0.0703273
2.823	0.070418
2.826	0.0705104
2.829	0.0706046
2.832	0.0707005
2.835	0.0707981
2.838	0.0708975
2.841	0.0709986
2.844	0.0711015
2.847	0.071206
2.85	0.0713123
2.853	0.0714202
2.856	0.0715297
2.859	0.0716408
2.862	0.0717535
2.865	0.0718676
2.868	0.0719832
2.871	0.0721001
2.874	0.0722183
2.877	0.0723378
2.88	0.0724583
2.883	0.07258
2.886	0.0727026
2.889	0.072826
2.892	0.0729502
2.895	0.0730751
2.898	0.0732004
2.901	0.0733262
2.904	0.0734522
2.907	0.0735784
2.91	0.0737045
2.913	0.0738306
2.916	0.0739564
2.919	0.0740817
2.922	0.0742064
2.925	0.0743305
2.928	0.0744536
2.931	0.0745757
2.934	0.0746966
2.937	0.0748161
2.94	0.0749341
2.943	0.0750505
2.946	0.075165
2.949	0.0752775
2.952	0.0753878
2.955	0.0754959
2.958	0.0756015
2.961	0.0757045
2.964	0.0758048
2.967	0.0759022
2.97	0.0759967
2.973	0.076088
2.976	0.0761761
2.979	0.0762609
2.982	0.0763422
2.985	0.07642
2.988	0.0764942
2.991	0.0765647
2.994	0.0766314
2.997	0.0766944
3	0.0767534
3.003	0.0768086
3.006	0.0768599
3.009	0.0769072
3.012	0.0769505
3.015	0.0769899
3.018	0.0770254
3.021	0.077057
3.024	0.0770847
3.027	0.0771085
3.03	0.0771286
3.033	0.0771449
3.036	0.0771576
3.039	0.0771666
3.042	0.0771722
3.045	0.0771744
3.048	0.0771732
3.051	0.0771689
3.054	0.0771614
3.057	0.077151
3.06	0.0771377
3.063	0.0771217
3.066	0.0771031
3.069	0.077082
3.072	0.0770585
3.075	0.0770329
3.078	0.0770052
3.081	0.0769756
3.084	0.0769442
3.087	0.0769112
3.09	0.0768767
3.093	0.0768409
3.096	0.0768038
3.099	0.0767657
3.102	0.0767267
3.105	0.0766868
3.108	0.0766464
3.111	0.0766054
3.114	0.076564
3.117	0.0765223
3.12	0.0764805
3.123	0.0764386
3.126	0.0763969
3.129	0.0763553
3.132	0.0763141
3.135	0.0762732
3.138	0.0762329
3.141	0.0761932
3.144	0.0761541
3.147	0.0761158
3.15	0.0760784
3.153	0.0760419
3.156	0.0760064
3.159	0.075972
3.162	0.0759387
3.165	0.0759066
3.168	0.0758757
3.171	0.0758461
3.174	0.0758179
3.177	0.075791
3.18	0.0757656
3.183	0.0757415
3.186	0.0757189
3.189	0.0756979
3.192	0.0756783
3.195	0.0756602
3.198	0.0756437
3.201	0.0756287
3.204	0.0756152
3.207	0.0756032
3.21	0.0755928
3.213	0.0755839
3.216	0.0755765
3.219	0.0755705
3.222	0.075566
3.225	0.075563
3.228	0.0755613
3.231	0.0755609
3.234	0.0755619
3.237	0.0755642
3.24	0.0755676
3.243	0.0755723
3.246	0.075578
3.249	0.0755848
3.252	0.0755926
3.255	0.0756013
3.258	0.0756109
3.261	0.0756212
3.264	0.0756322
3.267	0.0756437
3.27	0.0756558
3.273	0.0756683
3.276	0.0756812
3.279	0.0756942
3.282	0.0757073
3.285	0.0757204
3.288	0.0757334
3.291	0.0757462
3.294	0.0757585
3.297	0.0757704
3.3	0.0757817
3.303	0.0757922
3.306	0.0758019
3.309	0.0758105
3.312	0.075818
3.315	0.0758241
3.318	0.0758288
3.321	0.0758319
3.324	0.0758333
3.327	0.0758328
3.33	0.0758302
3.333	0.0758255
3.336	0.0758184
3.339	0.0758089
3.342	0.0757967
3.345	0.0757818
3.348	0.0757639
3.351	0.075743
3.354	0.075719
3.357	0.0756916
3.36	0.0756608
3.363	0.0756264
3.366	0.0755883
3.369	0.0755465
3.372	0.0755007
3.375	0.075451
3.378	0.0753972
3.381	0.0753393
3.384	0.0752771
3.387	0.0752106
3.39	0.0751398
3.393	0.0750646
3.396	0.0749849
3.399	0.0749008
3.402	0.0748123
3.405	0.0747192
3.408	0.0746218
3.411	0.0745198
3.414	0.0744135
3.417	0.0743028
3.42	0.0741877
3.423	0.0740684
3.426	0.0739449
3.429	0.0738173
3.432	0.0736857
3.435	0.0735502
3.438	0.0734108
3.441	0.0732678
3.444	0.0731213
3.447	0.0729713
3.45	0.0728181
3.453	0.0726618
3.456	0.0725025
3.459	0.0723404
3.462	0.0721757
3.465	0.0720086
3.468	0.0718392
3.471	0.0716677
3.474	0.0714944
3.477	0.0713193
3.48	0.0711427
3.483	0.0709647
3.486	0.0707857
3.489	0.0706056
3.492	0.0704248
3.495	0.0702435
3.498	0.0700617
3.501	0.0698797
3.504	0.0696976
3.507	0.0695157
3.51	0.0693341
3.513	0.0691529
3.516	0.0689723
3.519	0.0687925
3.522	0.0686136
3.525	0.0684358
3.528	0.0682591
3.531	0.0680837
3.534	0.0679098
3.537	0.0677374
3.54	0.0675667
3.543	0.0673977
3.546	0.0672305
3.549	0.0670653
3.552	0.0669021
3.555	0.0667409
3.558	0.0665818
3.561	0.0664249
3.564	0.0662703
3.567	0.0661179
3.57	0.0659678
3.573	0.0658201
3.576	0.0656747
3.579	0.0655317
3.582	0.065391
3.585	0.0652527
3.588	0.0651168
3.591	0.0649832
3.594	0.0648519
3.597	0.064723
3.6	0.0645964
3.603	0.064472
3.606	0.0643498
3.609	0.0642298
3.612	0.0641119
3.615	0.0639962
3.618	0.0638824
3.621	0.0637706
3.624	0.0636607
3.627	0.0635526
3.63	0.0634463
3.633	0.0633417
3.636	0.0632387
3.639	0.0631372
3.642	0.0630372
3.645	0.0629386
3.648	0.0628412
3.651	0.062745
3.654	0.0626499
3.657	0.0625558
3.66	0.0624626
3.663	0.0623701
3.666	0.0622784
3.669	0.0621873
3.672	0.0620966
3.675	0.0620063
3.678	0.0619163
3.681	0.0618265
3.684	0.0617367
3.687	0.0616468
3.69	0.0615567
3.693	0.0614664
3.696	0.0613756
3.699	0.0612843
3.702	0.0611924
3.705	0.0610997
3.708	0.0610062
3.711	0.0609116
3.714	0.0608159
3.717	0.060719
3.72	0.0606208
3.723	0.0605211
3.726	0.0604199
3.729	0.060317
3.732	0.0602123
3.735	0.0601057
3.738	0.059997
3.741	0.0598863
3.744	0.0597734
3.747	0.0596582
3.75	0.0595405
3.753	0.0594204
3.756	0.0592977
3.759	0.0591724
3.762	0.0590442
3.765	0.0589133
3.768	0.0587795
3.771	0.0586427
3.774	0.058503
3.777	0.0583601
3.78	0.0582142
3.783	0.0580651
3.786	0.0579129
3.789	0.0577574
3.792	0.0575987
3.795	0.0574368
3.798	0.0572716
3.801	0.0571032
3.804	0.0569316
3.807	0.0567568
3.81	0.0565788
3.813	0.0563977
3.816	0.0562134
3.819	0.0560262
3.822	0.0558359
3.825	0.0556428
3.828	0.0554468
3.831	0.0552481
3.834	0.0550467
3.837	0.0548428
3.84	0.0546364
3.843	0.0544276
3.846	0.0542167
3.849	0.0540036
3.852	0.0537886
3.855	0.0535718
3.858	0.0533533
3.861	0.0531333
3.864	0.0529119
3.867	0.0526892
3.87	0.0524655
3.873	0.0522409
3.876	0.0520155
3.879	0.0517896
3.882	0.0515632
3.885	0.0513365
3.888	0.0511098
3.891	0.0508831
3.894	0.0506567
3.897	0.0504306
3.9	0.0502051
3.903	0.0499803
3.906	0.0497564
3.909	0.0495335
3.912	0.0493117
3.915	0.0490912
3.918	0.0488721
3.921	0.0486546
3.924	0.0484388
3.927	0.0482248
3.93	0.0480126
3.933	0.0478026
3.936	0.0475946
3.939	0.0473888
3.942	0.0471854
3.945	0.0469844
3.948	0.0467858
3.951	0.0465897
3.954	0.0463963
3.957	0.0462055
3.96	0.0460174
3.963	0.045832
3.966	0.0456494
3.969	0.0454696
3.972	0.0452927
3.975	0.0451186
3.978	0.0449473
3.981	0.0447788
3.984	0.0446132
3.987	0.0444505
3.99	0.0442906
3.993	0.0441334
3.996	0.0439791
3.999	0.0438275
4.002	0.0436786
4.005	0.0435324
4.008	0.0433888
4.011	0.0432478
4.014	0.0431094
4.017	0.0429734
4.02	0.0428398
4.023	0.0427086
4.026	0.0425797
4.029	0.042453
4.032	0.0423284
4.035	0.0422059
4.038	0.0420854
4.041	0.0419669
4.044	0.0418502
4.047	0.0417352
4.05	0.0416219
4.053	0.0415102
4.056	0.0414
4.059	0.0412913
4.062	0.0411838
4.065	0.0410776
4.068	0.0409725
4.071	0.0408685
4.074	0.0407654
4.077	0.0406632
4.08	0.0405617
4.083	0.040461
4.086	0.0403608
4.089	0.0402611
4.092	0.0401619
4.095	0.0400629
4.098	0.0399641
4.101	0.0398655
4.104	0.0397669
4.107	0.0396682
4.11	0.0395694
4.113	0.0394703
4.116	0.0393709
4.119	0.0392711
4.122	0.0391707
4.125	0.0390698
4.128	0.0389683
4.131	0.0388659
4.134	0.0387628
4.137	0.0386587
4.14	0.0385537
4.143	0.0384476
4.146	0.0383404
4.149	0.0382319
4.152	0.0381223
4.155	0.0380113
4.158	0.0378989
4.161	0.0377851
4.164	0.0376698
4.167	0.037553
4.17	0.0374346
4.173	0.0373146
4.176	0.0371929
4.179	0.0370695
4.182	0.0369444
4.185	0.0368175
4.188	0.0366889
4.191	0.0365585
4.194	0.0364263
4.197	0.0362922
4.2	0.0361564
4.203	0.0360187
4.206	0.0358793
4.209	0.035738
4.212	0.035595
4.215	0.0354502
4.218	0.0353038
4.221	0.0351556
4.224	0.0350058
4.227	0.0348543
4.23	0.0347013
4.233	0.0345468
4.236	0.0343909
4.239	0.0342335
4.242	0.0340749
4.245	0.0339149
4.248	0.0337538
4.251	0.0335917
4.254	0.0334285
4.257	0.0332643
4.26	0.0330994
4.263	0.0329337
4.266	0.0327673
4.269	0.0326004
4.272	0.032433
4.275	0.0322653
4.278	0.0320974
4.281	0.0319293
4.284	0.0317612
4.287	0.0315932
4.29	0.0314253
4.293	0.0312577
4.296	0.0310906
4.299	0.0309239
4.302	0.0307579
4.305	0.0305926
4.308	0.0304281
4.311	0.0302645
4.314	0.030102
4.317	0.0299406
4.32	0.0297804
4.323	0.0296215
4.326	0.029464
4.329	0.029308
4.332	0.0291535
4.335	0.0290007
4.338	0.0288496
4.341	0.0287003
4.344	0.0285529
4.347	0.0284073
4.35	0.0282638
4.353	0.0281223
4.356	0.0279829
4.359	0.0278456
4.362	0.0277105
4.365	0.0275776
4.368	0.0274469
4.371	0.0273185
4.374	0.0271925
4.377	0.0270687
4.38	0.0269473
4.383	0.0268283
4.386	0.0267116
4.389	0.0265972
4.392	0.0264853
4.395	0.0263757
4.398	0.0262685
4.401	0.0261637
4.404	0.0260612
4.407	0.025961
4.41	0.0258632
4.413	0.0257676
4.416	0.0256744
4.419	0.0255834
4.422	0.0254946
4.425	0.0254081
4.428	0.0253237
4.431	0.0252415
4.434	0.0251613
4.437	0.0250833
4.44	0.0250073
4.443	0.0249333
4.446	0.0248613
4.449	0.0247912
4.452	0.0247229
4.455	0.0246566
4.458	0.024592
4.461	0.0245293
4.464	0.0244682
4.467	0.0244088
4.47	0.0243511
4.473	0.024295
4.476	0.0242404
4.479	0.0241874
4.482	0.0241358
4.485	0.0240857
4.488	0.024037
4.491	0.0239896
4.494	0.0239436
4.497	0.0238988
4.5	0.0238552
4.503	0.0238129
4.506	0.0237717
4.509	0.0237316
4.512	0.0236927
4.515	0.0236547
4.518	0.0236178
4.521	0.0235819
4.524	0.0235469
4.527	0.0235129
4.53	0.0234797
4.533	0.0234474
4.536	0.023416
4.539	0.0233853
4.542	0.0233554
4.545	0.0233262
4.548	0.0232978
4.551	0.0232701
4.554	0.023243
4.557	0.0232166
4.56	0.0231909
4.563	0.0231657
4.566	0.0231411
4.569	0.0231172
4.572	0.0230937
4.575	0.0230709
4.578	0.0230485
4.581	0.0230267
4.584	0.0230053
4.587	0.0229845
4.59	0.0229642
4.593	0.0229443
4.596	0.0229248
4.599	0.0229059
4.602	0.0228874
4.605	0.0228693
4.608	0.0228517
4.611	0.0228345
4.614	0.0228177
4.617	0.0228014
4.62	0.0227855
4.623	0.0227701
4.626	0.022755
4.629	0.0227404
4.632	0.0227262
4.635	0.0227125
4.638	0.0226992
4.641	0.0226863
4.644	0.0226739
4.647	0.0226619
4.65	0.0226504
4.653	0.0226393
4.656	0.0226286
4.659	0.0226185
4.662	0.0226088
4.665	0.0225996
4.668	0.0225908
4.671	0.0225825
4.674	0.0225748
4.677	0.0225675
4.68	0.0225607
4.683	0.0225544
4.686	0.0225486
4.689	0.0225433
4.692	0.0225385
4.695	0.0225343
4.698	0.0225305
4.701	0.0225273
4.704	0.0225246
4.707	0.0225225
4.71	0.0225208
4.713	0.0225197
4.716	0.0225191
4.719	0.0225191
4.722	0.0225195
4.725	0.0225205
4.728	0.022522
4.731	0.0225241
4.734	0.0225267
4.737	0.0225297
4.74	0.0225333
4.743	0.0225374
4.746	0.0225421
4.749	0.0225472
4.752	0.0225528
4.755	0.022559
4.758	0.0225656
4.761	0.0225727
4.764	0.0225803
4.767	0.0225884
4.77	0.022597
4.773	0.0226061
4.776	0.0226156
4.779	0.0226256
4.782	0.0226361
4.785	0.022647
4.788	0.0226584
4.791	0.0226702
4.794	0.0226825
4.797	0.0226953
4.8	0.0227085
4.803	0.0227222
4.806	0.0227363
4.809	0.0227509
4.812	0.022766
4.815	0.0227815
4.818	0.0227975
4.821	0.022814
4.824	0.022831
4.827	0.0228484
4.83	0.0228663
4.833	0.0228848
4.836	0.0229037
4.839	0.0229232
4.842	0.0229432
4.845	0.0229637
4.848	0.0229848
4.851	0.0230065
4.854	0.0230288
4.857	0.0230517
4.86	0.0230752
4.863	0.0230993
4.866	0.0231241
4.869	0.0231496
4.872	0.0231758
4.875	0.0232027
4.878	0.0232304
4.881	0.0232588
4.884	0.0232881
4.887	0.0233182
4.89	0.0233491
4.893	0.0233809
4.896	0.0234137
4.899	0.0234474
4.902	0.0234821
4.905	0.0235177
4.908	0.0235545
4.911	0.0235923
4.914	0.0236313
4.917	0.0236714
4.92	0.0237127
4.923	0.0237552
4.926	0.0237991
4.929	0.0238442
4.932	0.0238907
4.935	0.0239386
4.938	0.0239879
4.941	0.0240387
4.944	0.024091
4.947	0.0241449
4.95	0.0242004
4.953	0.0242576
4.956	0.0243164
4.959	0.024377
4.962	0.0244394
4.965	0.0245036
4.968	0.0245696
4.971	0.0246376
4.974	0.0247075
4.977	0.0247795
4.98	0.0248534
4.983	0.0249295
4.986	0.0250076
4.989	0.0250879
4.992	0.0251704
4.995	0.0252551
4.998	0.0253421
5.001	0.0254314
5.004	0.0255229
5.007	0.0256169
5.01	0.0257131
5.013	0.0258118
5.016	0.0259129
5.019	0.0260165
5.022	0.0261225
5.025	0.0262309
5.028	0.0263418
5.031	0.0264552
5.034	0.0265711
5.037	0.0266894
5.04	0.0268103
5.043	0.0269335
5.046	0.0270593
5.049	0.0271874
5.052	0.027318
5.055	0.027451
5.058	0.0275863
5.061	0.0277239
5.064	0.0278638
5.067	0.028006
5.07	0.0281504
5.073	0.0282969
5.076	0.0284455
5.079	0.0285961
5.082	0.0287486
5.085	0.0289031
5.088	0.0290593
5.091	0.0292174
5.094	0.029377
5.097	0.0295382
5.1	0.0297009
5.103	0.029865
5.106	0.0300304
5.109	0.030197
5.112	0.0303647
5.115	0.0305333
5.118	0.0307028
5.121	0.0308731
5.124	0.0310441
5.127	0.0312156
5.13	0.0313875
5.133	0.0315598
5.136	0.0317322
5.139	0.0319048
5.142	0.0320773
5.145	0.0322497
5.148	0.0324219
5.151	0.0325937
5.154	0.032765
5.157	0.0329358
5.16	0.0331059
5.163	0.0332753
5.166	0.0334437
5.169	0.0336112
5.172	0.0337777
5.175	0.033943
5.178	0.034107
5.181	0.0342698
5.184	0.0344312
5.187	0.0345911
5.19	0.0347495
5.193	0.0349064
5.196	0.0350616
5.199	0.0352151
5.202	0.0353669
5.205	0.0355169
5.208	0.0356652
5.211	0.0358116
5.214	0.0359561
5.217	0.0360988
5.22	0.0362396
5.223	0.0363785
5.226	0.0365155
5.229	0.0366507
5.232	0.0367839
5.235	0.0369153
5.238	0.0370448
5.241	0.0371726
5.244	0.0372985
5.247	0.0374226
5.25	0.0375451
5.253	0.0376658
5.256	0.0377849
5.259	0.0379024
5.262	0.0380184
5.265	0.0381329
5.268	0.0382459
5.271	0.0383576
5.274	0.038468
5.277	0.0385772
5.28	0.0386852
5.283	0.0387921
5.286	0.0388981
5.289	0.0390031
5.292	0.0391073
5.295	0.0392107
5.298	0.0393134
5.301	0.0394156
5.304	0.0395172
5.307	0.0396185
5.31	0.0397194
5.313	0.0398201
5.316	0.0399207
5.319	0.0400212
5.322	0.0401218
5.325	0.0402226
5.328	0.0403236
5.331	0.040425
5.334	0.0405268
5.337	0.0406291
5.34	0.0407322
5.343	0.0408359
5.346	0.0409405
5.349	0.041046
5.352	0.0411526
5.355	0.0412603
5.358	0.0413692
5.361	0.0414794
5.364	0.0415911
5.367	0.0417043
5.37	0.041819
5.373	0.0419355
5.376	0.0420537
5.379	0.0421738
5.382	0.0422959
5.385	0.04242
5.388	0.0425462
5.391	0.0426746
5.394	0.0428053
5.397	0.0429384
5.4	0.0430738
5.403	0.0432118
5.406	0.0433523
5.409	0.0434954
5.412	0.0436412
5.415	0.0437897
5.418	0.0439409
5.421	0.044095
5.424	0.0442519
5.427	0.0444118
5.43	0.0445745
5.433	0.0447402
5.436	0.0449088
5.439	0.0450805
5.442	0.0452551
5.445	0.0454327
5.448	0.0456132
5.451	0.0457967
5.454	0.0459832
5.457	0.0461726
5.46	0.0463649
5.463	0.04656
5.466	0.046758
5.469	0.0469587
5.472	0.047162
5.475	0.047368
5.478	0.0475766
5.481	0.0477876
5.484	0.048001
5.487	0.0482166
5.49	0.0484344
5.493	0.0486543
5.496	0.0488761
5.499	0.0490997
5.502	0.0493249
5.505	0.0495517
5.508	0.0497799
5.511	0.0500094
5.514	0.0502399
5.517	0.0504713
5.52	0.0507035
5.523	0.0509362
5.526	0.0511694
5.529	0.0514028
5.532	0.0516362
5.535	0.0518695
5.538	0.0521024
5.541	0.0523349
5.544	0.0525666
5.547	0.0527974
5.55	0.0530272
5.553	0.0532556
5.556	0.0534826
5.559	0.053708
5.562	0.0539315
5.565	0.054153
5.568	0.0543724
5.571	0.0545893
5.574	0.0548037
5.577	0.0550154
5.58	0.0552243
5.583	0.0554301
5.586	0.0556328
5.589	0.0558321
5.592	0.056028
5.595	0.0562203
5.598	0.0564089
5.601	0.0565936
5.604	0.0567745
5.607	0.0569513
5.61	0.057124
5.613	0.0572924
5.616	0.0574566
5.619	0.0576163
5.622	0.0577717
5.625	0.0579225
5.628	0.0580688
5.631	0.0582105
5.634	0.0583475
5.637	0.0584799
5.64	0.0586076
5.643	0.0587306
5.646	0.0588489
5.649	0.0589625
5.652	0.0590713
5.655	0.0591753
5.658	0.0592747
5.661	0.0593693
5.664	0.0594592
5.667	0.0595445
5.67	0.0596251
5.673	0.059701
5.676	0.0597723
5.679	0.0598391
5.682	0.0599013
5.685	0.0599589
5.688	0.0600121
5.691	0.0600608
5.694	0.0601051
5.697	0.0601451
5.7	0.0601806
5.703	0.0602118
5.706	0.0602388
5.709	0.0602615
5.712	0.06028
5.715	0.0602943
5.718	0.0603044
5.721	0.0603104
5.724	0.0603122
5.727	0.06031
5.73	0.0603037
5.733	0.0602934
5.736	0.0602791
5.739	0.0602607
5.742	0.0602383
5.745	0.060212
5.748	0.0601816
5.751	0.0601473
5.754	0.060109
5.757	0.0600667
5.76	0.0600205
5.763	0.0599702
5.766	0.059916
5.769	0.0598577
5.772	0.0597954
5.775	0.0597291
5.778	0.0596588
5.781	0.0595843
5.784	0.0595058
5.787	0.0594231
5.79	0.0593362
5.793	0.0592452
5.796	0.05915
5.799	0.0590505
5.802	0.0589467
5.805	0.0588386
5.808	0.0587262
5.811	0.0586093
5.814	0.0584881
5.817	0.0583623
5.82	0.058232
5.823	0.0580972
5.826	0.0579578
5.829	0.0578137
5.832	0.057665
5.835	0.0575115
5.838	0.0573533
5.841	0.0571903
5.844	0.0570224
5.847	0.0568497
5.85	0.0566721
5.853	0.0564895
5.856	0.056302
5.859	0.0561095
5.862	0.0559119
5.865	0.0557094
5.868	0.0555018
5.871	0.0552891
5.874	0.0550713
5.877	0.0548485
5.88	0.0546206
5.883	0.0543876
5.886	0.0541495
5.889	0.0539064
5.892	0.0536582
5.895	0.053405
5.898	0.0531468
5.901	0.0528836
5.904	0.0526156
5.907	0.0523426
5.91	0.0520649
5.913	0.0517824
5.916	0.0514952
5.919	0.0512034
5.922	0.0509071
5.925	0.0506063
5.928	0.0503011
5.931	0.0499917
5.934	0.0496782
5.937	0.0493606
5.94	0.0490392
5.943	0.0487139
5.946	0.048385
5.949	0.0480526
5.952	0.0477168
5.955	0.0473778
5.958	0.0470357
5.961	0.0466908
5.964	0.0463432
5.967	0.045993
5.97	0.0456404
5.973	0.0452857
5.976	0.044929
5.979	0.0445705
5.982	0.0442104
5.985	0.0438489
5.988	0.0434862
5.991	0.0431225
5.994	0.042758
5.997	0.0423929
