 Location  Dispersion    Centroids   Volume
-0.00198274   0.425677   -0.00585   1.00076
0.429168   0.418134   0.416112   0.998323
0.852367   0.427363   0.766192   1.0001
1.28104   0.431035   0.972601   1.00066
1.71149   0.431777   1.00528   1.0008
2.14668   0.428588   0.854502   1.00024
2.57315   0.425536   0.54788   0.999654
3.00146   0.424126   0.143903   0.999434
3.42346   0.423605   -0.284759   0.999361
3.84713   0.426258   -0.661472   0.999798
4.27989   0.430098   -0.922052   1.00047
4.71001   0.431891   -1.01734   1.0008
5.14016   0.43   -0.924519   1.00053
5.56653   0.420302   -0.662931   0.998813
5.9974   0.424596   -0.27883   1.00026
