 Location  Dispersion    Centroids   Volume
-0.00694184   0.073213   0.0132785   0.999283
0.105422   0.0781506   0.170014   1.00003
0.233966   0.0795193   0.281591   0.999903
0.351892   0.0850977   0.390259   1
0.484679   0.0902089   0.491389   1.00068
0.608741   0.0835341   0.657552   1.0001
0.729581   0.076419   0.715164   0.999726
0.852679   0.0805716   0.792598   0.999846
0.969954   0.0821676   0.876309   1.00016
1.09838   0.0850961   0.935662   1.00028
1.22172   0.0834341   0.995771   1
1.34579   0.0809197   1.01623   1.00005
1.47053   0.0821241   1.04382   0.999982
1.5909   0.0807504   1.04875   1.00005
1.71107   0.07964   1.02971   0.999911
1.84182   0.0864695   1.02537   1.00052
1.96298   0.0816291   0.964718   0.999813
2.0841   0.0771057   0.921771   0.99962
2.20315   0.0826742   0.872636   0.999941
2.32087   0.0836865   0.756325   1.00032
2.44815   0.0780017   0.714256   0.999393
2.56676   0.0874702   0.591114   1.00059
2.69885   0.0880587   0.478875   1.00001
2.81474   0.0810779   0.345838   1.00003
2.93519   0.0743744   0.284782   0.999646
3.06795   0.0882215   0.139075   1.00075
3.17938   0.0776538   -0.0119446   0.999267
3.30021   0.0810661   -0.0919391   0.999503
3.41918   0.0915015   -0.238526   1.00091
3.55388   0.0792972   -0.359397   1.00002
3.6724   0.0771774   -0.462007   0.999504
3.78847   0.0782812   -0.538553   0.999831
3.90195   0.0770759   -0.630677   0.999803
4.04075   0.09221   -0.713873   1.00063
4.15491   0.0900581   -0.812461   1.00019
4.2889   0.0769671   -0.862945   0.999799
4.40373   0.0783872   -0.90671   0.999812
4.52436   0.0816638   -0.937086   1.0001
4.64955   0.0814067   -0.949694   0.999994
4.76979   0.0801308   -0.949092   0.999931
4.8946   0.080784   -0.938   1.00003
5.01349   0.0772827   -0.915508   0.999835
5.13699   0.0852567   -0.863131   1.00013
5.2598   0.0871836   -0.785617   1.00022
5.38053   0.0752246   -0.721478   0.99969
5.51061   0.0886236   -0.655062   1.00077
5.63306   0.0873923   -0.540805   0.999693
5.75208   0.0775258   -0.45549   1.00008
5.8763   0.0702535   -0.336581   0.999224
5.99049   0.0830818   -0.252895   1.00039
