 Location  Dispersion    Centroids   Volume
-1.94305e-05   0.122369   -8.7727e-05   1
0.120031   0.122391   0.119959   0.999999
0.245936   0.122396   0.243371   1
0.366003   0.122389   0.358178   0.999999
0.491923   0.122397   0.472313   1
0.611958   0.122365   0.574645   1
0.731973   0.122386   0.668687   0.999999
0.857929   0.122398   0.756581   1
0.977958   0.122379   0.829586   1
1.09797   0.122387   0.890622   1
1.22396   0.122396   0.940628   1
1.34398   0.122389   0.974689   1
1.46999   0.122393   0.995154   1
1.59   0.122391   1.00006   1
1.71002   0.122393   0.990547   1
1.83602   0.122388   0.965342   1
1.95604   0.122396   0.926872   1
2.08203   0.122386   0.872482   1
2.20204   0.122377   0.807516   1
2.32207   0.122398   0.7309   1
2.44803   0.122386   0.639633   0.999999
2.56808   0.122398   0.5426   1
2.694   0.122387   0.433099   0.999999
2.81403   0.122356   0.321842   1
2.93406   0.122395   0.205942   0.999999
3.05997   0.122391   0.0817393   0.999999
3.18   0.122352   -0.0384072   1
3.30003   0.122391   -0.157999   0.999999
3.42593   0.122396   -0.280445   1
3.546   0.122388   -0.393774   0.999999
3.67192   0.122397   -0.50582   1
3.79196   0.122366   -0.605658   1
3.91197   0.122386   -0.696757   0.999999
4.03793   0.122398   -0.781145   1
4.15797   0.122386   -0.850553   1
4.28395   0.122396   -0.909774   1
4.40397   0.122387   -0.95306   1
4.52398   0.122389   -0.982597   1
4.64999   0.122392   -0.998294   1
4.77001   0.122392   -0.998581   1
4.89602   0.122389   -0.98348   1
5.01603   0.122387   -0.9545   1
5.13605   0.122396   -0.91175   1
5.26203   0.122386   -0.853056   1
5.38204   0.122376   -0.784255   1
5.50207   0.122398   -0.704141   1
5.62802   0.122386   -0.609633   0.999999
5.74808   0.122398   -0.509935   1
5.874   0.122388   -0.398161   0.999999
5.99403   0.122364   -0.285123   0.999998
