 Location  Dispersion    Centroids   Volume
-0.00217999   0.425329   -0.00809085   1.00076
0.428836   0.417897   0.415394   0.998227
0.851604   0.427323   0.767686   1.0001
1.28065   0.431103   0.966053   1.00069
1.71174   0.43222   1.00943   1.00107
2.14322   0.424856   0.855202   0.999455
2.57309   0.423918   0.54717   0.999965
2.98931   0.419961   0.140653   0.99833
3.49986   0.504182   -0.249036   1.00875
3.82328   0.425202   -0.537284   0.999891
4.36366   0.338645   -0.906317   0.991833
4.70802   0.431361   -1.00833   1.0012
5.14039   0.430379   -0.932382   1.00057
5.56697   0.421006   -0.657889   0.998967
5.99776   0.424374   -0.279879   1.00011
