  x   	 	   y   	 	V[Z|X= x, Y= y]
0	0	0.00272027
0.006414	0.006414	0.00272167
0.012828	0.012828	0.00272315
0.019242	0.019242	0.00272473
0.025656	0.025656	0.00272641
0.03207	0.03207	0.0027282
0.038484	0.038484	0.0027301
0.044898	0.044898	0.00273213
0.051312	0.051312	0.00273428
0.057726	0.057726	0.00273656
0.06414	0.06414	0.002739
0.070554	0.070554	0.00274158
0.076968	0.076968	0.00274432
0.083382	0.083382	0.00274724
0.089796	0.089796	0.00275034
0.09621	0.09621	0.00275362
0.102624	0.102624	0.00275712
0.109038	0.109038	0.00276082
0.115452	0.115452	0.00276476
0.121866	0.121866	0.00276893
0.12828	0.12828	0.00277336
0.134694	0.134694	0.00277805
0.141108	0.141108	0.00278303
0.147522	0.147522	0.00278832
0.153936	0.153936	0.00279392
0.16035	0.16035	0.00279985
0.166764	0.166764	0.00280614
0.173178	0.173178	0.0028128
0.179592	0.179592	0.00281986
0.186006	0.186006	0.00282734
0.19242	0.19242	0.00283525
0.198834	0.198834	0.00284364
0.205248	0.205248	0.00285251
0.211662	0.211662	0.0028619
0.218076	0.218076	0.00287183
0.22449	0.22449	0.00288235
0.230904	0.230904	0.00289346
0.237318	0.237318	0.00290522
0.243732	0.243732	0.00291765
0.250146	0.250146	0.0029308
0.25656	0.25656	0.00294469
0.262974	0.262974	0.00295937
0.269388	0.269388	0.00297488
0.275802	0.275802	0.00299126
0.282216	0.282216	0.00300857
0.28863	0.28863	0.00302684
0.295044	0.295044	0.00304613
0.301458	0.301458	0.00306649
0.307872	0.307872	0.00308798
0.314286	0.314286	0.00311066
0.3207	0.3207	0.00313458
0.327114	0.327114	0.00315981
0.333528	0.333528	0.00318642
0.339942	0.339942	0.00321447
0.346356	0.346356	0.00324405
0.35277	0.35277	0.00327522
0.359184	0.359184	0.00330806
0.365598	0.365598	0.00334266
0.372012	0.372012	0.00337911
0.378426	0.378426	0.0034175
0.38484	0.38484	0.00345792
0.391254	0.391254	0.00350047
0.397668	0.397668	0.00354526
0.404082	0.404082	0.0035924
0.410496	0.410496	0.00364199
0.41691	0.41691	0.00369416
0.423324	0.423324	0.00374902
0.429738	0.429738	0.00380672
0.436152	0.436152	0.00386738
0.442566	0.442566	0.00393114
0.44898	0.44898	0.00399815
0.455394	0.455394	0.00406855
0.461808	0.461808	0.00414252
0.468222	0.468222	0.00422021
0.474636	0.474636	0.00430179
0.48105	0.48105	0.00438744
0.487464	0.487464	0.00447736
0.493878	0.493878	0.00457172
0.500292	0.500292	0.00467074
0.506706	0.506706	0.00477462
0.51312	0.51312	0.00488358
0.519534	0.519534	0.00499785
0.525948	0.525948	0.00511765
0.532362	0.532362	0.00524324
0.538776	0.538776	0.00537487
0.54519	0.54519	0.0055128
0.551604	0.551604	0.00565731
0.558018	0.558018	0.00580867
0.564432	0.564432	0.00596718
0.570846	0.570846	0.00613315
0.57726	0.57726	0.0063069
0.583674	0.583674	0.00648874
0.590088	0.590088	0.00667902
0.596502	0.596502	0.00687809
0.602916	0.602916	0.00708632
0.60933	0.60933	0.00730409
0.615744	0.615744	0.00753177
0.622158	0.622158	0.00776978
0.628572	0.628572	0.00801854
0.634986	0.634986	0.00827848
0.6414	0.6414	0.00855003
0.647814	0.647814	0.00883368
0.654228	0.654228	0.00912988
0.660642	0.660642	0.00943914
0.667056	0.667056	0.00976197
0.67347	0.67347	0.0100989
0.679884	0.679884	0.0104504
0.686298	0.686298	0.0108172
0.692712	0.692712	0.0111996
0.699126	0.699126	0.0115985
0.70554	0.70554	0.0120143
0.711954	0.711954	0.0124477
0.718368	0.718368	0.0128994
0.724782	0.724782	0.01337
0.731196	0.731196	0.0138602
0.73761	0.73761	0.0143707
0.744024	0.744024	0.0149022
0.750438	0.750438	0.0154555
0.756852	0.756852	0.0160313
0.763266	0.763266	0.0166305
0.76968	0.76968	0.0172538
0.776094	0.776094	0.0179021
0.782508	0.782508	0.0185762
0.788922	0.788922	0.019277
0.795336	0.795336	0.0200054
0.80175	0.80175	0.0207623
0.808164	0.808164	0.0215486
0.814578	0.814578	0.0223653
0.820992	0.820992	0.0232134
0.827406	0.827406	0.0240938
0.83382	0.83382	0.0250077
0.840234	0.840234	0.0259559
0.846648	0.846648	0.0269397
0.853062	0.853062	0.0279601
0.859476	0.859476	0.0290181
0.86589	0.86589	0.030115
0.872304	0.872304	0.0312518
0.878718	0.878718	0.0324298
0.885132	0.885132	0.0336501
0.891546	0.891546	0.0349139
0.89796	0.89796	0.0362226
0.904374	0.904374	0.0375772
0.910788	0.910788	0.0389791
0.917202	0.917202	0.0404295
0.923616	0.923616	0.0419298
0.93003	0.93003	0.0434813
0.936444	0.936444	0.0450853
0.942858	0.942858	0.046743
0.949272	0.949272	0.048456
0.955686	0.955686	0.0502256
0.9621	0.9621	0.052053
0.968514	0.968514	0.0539398
0.974928	0.974928	0.0558873
0.981342	0.981342	0.0578969
0.987756	0.987756	0.05997
0.99417	0.99417	0.062108
1.00058	1.00058	0.0643124
1.007	1.007	0.0665845
1.01341	1.01341	0.0689257
1.01983	1.01983	0.0713376
1.02624	1.02624	0.0738213
1.03265	1.03265	0.0763785
1.03907	1.03907	0.0790104
1.04548	1.04548	0.0817183
1.0519	1.0519	0.0845038
1.05831	1.05831	0.0873681
1.06472	1.06472	0.0903125
1.07114	1.07114	0.0933384
1.07755	1.07755	0.0964469
1.08397	1.08397	0.0996395
1.09038	1.09038	0.102917
1.09679	1.09679	0.106281
1.10321	1.10321	0.109733
1.10962	1.10962	0.113273
1.11604	1.11604	0.116903
1.12245	1.12245	0.120624
1.12886	1.12886	0.124436
1.13528	1.13528	0.128342
1.14169	1.14169	0.13234
1.14811	1.14811	0.136433
1.15452	1.15452	0.140622
1.16093	1.16093	0.144906
1.16735	1.16735	0.149286
1.17376	1.17376	0.153764
1.18018	1.18018	0.158339
1.18659	1.18659	0.163012
1.193	1.193	0.167783
1.19942	1.19942	0.172653
1.20583	1.20583	0.177621
1.21225	1.21225	0.182689
1.21866	1.21866	0.187855
1.22507	1.22507	0.193119
1.23149	1.23149	0.198483
1.2379	1.2379	0.203944
1.24432	1.24432	0.209503
1.25073	1.25073	0.21516
1.25714	1.25714	0.220913
1.26356	1.26356	0.226762
1.26997	1.26997	0.232706
1.27639	1.27639	0.238745
1.2828	1.2828	0.244876
1.28921	1.28921	0.2511
1.29563	1.29563	0.257414
1.30204	1.30204	0.263818
1.30846	1.30846	0.270309
1.31487	1.31487	0.276887
1.32128	1.32128	0.283549
1.3277	1.3277	0.290294
1.33411	1.33411	0.29712
1.34053	1.34053	0.304024
1.34694	1.34694	0.311004
1.35335	1.35335	0.318058
1.35977	1.35977	0.325185
1.36618	1.36618	0.33238
1.3726	1.3726	0.339641
1.37901	1.37901	0.346967
1.38542	1.38542	0.354353
1.39184	1.39184	0.361797
1.39825	1.39825	0.369296
1.40467	1.40467	0.376847
1.41108	1.41108	0.384447
1.41749	1.41749	0.392091
1.42391	1.42391	0.399778
1.43032	1.43032	0.407503
1.43674	1.43674	0.415262
1.44315	1.44315	0.423053
1.44956	1.44956	0.430872
1.45598	1.45598	0.438714
1.46239	1.46239	0.446577
1.46881	1.46881	0.454456
1.47522	1.47522	0.462347
1.48163	1.48163	0.470247
1.48805	1.48805	0.478152
1.49446	1.49446	0.486057
1.50088	1.50088	0.493959
1.50729	1.50729	0.501854
1.5137	1.5137	0.509738
1.52012	1.52012	0.517607
1.52653	1.52653	0.525457
1.53295	1.53295	0.533284
1.53936	1.53936	0.541085
1.54577	1.54577	0.548854
1.55219	1.55219	0.55659
1.5586	1.5586	0.564287
1.56502	1.56502	0.571942
1.57143	1.57143	0.579552
1.57784	1.57784	0.587112
1.58426	1.58426	0.59462
1.59067	1.59067	0.602071
1.59709	1.59709	0.609463
1.6035	1.6035	0.616792
1.60991	1.60991	0.624054
1.61633	1.61633	0.631248
1.62274	1.62274	0.638369
1.62916	1.62916	0.645415
1.63557	1.63557	0.652383
1.64198	1.64198	0.65927
1.6484	1.6484	0.666074
1.65481	1.65481	0.672792
1.66123	1.66123	0.679421
1.66764	1.66764	0.68596
1.67405	1.67405	0.692406
1.68047	1.68047	0.698758
1.68688	1.68688	0.705013
1.6933	1.6933	0.711169
1.69971	1.69971	0.717225
1.70612	1.70612	0.72318
1.71254	1.71254	0.729032
1.71895	1.71895	0.73478
1.72537	1.72537	0.740422
1.73178	1.73178	0.745958
1.73819	1.73819	0.751387
1.74461	1.74461	0.756707
1.75102	1.75102	0.761919
1.75744	1.75744	0.767022
1.76385	1.76385	0.772015
1.77026	1.77026	0.776898
1.77668	1.77668	0.781671
1.78309	1.78309	0.786334
1.78951	1.78951	0.790887
1.79592	1.79592	0.79533
1.80233	1.80233	0.799664
1.80875	1.80875	0.803888
1.81516	1.81516	0.808003
1.82158	1.82158	0.81201
1.82799	1.82799	0.81591
1.8344	1.8344	0.819702
1.84082	1.84082	0.823389
1.84723	1.84723	0.826971
1.85365	1.85365	0.830448
1.86006	1.86006	0.833823
1.86647	1.86647	0.837095
1.87289	1.87289	0.840268
1.8793	1.8793	0.84334
1.88572	1.88572	0.846315
1.89213	1.89213	0.849193
1.89854	1.89854	0.851976
1.90496	1.90496	0.854666
1.91137	1.91137	0.857263
1.91779	1.91779	0.85977
1.9242	1.9242	0.862187
1.93061	1.93061	0.864518
1.93703	1.93703	0.866763
1.94344	1.94344	0.868924
1.94986	1.94986	0.871004
1.95627	1.95627	0.873003
1.96268	1.96268	0.874924
1.9691	1.9691	0.876768
1.97551	1.97551	0.878537
1.98193	1.98193	0.880233
1.98834	1.98834	0.881858
1.99475	1.99475	0.883414
2.00117	2.00117	0.884903
2.00758	2.00758	0.886326
2.014	2.014	0.887685
2.02041	2.02041	0.888982
2.02682	2.02682	0.89022
2.03324	2.03324	0.891399
2.03965	2.03965	0.892522
2.04607	2.04607	0.89359
2.05248	2.05248	0.894606
2.05889	2.05889	0.89557
2.06531	2.06531	0.896486
2.07172	2.07172	0.897354
2.07814	2.07814	0.898176
2.08455	2.08455	0.898954
2.09096	2.09096	0.89969
2.09738	2.09738	0.900385
2.10379	2.10379	0.901041
2.11021	2.11021	0.901659
2.11662	2.11662	0.902242
2.12303	2.12303	0.902789
2.12945	2.12945	0.903304
2.13586	2.13586	0.903787
2.14228	2.14228	0.90424
2.14869	2.14869	0.904665
2.1551	2.1551	0.905062
2.16152	2.16152	0.905433
2.16793	2.16793	0.905779
2.17435	2.17435	0.906101
2.18076	2.18076	0.906402
2.18717	2.18717	0.906681
2.19359	2.19359	0.90694
2.2	2.2	0.90718
2.20642	2.20642	0.907402
2.21283	2.21283	0.907607
2.21924	2.21924	0.907797
2.22566	2.22566	0.907971
2.23207	2.23207	0.908131
2.23849	2.23849	0.908278
2.2449	2.2449	0.908413
2.25131	2.25131	0.908535
2.25773	2.25773	0.908647
2.26414	2.26414	0.908748
2.27056	2.27056	0.90884
2.27697	2.27697	0.908923
2.28338	2.28338	0.908997
2.2898	2.2898	0.909063
2.29621	2.29621	0.909122
2.30263	2.30263	0.909173
2.30904	2.30904	0.909218
2.31545	2.31545	0.909256
2.32187	2.32187	0.909288
2.32828	2.32828	0.909314
2.3347	2.3347	0.909334
2.34111	2.34111	0.909349
2.34752	2.34752	0.909359
2.35394	2.35394	0.909363
2.36035	2.36035	0.909361
2.36677	2.36677	0.909355
2.37318	2.37318	0.909343
2.37959	2.37959	0.909326
2.38601	2.38601	0.909303
2.39242	2.39242	0.909274
2.39884	2.39884	0.909239
2.40525	2.40525	0.909197
2.41166	2.41166	0.90915
2.41808	2.41808	0.909095
2.42449	2.42449	0.909032
2.43091	2.43091	0.908962
2.43732	2.43732	0.908883
2.44373	2.44373	0.908796
2.45015	2.45015	0.908699
2.45656	2.45656	0.908591
2.46298	2.46298	0.908474
2.46939	2.46939	0.908344
2.4758	2.4758	0.908202
2.48222	2.48222	0.908048
2.48863	2.48863	0.907879
2.49505	2.49505	0.907696
2.50146	2.50146	0.907496
2.50787	2.50787	0.907281
2.51429	2.51429	0.907048
2.5207	2.5207	0.906796
2.52712	2.52712	0.906524
2.53353	2.53353	0.906231
2.53994	2.53994	0.905917
2.54636	2.54636	0.905579
2.55277	2.55277	0.905217
2.55919	2.55919	0.90483
2.5656	2.5656	0.904415
2.57201	2.57201	0.903973
2.57843	2.57843	0.9035
2.58484	2.58484	0.902997
2.59126	2.59126	0.902462
2.59767	2.59767	0.901893
2.60408	2.60408	0.901288
2.6105	2.6105	0.900647
2.61691	2.61691	0.899968
2.62333	2.62333	0.899249
2.62974	2.62974	0.898489
2.63615	2.63615	0.897686
2.64257	2.64257	0.896838
2.64898	2.64898	0.895944
2.6554	2.6554	0.895003
2.66181	2.66181	0.894012
2.66822	2.66822	0.89297
2.67464	2.67464	0.891876
2.68105	2.68105	0.890727
2.68747	2.68747	0.889521
2.69388	2.69388	0.888258
2.70029	2.70029	0.886936
2.70671	2.70671	0.885551
2.71312	2.71312	0.884104
2.71954	2.71954	0.882592
2.72595	2.72595	0.881012
2.73236	2.73236	0.879365
2.73878	2.73878	0.877647
2.74519	2.74519	0.875857
2.75161	2.75161	0.873993
2.75802	2.75802	0.872053
2.76443	2.76443	0.870036
2.77085	2.77085	0.867939
2.77726	2.77726	0.865761
2.78368	2.78368	0.863501
2.79009	2.79009	0.861156
2.7965	2.7965	0.858725
2.80292	2.80292	0.856226
2.80933	2.80933	0.853597
2.81575	2.81575	0.850896
2.82216	2.82216	0.848103
2.82857	2.82857	0.845216
2.83499	2.83499	0.842232
2.8414	2.8414	0.839152
2.84782	2.84782	0.835972
2.85423	2.85423	0.832692
2.86064	2.86064	0.829311
2.86706	2.86706	0.825826
2.87347	2.87347	0.822238
2.87989	2.87989	0.818545
2.8863	2.8863	0.814746
2.89271	2.89271	0.81084
2.89913	2.89913	0.806827
2.90554	2.90554	0.802705
2.91196	2.91196	0.798474
2.91837	2.91837	0.794133
2.92478	2.92478	0.789682
2.9312	2.9312	0.785121
2.93761	2.93761	0.780449
2.94403	2.94403	0.775666
2.95044	2.95044	0.770773
2.95685	2.95685	0.76577
2.96327	2.96327	0.760656
2.96968	2.96968	0.755433
2.9761	2.9761	0.7501
2.98251	2.98251	0.744658
2.98892	2.98892	0.739109
2.99534	2.99534	0.733453
3.00175	3.00175	0.727691
3.00817	3.00817	0.721824
3.01458	3.01458	0.715854
3.02099	3.02099	0.709782
3.02741	3.02741	0.70361
3.03382	3.03382	0.697339
3.04024	3.04024	0.690972
3.04665	3.04665	0.684509
3.05306	3.05306	0.677954
3.05948	3.05948	0.671308
3.06589	3.06589	0.664574
3.07231	3.07231	0.657754
3.07872	3.07872	0.650851
3.08513	3.08513	0.643867
3.09155	3.09155	0.636806
3.09796	3.09796	0.62967
3.10438	3.10438	0.622461
3.11079	3.11079	0.615184
3.1172	3.1172	0.607842
3.12362	3.12362	0.600437
3.13003	3.13003	0.592973
3.13645	3.13645	0.585453
3.14286	3.14286	0.577882
3.14927	3.14927	0.570262
3.15569	3.15569	0.562597
3.1621	3.1621	0.55489
3.16852	3.16852	0.547147
3.17493	3.17493	0.53937
3.18134	3.18134	0.531563
3.18776	3.18776	0.52373
3.19417	3.19417	0.515875
3.20059	3.20059	0.508002
3.207	3.207	0.500115
3.21341	3.21341	0.492218
3.21983	3.21983	0.484314
3.22624	3.22624	0.476409
3.23266	3.23266	0.468504
3.23907	3.23907	0.460606
3.24548	3.24548	0.452717
3.2519	3.2519	0.444841
3.25831	3.25831	0.436982
3.26473	3.26473	0.429144
3.27114	3.27114	0.421332
3.27755	3.27755	0.413547
3.28397	3.28397	0.405795
3.29038	3.29038	0.398078
3.2968	3.2968	0.3904
3.30321	3.30321	0.382765
3.30962	3.30962	0.375176
3.31604	3.31604	0.367637
3.32245	3.32245	0.360149
3.32887	3.32887	0.352718
3.33528	3.33528	0.345345
3.34169	3.34169	0.338033
3.34811	3.34811	0.330786
3.35452	3.35452	0.323606
3.36094	3.36094	0.316496
3.36735	3.36735	0.309458
3.37376	3.37376	0.302494
3.38018	3.38018	0.295608
3.38659	3.38659	0.2888
3.39301	3.39301	0.282074
3.39942	3.39942	0.27543
3.40583	3.40583	0.268872
3.41225	3.41225	0.2624
3.41866	3.41866	0.256016
3.42508	3.42508	0.249722
3.43149	3.43149	0.243519
3.4379	3.4379	0.237408
3.44432	3.44432	0.23139
3.45073	3.45073	0.225467
3.45715	3.45715	0.219639
3.46356	3.46356	0.213908
3.46997	3.46997	0.208273
3.47639	3.47639	0.202737
3.4828	3.4828	0.197299
3.48922	3.48922	0.191959
3.49563	3.49563	0.186718
3.50204	3.50204	0.181575
3.50846	3.50846	0.17653
3.51487	3.51487	0.171585
3.52129	3.52129	0.166738
3.5277	3.5277	0.161989
3.53411	3.53411	0.157338
3.54053	3.54053	0.152786
3.54694	3.54694	0.14833
3.55336	3.55336	0.143972
3.55977	3.55977	0.13971
3.56618	3.56618	0.135544
3.5726	3.5726	0.131472
3.57901	3.57901	0.127495
3.58543	3.58543	0.123611
3.59184	3.59184	0.11982
3.59825	3.59825	0.11612
3.60467	3.60467	0.11251
3.61108	3.61108	0.10899
3.6175	3.6175	0.105559
3.62391	3.62391	0.102215
3.63032	3.63032	0.0989568
3.63674	3.63674	0.0957839
3.64315	3.64315	0.0926947
3.64957	3.64957	0.0896881
3.65598	3.65598	0.0867627
3.66239	3.66239	0.0839174
3.66881	3.66881	0.0811508
3.67522	3.67522	0.0784615
3.68164	3.68164	0.0758483
3.68805	3.68805	0.0733097
3.69446	3.69446	0.0708445
3.70088	3.70088	0.0684513
3.70729	3.70729	0.0661286
3.71371	3.71371	0.0638752
3.72012	3.72012	0.0616897
3.72653	3.72653	0.0595706
3.73295	3.73295	0.0575166
3.73936	3.73936	0.0555264
3.74578	3.74578	0.0535986
3.75219	3.75219	0.0517317
3.7586	3.7586	0.0499246
3.76502	3.76502	0.0481759
3.77143	3.77143	0.0464842
3.77785	3.77785	0.0448482
3.78426	3.78426	0.0432667
3.79067	3.79067	0.0417385
3.79709	3.79709	0.0402621
3.8035	3.8035	0.0388365
3.80992	3.80992	0.0374604
3.81633	3.81633	0.0361327
3.82274	3.82274	0.0348522
3.82916	3.82916	0.0336177
3.83557	3.83557	0.0324281
3.84199	3.84199	0.0312825
3.8484	3.8484	0.0301796
3.85481	3.85481	0.0291186
3.86123	3.86123	0.0280984
3.86764	3.86764	0.027118
3.87406	3.87406	0.0261766
3.88047	3.88047	0.0252732
3.88688	3.88688	0.024407
3.8933	3.8933	0.0235772
3.89971	3.89971	0.022783
3.90613	3.90613	0.0220236
3.91254	3.91254	0.0212983
3.91895	3.91895	0.0206065
3.92537	3.92537	0.0199475
3.93178	3.93178	0.0193208
3.9382	3.9382	0.0187257
3.94461	3.94461	0.0181619
3.95102	3.95102	0.0176287
3.95744	3.95744	0.0171259
3.96385	3.96385	0.016653
3.97027	3.97027	0.0162097
3.97668	3.97668	0.0157957
3.98309	3.98309	0.0154109
3.98951	3.98951	0.0150551
3.99592	3.99592	0.0147281
4.00234	4.00234	0.0144299
4.00875	4.00875	0.0141605
4.01516	4.01516	0.0139199
4.02158	4.02158	0.0137082
4.02799	4.02799	0.0135256
4.03441	4.03441	0.0133724
4.04082	4.04082	0.0132488
4.04723	4.04723	0.0131552
4.05365	4.05365	0.013092
4.06006	4.06006	0.0130598
4.06648	4.06648	0.013059
4.07289	4.07289	0.0130903
4.0793	4.0793	0.0131544
4.08572	4.08572	0.013252
4.09213	4.09213	0.0133842
4.09855	4.09855	0.0135516
4.10496	4.10496	0.0137555
4.11137	4.11137	0.0139967
4.11779	4.11779	0.0142766
4.1242	4.1242	0.0145963
4.13062	4.13062	0.0149572
4.13703	4.13703	0.0153606
4.14344	4.14344	0.015808
4.14986	4.14986	0.016301
4.15627	4.15627	0.0168413
4.16269	4.16269	0.0174305
4.1691	4.1691	0.0180704
4.17551	4.17551	0.0187629
4.18193	4.18193	0.0195099
4.18834	4.18834	0.0203136
4.19476	4.19476	0.0211758
4.20117	4.20117	0.0220989
4.20758	4.20758	0.0230849
4.214	4.214	0.0241362
4.22041	4.22041	0.0252551
4.22683	4.22683	0.026444
4.23324	4.23324	0.0277051
4.23965	4.23965	0.0290411
4.24607	4.24607	0.0304543
4.25248	4.25248	0.0319472
4.2589	4.2589	0.0335222
4.26531	4.26531	0.0351819
4.27172	4.27172	0.0369286
4.27814	4.27814	0.0387647
4.28455	4.28455	0.0406926
4.29097	4.29097	0.0427145
4.29738	4.29738	0.0448327
4.30379	4.30379	0.0470493
4.31021	4.31021	0.0493661
4.31662	4.31662	0.0517852
4.32304	4.32304	0.0543081
4.32945	4.32945	0.0569363
4.33586	4.33586	0.0596712
4.34228	4.34228	0.0625139
4.34869	4.34869	0.0654651
4.35511	4.35511	0.0685256
4.36152	4.36152	0.0716956
4.36793	4.36793	0.074975
4.37435	4.37435	0.0783638
4.38076	4.38076	0.081861
4.38718	4.38718	0.0854658
4.39359	4.39359	0.0891769
4.4	4.4	0.0929923
4.40642	4.40642	0.0969101
4.41283	4.41283	0.100928
4.41925	4.41925	0.105042
4.42566	4.42566	0.10925
4.43207	4.43207	0.113547
4.43849	4.43849	0.11793
4.4449	4.4449	0.122394
4.45132	4.45132	0.126935
4.45773	4.45773	0.131546
4.46414	4.46414	0.136223
4.47056	4.47056	0.140959
4.47697	4.47697	0.145748
4.48339	4.48339	0.150585
4.4898	4.4898	0.155462
4.49621	4.49621	0.160373
4.50263	4.50263	0.165312
4.50904	4.50904	0.17027
4.51546	4.51546	0.175242
4.52187	4.52187	0.180221
4.52828	4.52828	0.1852
4.5347	4.5347	0.190172
4.54111	4.54111	0.195131
4.54753	4.54753	0.200071
4.55394	4.55394	0.204986
4.56035	4.56035	0.20987
4.56677	4.56677	0.214717
4.57318	4.57318	0.219523
4.5796	4.5796	0.224282
4.58601	4.58601	0.228991
4.59242	4.59242	0.233645
4.59884	4.59884	0.238239
4.60525	4.60525	0.242771
4.61167	4.61167	0.247237
4.61808	4.61808	0.251633
4.62449	4.62449	0.255957
4.63091	4.63091	0.260206
4.63732	4.63732	0.264377
4.64374	4.64374	0.268468
4.65015	4.65015	0.272476
4.65656	4.65656	0.276399
4.66298	4.66298	0.280233
4.66939	4.66939	0.283977
4.67581	4.67581	0.287627
4.68222	4.68222	0.291182
4.68863	4.68863	0.294638
4.69505	4.69505	0.297993
4.70146	4.70146	0.301242
4.70788	4.70788	0.304384
4.71429	4.71429	0.307414
4.7207	4.7207	0.31033
4.72712	4.72712	0.313128
4.73353	4.73353	0.315803
4.73995	4.73995	0.318353
4.74636	4.74636	0.320774
4.75277	4.75277	0.32306
4.75919	4.75919	0.32521
4.7656	4.7656	0.327217
4.77202	4.77202	0.32908
4.77843	4.77843	0.330793
4.78484	4.78484	0.332352
4.79126	4.79126	0.333754
4.79767	4.79767	0.334994
4.80409	4.80409	0.33607
4.8105	4.8105	0.336976
4.81691	4.81691	0.337711
4.82333	4.82333	0.33827
4.82974	4.82974	0.33865
4.83616	4.83616	0.338849
4.84257	4.84257	0.338862
4.84898	4.84898	0.338689
4.8554	4.8554	0.338327
4.86181	4.86181	0.337773
4.86823	4.86823	0.337027
4.87464	4.87464	0.336086
4.88105	4.88105	0.334949
4.88747	4.88747	0.333617
4.89388	4.89388	0.332089
4.9003	4.9003	0.330366
4.90671	4.90671	0.328447
4.91312	4.91312	0.326334
4.91954	4.91954	0.32403
4.92595	4.92595	0.321535
4.93237	4.93237	0.318853
4.93878	4.93878	0.315988
4.94519	4.94519	0.312942
4.95161	4.95161	0.309722
4.95802	4.95802	0.306331
4.96444	4.96444	0.302775
4.97085	4.97085	0.299061
4.97726	4.97726	0.295195
4.98368	4.98368	0.291186
4.99009	4.99009	0.28704
4.99651	4.99651	0.282766
5.00292	5.00292	0.278374
5.00933	5.00933	0.273873
5.01575	5.01575	0.269272
5.02216	5.02216	0.264582
5.02858	5.02858	0.259813
5.03499	5.03499	0.254977
5.0414	5.0414	0.250085
5.04782	5.04782	0.245147
5.05423	5.05423	0.240175
5.06065	5.06065	0.23518
5.06706	5.06706	0.230174
5.07347	5.07347	0.225168
5.07989	5.07989	0.220173
5.0863	5.0863	0.2152
5.09272	5.09272	0.210258
5.09913	5.09913	0.20536
5.10554	5.10554	0.200513
5.11196	5.11196	0.195728
5.11837	5.11837	0.191013
5.12479	5.12479	0.186377
5.1312	5.1312	0.181827
5.13761	5.13761	0.17737
5.14403	5.14403	0.173013
5.15044	5.15044	0.168761
5.15686	5.15686	0.164619
5.16327	5.16327	0.160593
5.16968	5.16968	0.156686
5.1761	5.1761	0.1529
5.18251	5.18251	0.14924
5.18893	5.18893	0.145705
5.19534	5.19534	0.142299
5.20175	5.20175	0.139021
5.20817	5.20817	0.135872
5.21458	5.21458	0.132851
5.221	5.221	0.129958
5.22741	5.22741	0.127192
5.23382	5.23382	0.124551
5.24024	5.24024	0.122033
5.24665	5.24665	0.119637
5.25307	5.25307	0.117358
5.25948	5.25948	0.115195
5.26589	5.26589	0.113145
5.27231	5.27231	0.111204
5.27872	5.27872	0.10937
5.28514	5.28514	0.107638
5.29155	5.29155	0.106006
5.29796	5.29796	0.10447
5.30438	5.30438	0.103026
5.31079	5.31079	0.101671
5.31721	5.31721	0.100402
5.32362	5.32362	0.0992138
5.33003	5.33003	0.0981044
5.33645	5.33645	0.0970702
5.34286	5.34286	0.0961078
5.34928	5.34928	0.0952141
5.35569	5.35569	0.0943861
5.3621	5.3621	0.0936208
5.36852	5.36852	0.0929153
5.37493	5.37493	0.0922671
5.38135	5.38135	0.0916734
5.38776	5.38776	0.0911319
5.39417	5.39417	0.0906403
5.40059	5.40059	0.0901963
5.407	5.407	0.089798
5.41342	5.41342	0.0894434
5.41983	5.41983	0.0891306
5.42624	5.42624	0.0888581
5.43266	5.43266	0.0886242
5.43907	5.43907	0.0884275
5.44549	5.44549	0.0882667
5.4519	5.4519	0.0881405
5.45831	5.45831	0.0880478
5.46473	5.46473	0.0879876
5.47114	5.47114	0.0879589
5.47756	5.47756	0.0879609
5.48397	5.48397	0.0879928
5.49038	5.49038	0.088054
5.4968	5.4968	0.0881438
5.50321	5.50321	0.0882617
5.50963	5.50963	0.0884072
5.51604	5.51604	0.08858
5.52245	5.52245	0.0887796
5.52887	5.52887	0.0890058
5.53528	5.53528	0.0892584
5.5417	5.5417	0.0895371
5.54811	5.54811	0.0898419
5.55452	5.55452	0.0901725
5.56094	5.56094	0.0905291
5.56735	5.56735	0.0909115
5.57377	5.57377	0.0913198
5.58018	5.58018	0.091754
5.58659	5.58659	0.0922142
5.59301	5.59301	0.0927005
5.59942	5.59942	0.0932131
5.60584	5.60584	0.0937522
5.61225	5.61225	0.0943178
5.61866	5.61866	0.0949103
5.62508	5.62508	0.0955299
5.63149	5.63149	0.0961768
5.63791	5.63791	0.0968513
5.64432	5.64432	0.0975537
5.65073	5.65073	0.0982844
5.65715	5.65715	0.0990435
5.66356	5.66356	0.0998316
5.66998	5.66998	0.100649
5.67639	5.67639	0.101496
5.6828	5.6828	0.102373
5.68922	5.68922	0.10328
5.69563	5.69563	0.104218
5.70205	5.70205	0.105187
5.70846	5.70846	0.106188
5.71487	5.71487	0.10722
5.72129	5.72129	0.108285
5.7277	5.7277	0.109383
5.73412	5.73412	0.110514
5.74053	5.74053	0.111679
5.74694	5.74694	0.112878
5.75336	5.75336	0.114111
5.75977	5.75977	0.11538
5.76619	5.76619	0.116683
5.7726	5.7726	0.118023
5.77901	5.77901	0.119398
5.78543	5.78543	0.12081
5.79184	5.79184	0.122259
5.79826	5.79826	0.123745
5.80467	5.80467	0.125268
5.81108	5.81108	0.126829
5.8175	5.8175	0.128428
5.82391	5.82391	0.130066
5.83033	5.83033	0.131741
5.83674	5.83674	0.133456
5.84315	5.84315	0.135208
5.84957	5.84957	0.137
5.85598	5.85598	0.13883
5.8624	5.8624	0.140699
5.86881	5.86881	0.142607
5.87522	5.87522	0.144553
5.88164	5.88164	0.146537
5.88805	5.88805	0.148558
5.89447	5.89447	0.150617
5.90088	5.90088	0.152713
5.90729	5.90729	0.154845
5.91371	5.91371	0.157012
5.92012	5.92012	0.159214
5.92654	5.92654	0.161449
5.93295	5.93295	0.163717
5.93936	5.93936	0.166016
5.94578	5.94578	0.168345
5.95219	5.95219	0.170702
5.95861	5.95861	0.173085
5.96502	5.96502	0.175494
5.97143	5.97143	0.177925
5.97785	5.97785	0.180376
5.98426	5.98426	0.182845
5.99068	5.99068	0.18533
5.99709	5.99709	0.187827
6.0035	6.0035	0.190333
6.00992	6.00992	0.192846
6.01633	6.01633	0.195361
6.02275	6.02275	0.197875
6.02916	6.02916	0.200384
6.03557	6.03557	0.202883
6.04199	6.04199	0.205369
6.0484	6.0484	0.207836
6.05482	6.05482	0.21028
6.06123	6.06123	0.212695
6.06764	6.06764	0.215076
6.07406	6.07406	0.217417
6.08047	6.08047	0.219713
6.08689	6.08689	0.221957
6.0933	6.0933	0.224143
6.09971	6.09971	0.226265
6.10613	6.10613	0.228315
6.11254	6.11254	0.230288
6.11896	6.11896	0.232176
6.12537	6.12537	0.233973
6.13178	6.13178	0.235671
6.1382	6.1382	0.237262
6.14461	6.14461	0.238741
6.15103	6.15103	0.2401
6.15744	6.15744	0.241332
6.16385	6.16385	0.242429
6.17027	6.17027	0.243386
6.17668	6.17668	0.244195
6.1831	6.1831	0.244851
6.18951	6.18951	0.245346
6.19592	6.19592	0.245676
6.20234	6.20234	0.245835
6.20875	6.20875	0.245818
6.21517	6.21517	0.24562
6.22158	6.22158	0.245238
6.22799	6.22799	0.244668
6.23441	6.23441	0.243907
6.24082	6.24082	0.242953
6.24724	6.24724	0.241804
6.25365	6.25365	0.24046
6.26006	6.26006	0.23892
6.26648	6.26648	0.237185
6.27289	6.27289	0.235257
6.27931	6.27931	0.233136
6.28572	6.28572	0.230827
6.29213	6.29213	0.228332
6.29855	6.29855	0.225657
6.30496	6.30496	0.222805
6.31138	6.31138	0.219784
6.31779	6.31779	0.216598
6.3242	6.3242	0.213257
6.33062	6.33062	0.209766
6.33703	6.33703	0.206135
6.34345	6.34345	0.202372
6.34986	6.34986	0.198486
6.35627	6.35627	0.194488
6.36269	6.36269	0.190386
6.3691	6.3691	0.186192
6.37552	6.37552	0.181915
6.38193	6.38193	0.177567
6.38834	6.38834	0.173158
6.39476	6.39476	0.168698
6.40117	6.40117	0.164198
6.40759	6.40759	0.15967
