4.92267   3.49815   0.216828   0.0785846   -1.45971   1
0.41795   3.63349   0.266983   0.266983   -1.35817   1
1.76431   3.68854   0.266983   0.266983   -1.25425   1
4.93794   6.32904   0.267836   0.267816   -1.15034   1
2.39777   4.66763   0.266983   0.266983   -1.04642   1
2.37926   1.68126   0.665   2.23412   -1.4963   1
2.27403   3.27119   0.273886   0.270621   -0.838641   1
6.19776   2.84808   0.266983   0.266983   -0.734676   1
4.01681   3.01893   0.200459   0.217531   -0.63034   1
4.50113   3.46839   0.197252   0.216568   -0.526485   1
2.22081   3.7496   0.266983   0.266983   -0.42293   1
1.95657   2.21149   2.51056   2.67559   0.40868   1
3.30501   4.65087   0.263462   0.263361   -0.215073   1
3.5111   3.25576   0.0310894   0.0736283   -0.0915651   1
4.46236   2.21183   0.266983   0.266983   -0.00726835   1
4.59276   3.67362   0.0538371   0.136162   0.102722   1
5.1752   0.211175   0.266983   0.266983   0.200562   1
2.94006   5.82419   0.266983   0.266983   0.304478   1
4.77222   5.75067   0.659481   0.724498   -0.585943   1
1.03673   3.25485   0.266983   0.266983   0.512309   1
2.11282   2.80171   0.305902   0.00238372   0.615755   1
0.0798482   2.96805   0.266983   0.266983   0.72014   1
2.82343   1.04144   0.266983   0.266983   0.824055   1
5.24616   4.41235   0.301557   0.361136   0.926038   1
5.9789   0.222149   0.266983   0.266983   1.03189   1
