 Location  Dispersion    Centroids   Volume
0.000218165   0.206969   0.000780742   1.00003
0.20405   0.206824   0.202727   0.999973
0.413677   0.206601   0.402404   0.999955
0.617713   0.206771   0.580771   1.00002
0.82784   0.206887   0.734989   1.00002
1.03191   0.206852   0.866227   1.00001
1.24198   0.20676   0.946217   0.999993
1.44598   0.206797   0.993886   1
1.656   0.206795   0.997885   1
1.86048   0.206961   0.964699   1.00012
2.06478   0.206423   0.88442   0.999892
2.2742   0.206856   0.764265   1.00002
2.47714   0.206436   0.608915   0.999615
2.68575   0.20859   0.438782   1.00039
2.89233   0.206738   0.245746   0.999973
3.10202   0.206793   0.0404598   0.999988
3.30624   0.206934   -0.164524   1.00003
3.5149   0.205967   -0.373776   0.999771
3.7824   0.245494   -0.374063   1.0143
4.14356   -0.000937881   24.6902   0.985572
4.13368   0.204641   -0.826655   1.00012
4.33774   0.206871   -0.932036   1.00002
4.5479   0.206828   -0.987529   1.00001
4.75202   0.206825   -0.999211   1.00001
4.96215   0.206837   -0.96962   1.00002
5.16622   0.2068   -0.897667   1
5.37611   0.206714   -0.790678   0.999981
5.58   0.206715   -0.647055   0.999991
5.79012   0.206868   -0.478984   1.00002
5.99405   0.206786   -0.285574   0.999982
