 Location  Dispersion    Centroids   Volume
0.000430641   0.317494   -0.000339368   0.999898
0.317441   0.312741   0.390693   1.00042
0.62803   0.310141   0.649916   0.999072
0.942028   0.31302   0.842742   0.999734
1.25473   0.317881   0.97633   1.00046
1.57648   0.31977   1.06036   1.00066
1.89058   0.314251   0.981525   0.999825
2.21454   0.319931   0.899071   1.00028
2.52934   0.320818   0.601165   1.00073
2.8423   0.30846   0.326127   0.999215
3.15763   0.309665   0.0690152   0.999033
3.46269   0.315646   -0.289339   1.00032
3.77963   0.312726   -0.543679   0.999647
4.09823   0.31423   -0.748183   0.999899
4.41205   0.319557   -0.896217   1.00058
4.73085   0.317067   -0.976204   1.00011
5.04398   0.314792   -0.923603   0.999653
5.36565   0.320564   -0.765749   1.00078
5.67144   0.314616   -0.484249   0.999595
5.9968   0.312622   -0.259148   1.00007
