 x 	V[Y|X = x] 
0	0.000482863
0.003	0.00054439
0.006	0.000613795
0.009	0.00069007
0.012	0.00077123
0.015	0.000854176
0.018	0.000934725
0.021	0.0010079
0.024	0.00106848
0.027	0.00111181
0.03	0.00113466
0.033	0.00113593
0.036	0.00111692
0.039	0.00108118
0.042	0.00103391
0.045	0.0009811
0.048	0.000928699
0.051	0.000882003
0.054	0.000845249
0.057	0.000821464
0.06	0.000812461
0.063	0.000818882
0.066	0.000840244
0.069	0.000874932
0.072	0.000920181
0.075	0.0009721
0.078	0.00102582
0.081	0.00107581
0.084	0.00111653
0.087	0.00114309
0.09	0.00115215
0.093	0.00114247
0.096	0.00111516
0.099	0.0010735
0.102	0.00102228
0.105	0.000967093
0.108	0.000913461
0.111	0.000866297
0.114	0.000829526
0.117	0.000805932
0.12	0.000797149
0.123	0.000803701
0.126	0.000825021
0.129	0.000859451
0.132	0.000904213
0.135	0.000955434
0.138	0.00100829
0.141	0.00105737
0.144	0.00109723
0.147	0.00112315
0.15	0.0011319
0.153	0.00112233
0.156	0.00109559
0.159	0.00105488
0.162	0.00100491
0.165	0.000951082
0.168	0.000898771
0.171	0.00085275
0.174	0.000816841
0.177	0.000793775
0.18	0.000785176
0.183	0.000791592
0.186	0.000812513
0.189	0.000846348
0.192	0.000890405
0.195	0.000940897
0.198	0.000993093
0.201	0.00104166
0.204	0.00108122
0.207	0.00110714
0.21	0.00111624
0.213	0.00110741
0.216	0.00108179
0.219	0.00104256
0.222	0.000994345
0.225	0.000942461
0.228	0.000892163
0.231	0.000848096
0.234	0.000813958
0.237	0.000792366
0.24	0.000784845
0.243	0.000791858
0.246	0.000812825
0.249	0.000846109
0.252	0.000888989
0.255	0.000937673
0.258	0.000987447
0.261	0.00103301
0.264	0.00106903
0.267	0.00109091
0.27	0.00109551
0.273	0.00108172
0.276	0.00105069
0.279	0.00100561
0.282	0.00095111
0.285	0.000892531
0.288	0.000835186
0.291	0.000783832
0.294	0.000742364
0.297	0.000713728
0.3	0.000699947
0.303	0.000702193
0.306	0.000720808
0.309	0.000755247
0.312	0.000803931
0.315	0.000864043
0.318	0.000931373
0.321	0.00100033
0.324	0.00106428
0.327	0.00111625
0.33	0.00114998
0.333	0.00116113
0.336	0.00114815
0.339	0.00111262
0.342	0.00105892
0.345	0.000993274
0.348	0.000922608
0.351	0.000853473
0.354	0.000791352
0.357	0.000740342
0.36	0.000703152
0.363	0.000681265
0.366	0.00067515
0.369	0.000684421
0.372	0.000707906
0.375	0.000743637
0.378	0.0007888
0.381	0.000839709
0.384	0.000891899
0.387	0.000940408
0.39	0.000980281
0.393	0.00100723
0.396	0.00101831
0.399	0.00101248
0.402	0.000990748
0.405	0.00095599
0.408	0.000912411
0.411	0.000864848
0.414	0.000818096
0.417	0.000776402
0.42	0.000743157
0.423	0.000720779
0.426	0.000710706
0.429	0.000713432
0.432	0.000728533
0.435	0.000754665
0.438	0.000789544
0.441	0.000829965
0.444	0.000871923
0.447	0.000910903
0.45	0.000942356
0.453	0.000962333
0.456	0.000968125
0.459	0.000958756
0.462	0.000935166
0.465	0.000900026
0.468	0.000857239
0.471	0.00081129
0.474	0.000766621
0.477	0.000727152
0.48	0.000695997
0.483	0.000675353
0.486	0.000666502
0.489	0.00066984
0.492	0.000684909
0.495	0.000710394
0.498	0.000744103
0.501	0.000782993
0.504	0.000823278
0.507	0.000860706
0.51	0.00089101
0.513	0.000910491
0.516	0.000916623
0.519	0.000908502
0.522	0.00088701
0.525	0.00085464
0.528	0.000815028
0.531	0.000772354
0.534	0.000730757
0.537	0.000693893
0.54	0.000664672
0.543	0.000645158
0.546	0.000636559
0.549	0.000639266
0.552	0.000652871
0.555	0.000676162
0.558	0.000707115
0.561	0.000742901
0.564	0.000780001
0.567	0.000814459
0.57	0.000842299
0.573	0.000860077
0.576	0.000865436
0.579	0.000857534
0.582	0.000837193
0.585	0.000806735
0.588	0.000769545
0.591	0.000729512
0.594	0.000690485
0.597	0.000655859
0.6	0.000628334
0.603	0.00060982
0.606	0.000601433
0.609	0.00060353
0.612	0.000615729
0.615	0.000636907
0.618	0.00066519
0.621	0.000697965
0.624	0.000731982
0.627	0.000763587
0.63	0.00078911
0.633	0.00080537
0.636	0.000810192
0.639	0.000802795
0.642	0.000783933
0.645	0.000755742
0.648	0.000721339
0.651	0.000684301
0.654	0.000648166
0.657	0.000616057
0.66	0.00059045
0.663	0.0005731
0.666	0.000565027
0.669	0.000566559
0.672	0.000577345
0.675	0.000596359
0.678	0.000621889
0.681	0.000651547
0.684	0.000682365
0.687	0.000711008
0.69	0.000734125
0.693	0.00074881
0.696	0.000753074
0.699	0.000746202
0.702	0.000728878
0.705	0.000703044
0.708	0.000671539
0.711	0.000637616
0.714	0.000604496
0.717	0.000575015
0.72	0.000551424
0.723	0.000535312
0.726	0.000527606
0.729	0.0005286
0.732	0.000537977
0.735	0.000554809
0.738	0.000577549
0.741	0.000604043
0.744	0.000631613
0.747	0.000657249
0.75	0.000677927
0.753	0.000691023
0.756	0.000694743
0.759	0.000688436
0.762	0.000672714
0.765	0.000649323
0.768	0.000620813
0.771	0.00059011
0.774	0.000560106
0.777	0.000533347
0.78	0.000511852
0.783	0.000497044
0.786	0.000489751
0.789	0.000490234
0.792	0.000498209
0.795	0.000512848
0.798	0.000532771
0.801	0.000556062
0.804	0.000580334
0.807	0.00060291
0.81	0.000621098
0.813	0.000632564
0.816	0.000635706
0.819	0.000629944
0.822	0.000615818
0.825	0.000594873
0.828	0.00056937
0.831	0.000541906
0.834	0.000515042
0.837	0.000491037
0.84	0.000471678
0.843	0.000458226
0.846	0.000451417
0.849	0.000451485
0.852	0.000458184
0.855	0.00047079
0.858	0.000488091
0.861	0.000508402
0.864	0.000529627
0.867	0.00054941
0.87	0.00056538
0.873	0.000575484
0.876	0.000578312
0.879	0.000573353
0.882	0.000561081
0.885	0.000542853
0.888	0.000520653
0.891	0.000496752
0.894	0.000473393
0.897	0.000452543
0.9	0.000435759
0.903	0.00042413
0.906	0.000418284
0.909	0.000418409
0.912	0.000424269
0.915	0.000435209
0.918	0.000450144
0.921	0.000467575
0.924	0.000485643
0.927	0.000502262
0.93	0.000515338
0.933	0.000523059
0.936	0.00052418
0.939	0.000518251
0.942	0.000505685
0.945	0.000487672
0.948	0.000465953
0.951	0.000442524
0.954	0.000419366
0.957	0.000398238
0.96	0.000380567
0.963	0.000367425
0.966	0.000359542
0.969	0.000357341
0.972	0.00036096
0.975	0.000370235
0.978	0.000384649
0.981	0.000403265
0.984	0.000424656
0.987	0.000446901
0.99	0.00046769
0.993	0.000484571
0.996	0.000495327
0.999	0.0004984
1.002	0.000493223
1.005	0.000480348
1.008	0.000461301
1.011	0.000438241
1.014	0.000413537
1.017	0.00038939
1.02	0.000367595
1.023	0.000349448
1.026	0.000335759
1.029	0.000326928
1.032	0.000323031
1.035	0.000323884
1.038	0.000329081
1.041	0.000337996
1.044	0.000349774
1.047	0.000363323
1.05	0.000377339
1.053	0.000390386
1.056	0.000401029
1.059	0.000408027
1.062	0.000410524
1.065	0.000408199
1.068	0.000401318
1.071	0.00039068
1.074	0.000377456
1.077	0.000362996
1.08	0.000348631
1.083	0.000335531
1.086	0.000324624
1.089	0.00031656
1.092	0.000311717
1.095	0.000310224
1.098	0.000311968
1.101	0.000316608
1.104	0.00032357
1.107	0.00033206
1.11	0.000341092
1.113	0.000349557
1.116	0.00035634
1.119	0.00036047
1.122	0.000361273
1.125	0.000358488
1.128	0.000352315
1.131	0.00034336
1.134	0.000332522
1.137	0.000320835
1.14	0.000309316
1.143	0.000298858
1.146	0.000290161
1.149	0.000283713
1.152	0.000279793
1.155	0.000278487
1.158	0.000279699
1.161	0.000283157
1.164	0.000288415
1.167	0.000294858
1.17	0.000301728
1.173	0.000308174
1.176	0.000313341
1.179	0.000316485
1.182	0.000317088
1.185	0.00031495
1.188	0.000310216
1.191	0.000303347
1.194	0.000295021
1.197	0.000286021
1.2	0.000277118
1.203	0.000268988
1.206	0.000262159
1.209	0.000257
1.212	0.000253724
1.215	0.000252394
1.218	0.000252942
1.221	0.000255166
1.224	0.000258738
1.227	0.000263209
1.23	0.00026802
1.233	0.000272548
1.236	0.000276167
1.239	0.00027833
1.242	0.000278656
1.245	0.000276994
1.248	0.000273445
1.251	0.000268339
1.254	0.000262164
1.257	0.000255484
1.26	0.000248855
1.263	0.000242762
1.266	0.000237584
1.269	0.000233587
1.272	0.000230918
1.275	0.000229625
1.278	0.000229657
1.281	0.000230875
1.284	0.00023305
1.287	0.000235873
1.29	0.000238958
1.293	0.000241878
1.296	0.000244203
1.299	0.000245558
1.302	0.000245678
1.305	0.000244457
1.308	0.000241958
1.311	0.000238399
1.314	0.000234108
1.317	0.00022946
1.32	0.000224828
1.323	0.000220535
1.326	0.000216835
1.329	0.0002139
1.332	0.00021183
1.335	0.000210655
1.338	0.000210342
1.341	0.000210801
1.344	0.000211889
1.347	0.000213409
1.35	0.000215122
1.353	0.00021676
1.356	0.000218055
1.359	0.000218774
1.362	0.00021875
1.365	0.000217914
1.368	0.000216299
1.371	0.000214036
1.374	0.000211317
1.377	0.00020837
1.38	0.000205416
1.383	0.000202648
1.386	0.000200218
1.389	0.000198226
1.392	0.000196731
1.395	0.000195749
1.398	0.000195262
1.401	0.00019522
1.404	0.000195544
1.407	0.000196126
1.41	0.000196838
1.413	0.000197539
1.416	0.000198084
1.419	0.00019835
1.422	0.000198247
1.425	0.000197735
1.428	0.000196828
1.431	0.000195586
1.434	0.000194108
1.437	0.000192504
1.44	0.000190885
1.443	0.000189345
1.446	0.00018796
1.449	0.000186777
1.452	0.000185824
1.455	0.000185109
1.458	0.000184623
1.461	0.000184344
1.464	0.000184238
1.467	0.000184262
1.47	0.000184363
1.473	0.000184486
1.476	0.000184574
1.479	0.000184579
1.482	0.000184464
1.485	0.000184211
1.488	0.000183822
1.491	0.000183316
1.494	0.000182726
1.497	0.000182087
1.5	0.000181438
1.503	0.000180811
1.506	0.000180228
1.509	0.000179707
1.512	0.000179254
1.515	0.000178873
1.518	0.000178561
1.521	0.000178313
1.524	0.000178119
1.527	0.000177972
1.53	0.000177861
1.533	0.000177775
1.536	0.000177707
1.539	0.000177646
1.542	0.000177588
1.545	0.000177527
1.548	0.000177463
1.551	0.000177397
1.554	0.000177331
1.557	0.000177268
1.56	0.000177213
1.563	0.000177168
1.566	0.000177137
1.569	0.000177122
1.572	0.000177124
1.575	0.000177143
1.578	0.000177178
1.581	0.000177228
1.584	0.000177291
1.587	0.000177362
1.59	0.000177437
1.593	0.000177511
1.596	0.00017758
1.599	0.000177639
1.602	0.000177686
1.605	0.000177723
1.608	0.000177753
1.611	0.000177784
1.614	0.000177826
1.617	0.000177888
1.62	0.000177985
1.623	0.000178128
1.626	0.00017833
1.629	0.000178606
1.632	0.000178967
1.635	0.000179424
1.638	0.000179986
1.641	0.000180654
1.644	0.000181424
1.647	0.000182277
1.65	0.000183181
1.653	0.000184086
1.656	0.000184931
1.659	0.000185648
1.662	0.000186175
1.665	0.000186471
1.668	0.000186525
1.671	0.000186362
1.674	0.000186038
1.677	0.00018563
1.68	0.000185225
1.683	0.000184904
1.686	0.000184736
1.689	0.000184776
1.692	0.000185064
1.695	0.000185627
1.698	0.000186476
1.701	0.000187611
1.704	0.000189015
1.707	0.000190651
1.71	0.00019246
1.713	0.000194356
1.716	0.000196229
1.719	0.000197953
1.722	0.000199401
1.725	0.000200462
1.728	0.000201066
1.731	0.000201195
1.734	0.000200893
1.737	0.00020026
1.74	0.000199436
1.743	0.000198583
1.746	0.000197862
1.749	0.000197418
1.752	0.00019737
1.755	0.000197809
1.758	0.00019879
1.761	0.000200335
1.764	0.000202426
1.767	0.000204999
1.77	0.000207944
1.773	0.000211098
1.776	0.000214249
1.779	0.000217158
1.782	0.000219578
1.785	0.000221298
1.788	0.000222178
1.791	0.00022218
1.794	0.000221378
1.797	0.00021995
1.8	0.000218149
1.803	0.000216263
1.806	0.000214579
1.809	0.000213355
1.812	0.000212802
1.815	0.000213075
1.818	0.00021427
1.821	0.000216421
1.824	0.000219496
1.827	0.000223391
1.83	0.000227919
1.833	0.000232812
1.836	0.000237724
1.839	0.000242261
1.842	0.000246022
1.845	0.000248658
1.848	0.000249938
1.851	0.000249792
1.854	0.000248335
1.857	0.000245844
1.86	0.000242718
1.863	0.000239412
1.866	0.00023638
1.869	0.000234027
1.872	0.000232684
1.875	0.00023259
1.878	0.000233894
1.881	0.000236647
1.884	0.000240803
1.887	0.000246201
1.89	0.000252567
1.893	0.000259499
1.896	0.000266487
1.899	0.000272949
1.902	0.000278291
1.905	0.000281998
1.908	0.000283726
1.911	0.000283367
1.914	0.000281077
1.917	0.000277257
1.92	0.00027248
1.923	0.000267401
1.926	0.000262675
1.929	0.000258885
1.932	0.000256503
1.935	0.000255874
1.938	0.000257206
1.941	0.000260573
1.944	0.000265908
1.947	0.000272989
1.95	0.000281433
1.953	0.000290686
1.956	0.000300046
1.959	0.000308707
1.962	0.000315856
1.965	0.000320781
1.968	0.000323006
1.971	0.000322374
1.974	0.000319095
1.977	0.000313707
1.98	0.000306982
1.983	0.000299811
1.986	0.000293076
1.989	0.000287567
1.992	0.00028392
1.995	0.000282598
1.998	0.000283881
2.001	0.000287866
2.004	0.000294464
2.007	0.000303383
2.01	0.000314117
2.013	0.00032594
2.016	0.00033793
2.019	0.000349035
2.022	0.000358188
2.025	0.00036446
2.028	0.000367222
2.031	0.000366265
2.034	0.000361855
2.037	0.000354681
2.04	0.000345744
2.043	0.000336191
2.046	0.000327163
2.049	0.000319679
2.052	0.00031456
2.055	0.0003124
2.058	0.000313558
2.061	0.000318158
2.064	0.000326086
2.067	0.000336973
2.07	0.000350177
2.073	0.000364783
2.076	0.000379627
2.079	0.000393385
2.082	0.000404713
2.085	0.000412442
2.088	0.000415775
2.091	0.000414447
2.094	0.00040878
2.097	0.000399633
2.1	0.000388249
2.103	0.00037606
2.106	0.000364488
2.109	0.0003548
2.112	0.000348018
2.115	0.000344878
2.118	0.000345827
2.121	0.000351016
2.124	0.000360304
2.127	0.000373235
2.13	0.000389023
2.133	0.000406547
2.136	0.000424385
2.139	0.000440921
2.142	0.000454514
2.145	0.000463738
2.148	0.000467618
2.151	0.000465826
2.154	0.000458748
2.157	0.000447421
2.16	0.000433351
2.163	0.000418271
2.166	0.000403905
2.169	0.000391792
2.172	0.00038317
2.175	0.000378934
2.178	0.000379627
2.181	0.000385439
2.184	0.000396205
2.187	0.000411382
2.19	0.000430034
2.193	0.000450819
2.196	0.000472038
2.199	0.000491758
2.202	0.000508016
2.205	0.000519103
2.208	0.000523857
2.211	0.000521882
2.214	0.000513635
2.217	0.00050035
2.22	0.000483818
2.223	0.000466095
2.226	0.000449226
2.229	0.000435027
2.232	0.000424956
2.235	0.000420058
2.238	0.000420956
2.241	0.000427848
2.244	0.000440508
2.247	0.00045826
2.25	0.000479958
2.253	0.000503977
2.256	0.000528271
2.259	0.000550518
2.262	0.000568368
2.265	0.000579776
2.268	0.000583348
2.271	0.0005786
2.274	0.000566065
2.277	0.000547203
2.28	0.000524136
2.283	0.000499318
2.286	0.00047521
2.289	0.000454035
2.292	0.000437643
2.295	0.000427471
2.298	0.00042455
2.301	0.000429532
2.304	0.000442685
2.307	0.000463843
2.31	0.00049231
2.313	0.000526729
2.316	0.000564972
2.319	0.000604123
2.322	0.000640638
2.325	0.000670724
2.328	0.000690933
2.331	0.000698826
2.334	0.000693515
2.337	0.000675873
2.34	0.000648348
2.343	0.000614435
2.346	0.00057802
2.349	0.000542774
2.352	0.000511765
2.355	0.000487278
2.358	0.000470826
2.361	0.000463243
2.364	0.000464801
2.367	0.00047529
2.37	0.000494047
2.373	0.000519933
2.376	0.000551285
2.379	0.00058589
2.382	0.000621035
2.385	0.000653672
2.388	0.000680728
2.391	0.000699528
2.394	0.000708236
2.397	0.000706195
2.4	0.000694073
2.403	0.000673733
2.406	0.000647909
2.409	0.000619757
2.412	0.000592426
2.415	0.000568719
2.418	0.000550896
2.421	0.000540585
2.424	0.000538771
2.427	0.000545805
2.43	0.00056141
2.433	0.000584661
2.436	0.000613952
2.439	0.000647003
2.442	0.000680935
2.445	0.000712476
2.448	0.00073831
2.451	0.000755545
2.454	0.000762191
2.457	0.000757544
2.46	0.000742322
2.463	0.000718547
2.466	0.000689175
2.469	0.000657619
2.472	0.000627273
2.475	0.000601159
2.478	0.000581698
2.481	0.000570627
2.484	0.00056898
2.487	0.000577104
2.49	0.000594661
2.493	0.000620604
2.496	0.000653154
2.499	0.000689792
2.502	0.000727355
2.505	0.000762256
2.508	0.00079087
2.511	0.000810043
2.514	0.000817609
2.517	0.000812804
2.52	0.000796416
2.523	0.000770644
2.526	0.000738705
2.529	0.00070431
2.532	0.000671157
2.535	0.000642534
2.538	0.000621084
2.541	0.000608707
2.544	0.000606536
2.547	0.000614962
2.55	0.000633623
2.553	0.000661392
2.556	0.000696338
2.559	0.000735733
2.562	0.000776145
2.565	0.000813685
2.568	0.000844423
2.571	0.000864936
2.574	0.000872879
2.577	0.000867419
2.58	0.000849408
2.583	0.000821227
2.586	0.000786355
2.589	0.00074881
2.592	0.000712591
2.595	0.000681256
2.598	0.000657663
2.601	0.000643862
2.604	0.000641077
2.607	0.000649725
2.61	0.000669414
2.613	0.000698926
2.616	0.00073618
2.619	0.000778238
2.622	0.00082141
2.625	0.000861515
2.628	0.000894333
2.631	0.00091619
2.634	0.000924568
2.637	0.00091857
2.64	0.000899107
2.643	0.000868726
2.646	0.000831154
2.649	0.000790692
2.652	0.000751622
2.655	0.000717754
2.658	0.000692147
2.661	0.000676994
2.664	0.000673604
2.667	0.00068242
2.67	0.000703025
2.673	0.000734115
2.676	0.00077347
2.679	0.00081796
2.682	0.000863651
2.685	0.000906097
2.688	0.000940805
2.691	0.000963869
2.694	0.000972611
2.697	0.000966076
2.7	0.000945229
2.703	0.000912772
2.706	0.00087266
2.709	0.000829457
2.712	0.000787707
2.715	0.000751453
2.718	0.000723938
2.721	0.000707489
2.724	0.000703493
2.727	0.000712419
2.73	0.000733822
2.733	0.000766324
2.736	0.000807576
2.739	0.000854268
2.742	0.000902249
2.745	0.000946823
2.748	0.000983252
2.751	0.00100742
2.754	0.00101649
2.757	0.00100947
2.76	0.000987371
2.763	0.000953031
2.766	0.000910613
2.769	0.000864918
2.772	0.000820727
2.775	0.000782287
2.778	0.000753007
2.781	0.000735329
2.784	0.000730704
2.787	0.000739619
2.79	0.0007616
2.793	0.000795196
2.796	0.00083794
2.799	0.000886362
2.802	0.000936117
2.805	0.000982293
2.808	0.00101994
2.811	0.00104476
2.814	0.00105379
2.817	0.00104601
2.82	0.00102245
2.823	0.000986094
2.826	0.00094129
2.829	0.000893051
2.832	0.000846374
2.835	0.000805707
2.838	0.000774621
2.841	0.000755685
2.844	0.000750436
2.847	0.000759406
2.85	0.000782126
2.853	0.0008171
2.856	0.000861768
2.859	0.000912514
2.862	0.000964798
2.865	0.00101348
2.868	0.00105339
2.871	0.00108001
2.874	0.00109028
2.877	0.00108311
2.88	0.00105961
2.883	0.00102289
2.886	0.000977477
2.889	0.000928575
2.892	0.000881356
2.895	0.0008404
2.898	0.000809367
2.901	0.000790862
2.904	0.000786413
2.907	0.000796497
2.91	0.000820547
2.913	0.000856928
2.916	0.0009029
2.919	0.000954631
2.922	0.00100733
2.925	0.0010556
2.928	0.001094
2.931	0.0011178
2.934	0.00112378
2.937	0.00111081
2.94	0.00108006
2.943	0.00103482
2.946	0.000979891
2.949	0.000920824
2.952	0.000863161
2.955	0.000811882
2.958	0.000771091
2.961	0.000743909
2.964	0.000732503
2.967	0.000738143
2.97	0.000761222
2.973	0.000801185
2.976	0.000856357
2.979	0.000923723
2.982	0.000998758
2.985	0.00107544
2.988	0.00114659
2.991	0.00120467
2.994	0.00124291
2.997	0.00125655
3	0.00124388
3.003	0.00120658
3.006	0.0011494
3.009	0.0010791
3.012	0.00100325
3.015	0.000929079
3.018	0.00086265
3.021	0.000808547
3.024	0.000769838
3.027	0.000748248
3.03	0.000744369
3.033	0.00075783
3.036	0.000787361
3.039	0.000830772
3.042	0.000884881
3.045	0.00094549
3.048	0.00100748
3.051	0.00106515
3.054	0.00111278
3.057	0.0011454
3.06	0.00115962
3.063	0.0011542
3.066	0.00113033
3.069	0.00109134
3.072	0.00104214
3.075	0.000988412
3.078	0.000935773
3.081	0.000889232
3.084	0.000852809
3.087	0.000829383
3.09	0.000820682
3.093	0.000827311
3.096	0.000848776
3.099	0.000883466
3.102	0.000928623
3.105	0.000980361
3.108	0.00103381
3.111	0.00108345
3.114	0.00112374
3.117	0.00114984
3.12	0.00115843
3.123	0.0011483
3.126	0.00112064
3.129	0.00107873
3.132	0.00102742
3.135	0.000972298
3.138	0.000918902
3.141	0.000872151
3.144	0.000835969
3.147	0.000813148
3.15	0.000805328
3.153	0.000813032
3.156	0.000835691
3.159	0.000871627
3.162	0.000918027
3.165	0.00097096
3.168	0.00102553
3.171	0.00107622
3.174	0.00111749
3.177	0.00114452
3.18	0.00115404
3.183	0.00114487
3.186	0.00111818
3.189	0.00107723
3.192	0.00102684
3.195	0.000972507
3.198	0.000919743
3.201	0.000873416
3.204	0.000837429
3.207	0.000814566
3.21	0.000806479
3.213	0.000813711
3.216	0.000835723
3.219	0.000870871
3.222	0.00091638
3.225	0.000968363
3.228	0.00102197
3.231	0.00107173
3.234	0.00111215
3.237	0.00113847
3.24	0.00114741
3.243	0.00113783
3.246	0.00111088
3.249	0.00106982
3.252	0.0010194
3.255	0.00096511
3.258	0.000912389
3.261	0.000866065
3.264	0.000829998
3.267	0.00080694
3.27	0.000798515
3.273	0.000805255
3.276	0.000826617
3.279	0.000860973
3.282	0.000905578
3.285	0.000956592
3.288	0.00100922
3.291	0.00105808
3.294	0.00109775
3.297	0.00112352
3.3	0.00113219
3.303	0.00112261
3.306	0.00109592
3.309	0.00105534
3.312	0.00100554
3.315	0.000951907
3.318	0.000899805
3.321	0.000853973
3.324	0.000818205
3.327	0.0007952
3.33	0.000786553
3.333	0.000792784
3.336	0.000813359
3.339	0.00084668
3.342	0.000890057
3.345	0.000939726
3.348	0.000990997
3.351	0.00103859
3.354	0.0010772
3.357	0.00110222
3.36	0.00111052
3.363	0.00110097
3.366	0.00107469
3.369	0.00103482
3.372	0.000985926
3.375	0.000933287
3.378	0.000882125
3.381	0.000837073
3.384	0.000801829
3.387	0.000779026
3.39	0.000770216
3.393	0.000775904
3.396	0.000795569
3.399	0.000827653
3.402	0.000869539
3.405	0.000917565
3.408	0.000967168
3.411	0.00101322
3.414	0.00105055
3.417	0.0010747
3.42	0.0010826
3.423	0.00107318
3.426	0.00104752
3.429	0.00100866
3.432	0.000961042
3.435	0.000909771
3.438	0.000859918
3.441	0.000815966
3.444	0.000781494
3.447	0.000759047
3.45	0.000750121
3.453	0.000755197
3.456	0.000773767
3.459	0.000804323
3.462	0.000844333
3.465	0.000890262
3.468	0.000937709
3.471	0.000981722
3.474	0.00101733
3.477	0.00104023
3.48	0.00104747
3.483	0.00103801
3.486	0.0010129
3.489	0.000975067
3.492	0.000928793
3.495	0.000878998
3.498	0.000830564
3.501	0.000787814
3.504	0.000754201
3.507	0.000732183
3.51	0.000723214
3.513	0.000727776
3.516	0.000745397
3.519	0.000774643
3.522	0.000813092
3.525	0.00085735
3.528	0.000903183
3.531	0.000945819
3.534	0.000980468
3.537	0.00100298
3.54	0.00101052
3.543	0.00100209
3.546	0.000978718
3.549	0.00094322
3.552	0.000899711
3.555	0.000852904
3.558	0.00080746
3.561	0.000767489
3.564	0.000736259
3.567	0.000716077
3.57	0.000708282
3.573	0.000713278
3.576	0.000730554
3.579	0.000758671
3.582	0.000795247
3.585	0.000836965
3.588	0.000879705
3.591	0.000918839
3.594	0.000949723
3.597	0.000968336
3.6	0.000971943
3.603	0.00095958
3.606	0.000932245
3.609	0.000892693
3.612	0.000844938
3.615	0.000793589
3.618	0.000743233
3.621	0.000697965
3.624	0.000661135
3.627	0.000635269
3.63	0.000622102
3.633	0.000622638
3.636	0.000637178
3.639	0.00066527
3.642	0.000705585
3.645	0.000755741
3.648	0.000812165
3.651	0.000870101
3.654	0.000923882
3.657	0.00096755
3.66	0.000995758
3.663	0.00100478
3.666	0.000993286
3.669	0.000962648
3.672	0.000916612
3.675	0.000860494
3.678	0.000800176
3.681	0.000741206
3.684	0.000688197
3.687	0.000644573
3.69	0.000612566
3.693	0.000593378
3.696	0.000587357
3.699	0.000594145
3.702	0.00061274
3.705	0.000641491
3.708	0.000678058
3.711	0.000719391
3.714	0.000761807
3.717	0.000801221
3.72	0.000833552
3.723	0.000855271
3.726	0.000863962
3.729	0.000858755
3.732	0.000840479
3.735	0.00081149
3.738	0.000775232
3.741	0.000735663
3.744	0.000696703
3.747	0.000661815
3.75	0.000633761
3.753	0.000614503
3.756	0.000605203
3.759	0.000606257
3.762	0.00061732
3.765	0.00063731
3.768	0.000664389
3.771	0.000695986
3.774	0.000728891
3.777	0.000759488
3.78	0.000784136
3.783	0.00079967
3.786	0.00080392
3.789	0.000796099
3.792	0.000776949
3.795	0.000748587
3.798	0.000714108
3.801	0.000677069
3.804	0.000640985
3.807	0.00060895
3.81	0.000583418
3.813	0.000566115
3.816	0.000558044
3.819	0.000559512
3.822	0.000570162
3.825	0.000588968
3.828	0.000614229
3.831	0.000643582
3.834	0.000674091
3.837	0.000702461
3.84	0.000725383
3.843	0.000739988
3.846	0.000744312
3.849	0.000737647
3.852	0.000720666
3.855	0.000695282
3.858	0.000664289
3.861	0.000630896
3.864	0.000598276
3.867	0.000569226
3.87	0.000545964
3.873	0.000530059
3.876	0.000522425
3.879	0.000523355
3.882	0.000532537
3.885	0.000549061
3.888	0.000571402
3.891	0.000597443
3.894	0.000624547
3.897	0.000649749
3.9	0.000670073
3.903	0.000682936
3.906	0.000686568
3.909	0.000680331
3.912	0.000664824
3.915	0.000641767
3.918	0.000613669
3.921	0.000583411
3.924	0.00055384
3.927	0.00052746
3.93	0.000506258
3.933	0.000491636
3.936	0.000484407
3.939	0.000484829
3.942	0.000492623
3.945	0.000506975
3.948	0.000526531
3.951	0.000549405
3.954	0.000573253
3.957	0.000595442
3.96	0.000613327
3.963	0.000624611
3.966	0.000627722
3.969	0.000622086
3.972	0.000608232
3.975	0.000587678
3.978	0.000562645
3.981	0.000535678
3.984	0.000509296
3.987	0.000485711
3.99	0.000466677
3.993	0.000453427
3.996	0.00044668
3.999	0.00044666
4.002	0.000453124
4.005	0.000465358
4.008	0.000482174
4.011	0.000501923
4.014	0.000522553
4.017	0.000541762
4.02	0.000557234
4.023	0.00056696
4.026	0.00056956
4.029	0.000564529
4.032	0.000552322
4.035	0.000534262
4.038	0.000512279
4.041	0.000488592
4.044	0.000465391
4.047	0.0004446
4.05	0.000427743
4.053	0.00041589
4.056	0.000409661
4.059	0.000409252
4.062	0.000414452
4.065	0.000424645
4.068	0.000438809
4.071	0.000455525
4.074	0.000473029
4.077	0.000489341
4.08	0.00050247
4.083	0.000510688
4.086	0.000512807
4.089	0.000508386
4.092	0.000497812
4.095	0.000482212
4.098	0.000463238
4.101	0.000442785
4.104	0.000422723
4.107	0.000404695
4.11	0.000390001
4.113	0.000379551
4.116	0.000373873
4.119	0.000373132
4.122	0.000377148
4.125	0.000385402
4.128	0.00039703
4.131	0.000410836
4.134	0.000425335
4.137	0.00043886
4.14	0.000449735
4.143	0.000456502
4.146	0.000458159
4.149	0.000454332
4.152	0.00044534
4.155	0.000432123
4.158	0.000416062
4.161	0.000398742
4.164	0.000381729
4.167	0.000366394
4.17	0.000353824
4.173	0.000344777
4.176	0.000339694
4.179	0.000338713
4.182	0.000341686
4.185	0.000348187
4.188	0.000357502
4.191	0.000368648
4.194	0.000380402
4.197	0.00039139
4.2	0.000400232
4.203	0.000405728
4.206	0.000407051
4.209	0.00040389
4.212	0.000396504
4.215	0.000385661
4.218	0.000372491
4.221	0.00035829
4.224	0.000344336
4.227	0.000331749
4.23	0.000321412
4.233	0.000313939
4.236	0.000309684
4.239	0.000308751
4.242	0.000311013
4.245	0.000316109
4.248	0.000323453
4.251	0.00033223
4.254	0.000341437
4.257	0.000349949
4.26	0.000356636
4.263	0.000360517
4.266	0.000360915
4.269	0.000357574
4.272	0.000350701
4.275	0.000340912
4.278	0.000329118
4.281	0.000316366
4.284	0.000303691
4.287	0.00029201
4.29	0.000282063
4.293	0.000274402
4.296	0.000269397
4.299	0.00026726
4.302	0.000268058
4.305	0.000271708
4.308	0.000277955
4.311	0.000286341
4.314	0.000296169
4.317	0.000306503
4.32	0.000316211
4.323	0.000324091
4.326	0.000329051
4.329	0.000330319
4.332	0.000327606
4.335	0.000321168
4.338	0.000311738
4.341	0.000300357
4.344	0.000288162
4.347	0.000276206
4.35	0.000265339
4.353	0.000256167
4.356	0.00024906
4.359	0.000244191
4.362	0.00024158
4.365	0.000241132
4.368	0.000242651
4.371	0.000245851
4.374	0.000250351
4.377	0.000255673
4.38	0.000261252
4.383	0.000266471
4.386	0.000270714
4.389	0.000273446
4.392	0.000274297
4.395	0.00027312
4.398	0.000270016
4.401	0.00026531
4.404	0.000259485
4.407	0.000253097
4.41	0.000246695
4.413	0.00024076
4.416	0.000235671
4.419	0.00023169
4.422	0.00022897
4.425	0.00022756
4.428	0.000227417
4.431	0.00022841
4.434	0.000230326
4.437	0.000232869
4.44	0.000235676
4.443	0.000238344
4.446	0.000240463
4.449	0.000241679
4.452	0.00024174
4.455	0.000240545
4.458	0.00023815
4.461	0.000234761
4.464	0.000230683
4.467	0.00022627
4.47	0.000221872
4.473	0.000217792
4.476	0.000214267
4.479	0.000211461
4.482	0.000209464
4.485	0.000208304
4.488	0.000207951
4.491	0.000208321
4.494	0.00020928
4.497	0.000210644
4.5	0.000212193
4.503	0.000213678
4.506	0.000214851
4.509	0.000215496
4.512	0.000215459
4.515	0.000214673
4.518	0.000213171
4.521	0.00021107
4.524	0.000208548
4.527	0.000205813
4.53	0.000203069
4.533	0.000200494
4.536	0.000198226
4.539	0.000196357
4.542	0.000194942
4.545	0.000193994
4.548	0.000193498
4.551	0.000193407
4.554	0.000193651
4.557	0.000194132
4.56	0.000194736
4.563	0.000195333
4.566	0.000195797
4.569	0.000196015
4.572	0.000195906
4.575	0.000195435
4.578	0.000194611
4.581	0.000193491
4.584	0.000192158
4.587	0.000190712
4.59	0.000189251
4.593	0.000187859
4.596	0.000186601
4.599	0.000185519
4.602	0.000184639
4.605	0.000183967
4.608	0.000183495
4.611	0.000183203
4.614	0.000183065
4.617	0.000183041
4.62	0.000183088
4.623	0.00018316
4.626	0.000183208
4.629	0.000183191
4.632	0.00018308
4.635	0.000182858
4.638	0.000182526
4.641	0.000182101
4.644	0.000181606
4.647	0.000181072
4.65	0.000180529
4.653	0.000180004
4.656	0.000179514
4.659	0.000179073
4.662	0.000178688
4.665	0.000178359
4.668	0.000178086
4.671	0.000177863
4.674	0.000177685
4.677	0.000177545
4.68	0.000177437
4.683	0.000177353
4.686	0.000177286
4.689	0.000177233
4.692	0.000177188
4.695	0.000177148
4.698	0.000177113
4.701	0.000177084
4.704	0.00017706
4.707	0.000177045
4.71	0.00017704
4.713	0.000177049
4.716	0.000177073
4.719	0.000177114
4.722	0.000177172
4.725	0.00017725
4.728	0.000177346
4.731	0.000177458
4.734	0.000177584
4.737	0.000177719
4.74	0.000177857
4.743	0.000177991
4.746	0.000178115
4.749	0.000178223
4.752	0.000178313
4.755	0.000178387
4.758	0.00017845
4.761	0.000178513
4.764	0.000178588
4.767	0.00017869
4.77	0.000178835
4.773	0.000179038
4.776	0.000179311
4.779	0.000179667
4.782	0.000180112
4.785	0.000180651
4.788	0.000181279
4.791	0.000181987
4.794	0.000182754
4.797	0.00018355
4.8	0.000184333
4.803	0.000185056
4.806	0.000185672
4.809	0.00018614
4.812	0.000186434
4.815	0.000186552
4.818	0.000186515
4.821	0.000186367
4.824	0.000186168
4.827	0.000185987
4.83	0.000185893
4.833	0.000185949
4.836	0.000186207
4.839	0.00018671
4.842	0.000187482
4.845	0.000188534
4.848	0.000189858
4.851	0.000191421
4.854	0.000193167
4.857	0.000195009
4.86	0.000196838
4.863	0.000198525
4.866	0.000199941
4.869	0.000200974
4.872	0.000201554
4.875	0.000201662
4.878	0.000201345
4.881	0.000200706
4.884	0.000199886
4.887	0.000199051
4.89	0.000198361
4.893	0.000197966
4.896	0.000197985
4.899	0.000198508
4.902	0.000199591
4.905	0.000201253
4.908	0.000203472
4.911	0.000206177
4.914	0.00020925
4.917	0.000212513
4.92	0.000215742
4.923	0.000218679
4.926	0.000221063
4.929	0.000222668
4.932	0.000223344
4.935	0.000223048
4.938	0.000221858
4.941	0.000219958
4.944	0.000217612
4.947	0.000215124
4.95	0.000212801
4.953	0.000210923
4.956	0.000209732
4.959	0.000209425
4.962	0.000210153
4.965	0.000212022
4.968	0.000215092
4.971	0.000219355
4.974	0.000224723
4.977	0.000231
4.98	0.000237856
4.983	0.000244823
4.986	0.00025132
4.989	0.000256717
4.992	0.000260439
4.995	0.000262079
4.998	0.000261502
5.001	0.000258876
5.004	0.000254642
5.007	0.000249418
5.01	0.000243885
5.013	0.000238683
5.016	0.000234342
5.019	0.000231258
5.022	0.000229696
5.025	0.000229803
5.028	0.000231632
5.031	0.000235146
5.034	0.000240225
5.037	0.000246649
5.04	0.000254089
5.043	0.0002621
5.046	0.000270124
5.049	0.000277534
5.052	0.000283692
5.055	0.000288045
5.058	0.00029022
5.061	0.0002901
5.064	0.000287849
5.067	0.000283895
5.07	0.00027885
5.073	0.000273421
5.076	0.00026831
5.079	0.000264147
5.082	0.000261439
5.085	0.00026056
5.088	0.000261735
5.091	0.000265047
5.094	0.000270427
5.097	0.000277647
5.1	0.000286306
5.103	0.000295827
5.106	0.000305474
5.109	0.00031441
5.112	0.000321782
5.115	0.00032685
5.118	0.000329111
5.121	0.000328403
5.124	0.000324942
5.127	0.000319284
5.13	0.000312235
5.133	0.000304718
5.136	0.000297654
5.139	0.000291863
5.142	0.000288005
5.145	0.000286561
5.148	0.000287822
5.151	0.000291888
5.154	0.000298665
5.157	0.00030785
5.16	0.000318919
5.163	0.000331121
5.166	0.000343499
5.169	0.000354966
5.172	0.000364417
5.175	0.00037089
5.178	0.000373733
5.181	0.000372731
5.184	0.000368157
5.187	0.000360723
5.19	0.000351461
5.193	0.000341557
5.196	0.000332192
5.199	0.000324416
5.202	0.000319078
5.205	0.000316791
5.208	0.000317926
5.211	0.000322612
5.214	0.000330731
5.217	0.0003419
5.22	0.00035546
5.223	0.000370468
5.226	0.000385724
5.229	0.000399865
5.232	0.000411507
5.235	0.000419444
5.238	0.000422858
5.241	0.000421472
5.244	0.000415618
5.247	0.00040618
5.25	0.000394437
5.253	0.00038186
5.256	0.000369914
5.259	0.000359903
5.262	0.000352877
5.265	0.000349596
5.268	0.000350517
5.271	0.000355798
5.274	0.000365293
5.277	0.000378537
5.28	0.000394721
5.283	0.000412695
5.286	0.000431
5.289	0.000447977
5.292	0.000461941
5.295	0.000471428
5.298	0.000475436
5.301	0.000473628
5.304	0.000466396
5.307	0.000454805
5.31	0.000440395
5.313	0.000424943
5.316	0.000410216
5.319	0.000397786
5.322	0.00038892
5.325	0.000384532
5.328	0.00038517
5.331	0.000391026
5.334	0.000401924
5.337	0.000417306
5.34	0.000436212
5.343	0.000457271
5.346	0.000478751
5.349	0.000498681
5.352	0.000515063
5.355	0.000526156
5.358	0.000530772
5.361	0.000528503
5.364	0.000519808
5.367	0.000505938
5.37	0.00048871
5.373	0.000470218
5.376	0.000452545
5.379	0.000437545
5.382	0.00042671
5.385	0.000421117
5.388	0.00042141
5.391	0.000427813
5.394	0.000440121
5.397	0.000457682
5.4	0.000479374
5.403	0.0005036
5.406	0.000528343
5.409	0.000551309
5.412	0.000570175
5.415	0.000582916
5.418	0.000588148
5.421	0.000585393
5.424	0.000575176
5.427	0.000558941
5.43	0.000538787
5.433	0.000517135
5.436	0.000496394
5.439	0.000478707
5.442	0.000465799
5.445	0.000458909
5.448	0.000458782
5.451	0.000465671
5.454	0.00047934
5.457	0.000499038
5.46	0.000523477
5.463	0.000550829
5.466	0.000578785
5.469	0.000604726
5.472	0.000625999
5.475	0.000640292
5.478	0.000646025
5.481	0.000642647
5.484	0.000630753
5.487	0.000611983
5.49	0.000588725
5.493	0.000563733
5.496	0.00053975
5.499	0.000519219
5.502	0.000504108
5.505	0.000495835
5.508	0.000495256
5.511	0.000502669
5.514	0.000517818
5.517	0.000539861
5.52	0.000567347
5.523	0.000598211
5.526	0.000629844
5.529	0.000659277
5.532	0.000683508
5.535	0.000699921
5.538	0.000706727
5.541	0.000703305
5.544	0.000690329
5.547	0.000669648
5.55	0.000643954
5.553	0.000616342
5.556	0.000589891
5.559	0.00056733
5.562	0.000550849
5.565	0.000542013
5.568	0.000541747
5.571	0.000550347
5.574	0.000567475
5.577	0.000592134
5.58	0.000622642
5.583	0.000656624
5.586	0.000691096
5.589	0.00072268
5.592	0.000747962
5.595	0.000763971
5.598	0.000768674
5.601	0.00076136
5.604	0.000742785
5.607	0.000715041
5.61	0.000681185
5.613	0.000644749
5.616	0.000609271
5.619	0.000577944
5.622	0.000553415
5.625	0.000537724
5.628	0.000532316
5.631	0.00053808
5.634	0.00055535
5.637	0.000583845
5.64	0.00062254
5.643	0.000669495
5.646	0.000721723
5.649	0.00077517
5.652	0.000824944
5.655	0.000865846
5.658	0.000893163
5.661	0.00090357
5.664	0.000895848
5.667	0.000871174
5.67	0.000832859
5.673	0.000785651
5.676	0.000734835
5.679	0.00068543
5.682	0.000641643
5.685	0.000606625
5.688	0.000582474
5.691	0.000570354
5.694	0.000570658
5.697	0.000583112
5.7	0.000606823
5.703	0.000640249
5.706	0.000681144
5.709	0.000726526
5.712	0.000772747
5.715	0.000815715
5.718	0.000851316
5.721	0.000875966
5.724	0.000887203
5.727	0.000884139
5.73	0.000867642
5.733	0.000840171
5.736	0.000805335
5.739	0.000767307
5.742	0.000730246
5.745	0.000697853
5.748	0.000673111
5.751	0.000658164
5.754	0.000654309
5.757	0.000662005
5.76	0.000680892
5.763	0.000709758
5.766	0.000746519
5.769	0.000788216
5.772	0.000831122
5.775	0.000871009
5.778	0.000903598
5.781	0.000925155
5.784	0.000933113
5.787	0.000926552
5.79	0.000906384
5.793	0.000875187
5.796	0.000836744
5.799	0.00079542
5.802	0.00075556
5.805	0.000721023
5.808	0.000694902
5.811	0.000679406
5.814	0.000675845
5.817	0.000684651
5.82	0.000705383
5.823	0.000736712
5.826	0.000776384
5.829	0.000821228
5.832	0.000867272
5.835	0.000910029
5.838	0.000944968
5.841	0.000968154
5.844	0.000976889
5.847	0.000970216
5.85	0.000949109
5.853	0.000916296
5.856	0.000875767
5.859	0.00083213
5.862	0.000789975
5.865	0.000753391
5.868	0.000725665
5.871	0.000709164
5.874	0.000705306
5.877	0.000714581
5.88	0.000736551
5.883	0.000769821
5.886	0.000812002
5.889	0.000859714
5.892	0.000908714
5.895	0.000954202
5.898	0.000991346
5.901	0.00101595
5.904	0.00102518
5.907	0.00101804
5.91	0.000995627
5.913	0.000960874
5.916	0.000918046
5.919	0.000872032
5.922	0.000827679
5.925	0.000789281
5.928	0.000760271
5.931	0.000743096
5.934	0.000739192
5.937	0.000748995
5.94	0.000771942
5.943	0.000806424
5.946	0.000849741
5.949	0.0008981
5.952	0.000946753
5.955	0.000990337
5.958	0.00102345
5.961	0.00104141
5.964	0.00104098
5.967	0.00102096
5.97	0.000982338
5.973	0.000928019
5.976	0.000862208
5.979	0.000789624
5.982	0.000714785
5.985	0.000641486
5.988	0.000572548
5.991	0.000509783
5.994	0.000454117
5.997	0.000405782
