 Location  Dispersion    Centroids   Volume
0.000111723   0.03995   -0.000709002   1.00001
0.0602419   0.0397519   0.0598654   0.999992
0.119969   0.040058   0.119737   1
0.179995   0.0400616   0.179074   1
0.23985   0.0398501   0.237739   0.999997
0.300205   0.040371   0.296299   1
0.365709   0.0403722   0.357263   1
0.426065   0.0398358   0.413342   0.999997
0.485934   0.0400291   0.467192   1
0.545944   0.0399972   0.519391   1
0.605937   0.039991   0.569717   1
0.665934   0.0399795   0.617991   1
0.725932   0.039968   0.664041   1
0.78593   0.0399553   0.707703   1
0.845934   0.0399498   0.748817   1
0.905883   0.0398534   0.787241   0.999999
0.966007   0.0400347   0.823299   1
1.03185   0.0400434   0.858117   1
1.09198   0.0398348   0.887768   0.999999
1.15194   0.0398939   0.913815   1
1.21195   0.039882   0.936562   1
1.27196   0.039875   0.955941   1
1.33197   0.039869   0.971879   1
1.39197   0.0398642   0.984318   1
1.45198   0.0398607   0.993215   1
1.51199   0.0398586   0.998538   1
1.572   0.0398572   1.00026   1
1.63201   0.0398651   0.998347   1
1.69802   0.0398628   0.992303   1
1.75803   0.0398604   0.982789   1
1.81804   0.03987   0.969854   1
1.87804   0.0398759   0.953431   1
1.93805   0.0398833   0.933576   1
1.99806   0.0398917   0.910361   1
2.05806   0.0399011   0.88387   1
2.11806   0.0399103   0.854196   1
2.17807   0.0399288   0.821451   1
2.238   0.0398281   0.785744   0.999998
2.29821   0.0401506   0.746682   1
2.36395   0.0401393   0.702309   1
2.42414   0.0398516   0.657726   0.999998
2.48406   0.0399904   0.611359   1
2.54406   0.0399901   0.562785   1
2.60406   0.040003   0.512186   1
2.66405   0.0400128   0.459746   1
2.72405   0.0400223   0.405652   1
2.78404   0.0400249   0.350096   1
2.84405   0.0400575   0.293275   1
2.9039   0.0398408   0.235434   0.999997
2.96429   0.0404186   0.175973   1
3.02975   0.0404128   0.112117   1
3.09013   0.0398506   0.0515579   0.999997
3.14998   0.0400751   -0.0083995   1
3.21   0.0400471   -0.0683677   1
3.26998   0.0400513   -0.128083   1
3.32998   0.0400472   -0.187336   1
3.38997   0.0400425   -0.245915   1
3.44996   0.0400319   -0.303611   1
3.50997   0.0400445   -0.360218   1
3.56984   0.0398503   -0.415506   0.999997
3.63015   0.0402954   -0.470003   1
3.69573   0.0402996   -0.525907   1
3.75603   0.0398299   -0.576618   0.999998
3.81592   0.0399914   -0.624577   1
3.87593   0.0399635   -0.670305   1
3.93593   0.0399547   -0.71362   1
3.99593   0.0399428   -0.754365   1
4.05593   0.0399312   -0.792396   1
4.11593   0.0399198   -0.827576   1
4.17594   0.0399119   -0.859775   1
4.23591   0.0398572   -0.888889   0.999999
4.29598   0.0399426   -0.915143   1
4.36191   0.0399502   -0.939193   1
4.42198   0.0398442   -0.958374   1
4.48197   0.0398694   -0.973836   1
4.54197   0.0398636   -0.985779   1
4.60198   0.0398603   -0.994177   1
4.66199   0.0398584   -0.998996   1
4.722   0.039858   -1.00022   1
4.78201   0.0398589   -0.997843   1
4.84202   0.0398617   -0.991877   1
4.90202   0.0398494   -0.982328   1
4.96206   0.039911   -0.969055   1
5.02803   0.0399043   -0.951131   1
5.08807   0.0398592   -0.930529   1
5.14806   0.0398945   -0.906843   1
5.20806   0.0399024   -0.879901   1
5.26806   0.0399127   -0.849791   1
5.32807   0.0399236   -0.816623   1
5.38807   0.0399349   -0.780516   1
5.44807   0.0399445   -0.741599   1
5.50808   0.0399693   -0.700013   1
5.56798   0.039827   -0.655915   0.999998
5.62826   0.0402535   -0.608829   1
5.69389   0.0402428   -0.556459   1
5.75415   0.0398513   -0.504936   0.999998
5.81404   0.0400237   -0.452264   1
5.87406   0.04003   -0.39795   1
5.93381   0.03975   -0.342097   0.999992
5.99391   0.0399249   -0.284522   1.00001
