 x  	 F(x)  
0	0.00758099
0.003	0.00894824
0.006	0.0103193
0.009	0.0116941
0.012	0.0130727
0.015	0.014455
0.018	0.0158412
0.021	0.0172312
0.024	0.0186249
0.027	0.0200225
0.03	0.0214239
0.033	0.022829
0.036	0.0242381
0.039	0.0256509
0.042	0.0270675
0.045	0.028488
0.048	0.0299124
0.051	0.0313405
0.054	0.0327725
0.057	0.0342084
0.06	0.0356481
0.063	0.0370917
0.066	0.0385391
0.069	0.0399904
0.072	0.0414456
0.075	0.0429046
0.078	0.0443675
0.081	0.0458343
0.084	0.047305
0.087	0.0487796
0.09	0.050258
0.093	0.0517404
0.096	0.0532266
0.099	0.0547168
0.102	0.0562108
0.105	0.0577088
0.108	0.0592107
0.111	0.0607165
0.114	0.0622262
0.117	0.0637398
0.12	0.0652574
0.123	0.0667788
0.126	0.0683042
0.129	0.0698336
0.132	0.0713669
0.135	0.0729041
0.138	0.0744452
0.141	0.0759904
0.144	0.0775394
0.147	0.0790924
0.15	0.0806493
0.153	0.0822102
0.156	0.0837751
0.159	0.0853439
0.162	0.0869167
0.165	0.0884934
0.168	0.0900741
0.171	0.0916588
0.174	0.0932474
0.177	0.09484
0.18	0.0964366
0.183	0.0980372
0.186	0.0996417
0.189	0.10125
0.192	0.102863
0.195	0.104479
0.198	0.1061
0.201	0.107724
0.204	0.109352
0.207	0.110985
0.21	0.112621
0.213	0.114261
0.216	0.115906
0.219	0.117554
0.222	0.119206
0.225	0.120863
0.228	0.122523
0.231	0.124187
0.234	0.125856
0.237	0.127528
0.24	0.129204
0.243	0.130884
0.246	0.132569
0.249	0.134257
0.252	0.135949
0.255	0.137645
0.258	0.139345
0.261	0.141049
0.264	0.142758
0.267	0.14447
0.27	0.146186
0.273	0.147906
0.276	0.14963
0.279	0.151358
0.282	0.15309
0.285	0.154826
0.288	0.156566
0.291	0.15831
0.294	0.160058
0.297	0.16181
0.3	0.163566
0.303	0.165326
0.306	0.16709
0.309	0.168858
0.312	0.170629
0.315	0.172405
0.318	0.174185
0.321	0.175968
0.324	0.177756
0.327	0.179548
0.33	0.181343
0.333	0.183143
0.336	0.184946
0.339	0.186753
0.342	0.188565
0.345	0.19038
0.348	0.192199
0.351	0.194022
0.354	0.195849
0.357	0.19768
0.36	0.199515
0.363	0.201353
0.366	0.203196
0.369	0.205042
0.372	0.206893
0.375	0.208747
0.378	0.210605
0.381	0.212467
0.384	0.214333
0.387	0.216203
0.39	0.218077
0.393	0.219954
0.396	0.221836
0.399	0.223721
0.402	0.22561
0.405	0.227503
0.408	0.2294
0.411	0.2313
0.414	0.233205
0.417	0.235113
0.42	0.237025
0.423	0.238941
0.426	0.24086
0.429	0.242784
0.432	0.244711
0.435	0.246642
0.438	0.248576
0.441	0.250515
0.444	0.252457
0.447	0.254403
0.45	0.256353
0.453	0.258306
0.456	0.260263
0.459	0.262224
0.462	0.264188
0.465	0.266157
0.468	0.268128
0.471	0.270104
0.474	0.272083
0.477	0.274066
0.48	0.276052
0.483	0.278043
0.486	0.280036
0.489	0.282034
0.492	0.284035
0.495	0.286039
0.498	0.288047
0.501	0.290059
0.504	0.292074
0.507	0.294093
0.51	0.296115
0.513	0.298141
0.516	0.30017
0.519	0.302203
0.522	0.30424
0.525	0.306279
0.528	0.308323
0.531	0.310369
0.534	0.31242
0.537	0.314473
0.54	0.31653
0.543	0.31859
0.546	0.320654
0.549	0.322721
0.552	0.324792
0.555	0.326866
0.558	0.328943
0.561	0.331024
0.564	0.333107
0.567	0.335194
0.57	0.337285
0.573	0.339378
0.576	0.341475
0.579	0.343575
0.582	0.345679
0.585	0.347785
0.588	0.349895
0.591	0.352008
0.594	0.354124
0.597	0.356243
0.6	0.358365
0.603	0.36049
0.606	0.362619
0.609	0.36475
0.612	0.366885
0.615	0.369022
0.618	0.371163
0.621	0.373306
0.624	0.375453
0.627	0.377602
0.63	0.379755
0.633	0.38191
0.636	0.384068
0.639	0.386229
0.642	0.388393
0.645	0.39056
0.648	0.39273
0.651	0.394902
0.654	0.397077
0.657	0.399255
0.66	0.401436
0.663	0.403619
0.666	0.405805
0.669	0.407994
0.672	0.410185
0.675	0.412379
0.678	0.414576
0.681	0.416775
0.684	0.418977
0.687	0.421181
0.69	0.423388
0.693	0.425598
0.696	0.427809
0.699	0.430024
0.702	0.43224
0.705	0.434459
0.708	0.436681
0.711	0.438905
0.714	0.441131
0.717	0.443359
0.72	0.44559
0.723	0.447823
0.726	0.450058
0.729	0.452295
0.732	0.454535
0.735	0.456776
0.738	0.45902
0.741	0.461266
0.744	0.463514
0.747	0.465764
0.75	0.468016
0.753	0.47027
0.756	0.472526
0.759	0.474783
0.762	0.477043
0.765	0.479305
0.768	0.481568
0.771	0.483833
0.774	0.4861
0.777	0.488369
0.78	0.49064
0.783	0.492912
0.786	0.495186
0.789	0.497461
0.792	0.499738
0.795	0.502017
0.798	0.504297
0.801	0.506579
0.804	0.508862
0.807	0.511147
0.81	0.513433
0.813	0.51572
0.816	0.518009
0.819	0.520299
0.822	0.52259
0.825	0.524883
0.828	0.527176
0.831	0.529471
0.834	0.531767
0.837	0.534064
0.84	0.536363
0.843	0.538662
0.846	0.540962
0.849	0.543264
0.852	0.545566
0.855	0.547869
0.858	0.550173
0.861	0.552478
0.864	0.554783
0.867	0.55709
0.87	0.559397
0.873	0.561704
0.876	0.564013
0.879	0.566322
0.882	0.568631
0.885	0.570941
0.888	0.573252
0.891	0.575563
0.894	0.577874
0.897	0.580186
0.9	0.582498
0.903	0.58481
0.906	0.587123
0.909	0.589436
0.912	0.591749
0.915	0.594062
0.918	0.596375
0.921	0.598688
0.924	0.601002
0.927	0.603315
0.93	0.605628
0.933	0.607941
0.936	0.610254
0.939	0.612567
0.942	0.614879
0.945	0.617191
0.948	0.619503
0.951	0.621815
0.954	0.624126
0.957	0.626436
0.96	0.628746
0.963	0.631056
0.966	0.633365
0.969	0.635673
0.972	0.63798
0.975	0.640287
0.978	0.642593
0.981	0.644898
0.984	0.647203
0.987	0.649506
0.99	0.651809
0.993	0.65411
0.996	0.656411
0.999	0.65871
1.002	0.661008
1.005	0.663305
1.008	0.665601
1.011	0.667895
1.014	0.670188
1.017	0.67248
1.02	0.67477
1.023	0.677059
1.026	0.679346
1.029	0.681632
1.032	0.683916
1.035	0.686198
1.038	0.688479
1.041	0.690757
1.044	0.693034
1.047	0.695309
1.05	0.697583
1.053	0.699854
1.056	0.702123
1.059	0.70439
1.062	0.706655
1.065	0.708917
1.068	0.711178
1.071	0.713436
1.074	0.715692
1.077	0.717945
1.08	0.720196
1.083	0.722445
1.086	0.72469
1.089	0.726934
1.092	0.729174
1.095	0.731412
1.098	0.733647
1.101	0.735879
1.104	0.738109
1.107	0.740335
1.11	0.742559
1.113	0.744779
1.116	0.746997
1.119	0.749211
1.122	0.751422
1.125	0.753629
1.128	0.755834
1.131	0.758035
1.134	0.760232
1.137	0.762426
1.14	0.764617
1.143	0.766804
1.146	0.768987
1.149	0.771167
1.152	0.773342
1.155	0.775514
1.158	0.777682
1.161	0.779847
1.164	0.782007
1.167	0.784163
1.17	0.786315
1.173	0.788463
1.176	0.790606
1.179	0.792746
1.182	0.794881
1.185	0.797011
1.188	0.799137
1.191	0.801259
1.194	0.803376
1.197	0.805488
1.2	0.807596
1.203	0.809699
1.206	0.811797
1.209	0.813891
1.212	0.815979
1.215	0.818062
1.218	0.820141
1.221	0.822214
1.224	0.824282
1.227	0.826345
1.23	0.828402
1.233	0.830455
1.236	0.832502
1.239	0.834543
1.242	0.836579
1.245	0.838609
1.248	0.840634
1.251	0.842653
1.254	0.844666
1.257	0.846673
1.26	0.848675
1.263	0.85067
1.266	0.85266
1.269	0.854644
1.272	0.856621
1.275	0.858592
1.278	0.860557
1.281	0.862516
1.284	0.864468
1.287	0.866414
1.29	0.868354
1.293	0.870287
1.296	0.872213
1.299	0.874132
1.302	0.876045
1.305	0.877952
1.308	0.879851
1.311	0.881743
1.314	0.883629
1.317	0.885507
1.32	0.887379
1.323	0.889243
1.326	0.8911
1.329	0.892949
1.332	0.894792
1.335	0.896627
1.338	0.898455
1.341	0.900275
1.344	0.902087
1.347	0.903892
1.35	0.905689
1.353	0.907479
1.356	0.909261
1.359	0.911034
1.362	0.9128
1.365	0.914558
1.368	0.916308
1.371	0.91805
1.374	0.919784
1.377	0.921509
1.38	0.923226
1.383	0.924935
1.386	0.926635
1.389	0.928327
1.392	0.930011
1.395	0.931686
1.398	0.933352
1.401	0.935009
1.404	0.936658
1.407	0.938298
1.41	0.939929
1.413	0.941552
1.416	0.943165
1.419	0.944769
1.422	0.946364
1.425	0.94795
1.428	0.949527
1.431	0.951094
1.434	0.952652
1.437	0.954201
1.44	0.955741
1.443	0.95727
1.446	0.958791
1.449	0.960301
1.452	0.961802
1.455	0.963294
1.458	0.964775
1.461	0.966247
1.464	0.967709
1.467	0.969161
1.47	0.970602
1.473	0.972034
1.476	0.973456
1.479	0.974867
1.482	0.976269
1.485	0.97766
1.488	0.979041
1.491	0.980411
1.494	0.981771
1.497	0.98312
1.5	0.984459
1.503	0.985787
1.506	0.987105
1.509	0.988412
1.512	0.989708
1.515	0.990994
1.518	0.992268
1.521	0.993532
1.524	0.994785
1.527	0.996027
1.53	0.997257
1.533	0.998477
1.536	0.999685
1.539	1.00088
1.542	1.00207
1.545	1.00324
1.548	1.00441
1.551	1.00556
1.554	1.0067
1.557	1.00783
1.56	1.00895
1.563	1.01005
1.566	1.01115
1.569	1.01223
1.572	1.0133
1.575	1.01436
1.578	1.0154
1.581	1.01644
1.584	1.01746
1.587	1.01847
1.59	1.01947
1.593	1.02046
1.596	1.02144
1.599	1.0224
1.602	1.02335
1.605	1.02429
1.608	1.02522
1.611	1.02613
1.614	1.02703
1.617	1.02792
1.62	1.0288
1.623	1.02966
1.626	1.03052
1.629	1.03135
1.632	1.03218
1.635	1.033
1.638	1.0338
1.641	1.03459
1.644	1.03536
1.647	1.03613
1.65	1.03688
1.653	1.03761
1.656	1.03834
1.659	1.03905
1.662	1.03975
1.665	1.04043
1.668	1.04111
1.671	1.04177
1.674	1.04241
1.677	1.04305
1.68	1.04367
1.683	1.04427
1.686	1.04487
1.689	1.04545
1.692	1.04602
1.695	1.04657
1.698	1.04711
1.701	1.04764
1.704	1.04815
1.707	1.04865
1.71	1.04914
1.713	1.04961
1.716	1.05007
1.719	1.05051
1.722	1.05095
1.725	1.05137
1.728	1.05177
1.731	1.05216
1.734	1.05254
1.737	1.0529
1.74	1.05325
1.743	1.05359
1.746	1.05391
1.749	1.05422
1.752	1.05451
1.755	1.0548
1.758	1.05506
1.761	1.05531
1.764	1.05555
1.767	1.05578
1.77	1.05599
1.773	1.05619
1.776	1.05637
1.779	1.05654
1.782	1.05669
1.785	1.05683
1.788	1.05696
1.791	1.05707
1.794	1.05717
1.797	1.05725
1.8	1.05732
1.803	1.05738
1.806	1.05742
1.809	1.05745
1.812	1.05746
1.815	1.05746
1.818	1.05744
1.821	1.05741
1.824	1.05737
1.827	1.05731
1.83	1.05724
1.833	1.05715
1.836	1.05705
1.839	1.05693
1.842	1.0568
1.845	1.05665
1.848	1.0565
1.851	1.05632
1.854	1.05613
1.857	1.05593
1.86	1.05571
1.863	1.05548
1.866	1.05524
1.869	1.05498
1.872	1.0547
1.875	1.05441
1.878	1.05411
1.881	1.05379
1.884	1.05346
1.887	1.05311
1.89	1.05275
1.893	1.05237
1.896	1.05198
1.899	1.05157
1.902	1.05115
1.905	1.05072
1.908	1.05027
1.911	1.04981
1.914	1.04933
1.917	1.04884
1.92	1.04833
1.923	1.04781
1.926	1.04727
1.929	1.04672
1.932	1.04616
1.935	1.04558
1.938	1.04498
1.941	1.04437
1.944	1.04375
1.947	1.04311
1.95	1.04246
1.953	1.0418
1.956	1.04112
1.959	1.04042
1.962	1.03971
1.965	1.03899
1.968	1.03825
1.971	1.03749
1.974	1.03673
1.977	1.03595
1.98	1.03515
1.983	1.03434
1.986	1.03351
1.989	1.03267
1.992	1.03182
1.995	1.03095
1.998	1.03007
2.001	1.02917
2.004	1.02826
2.007	1.02734
2.01	1.0264
2.013	1.02544
2.016	1.02448
2.019	1.02349
2.022	1.0225
2.025	1.02149
2.028	1.02046
2.031	1.01942
2.034	1.01837
2.037	1.0173
2.04	1.01622
2.043	1.01513
2.046	1.01402
2.049	1.01289
2.052	1.01176
2.055	1.0106
2.058	1.00944
2.061	1.00826
2.064	1.00706
2.067	1.00586
2.07	1.00464
2.073	1.0034
2.076	1.00215
2.079	1.00089
2.082	0.99961
2.085	0.998319
2.088	0.997015
2.091	0.995696
2.094	0.994364
2.097	0.993018
2.1	0.991659
2.103	0.990286
2.106	0.988899
2.109	0.987498
2.112	0.986084
2.115	0.984657
2.118	0.983215
2.121	0.981761
2.124	0.980293
2.127	0.978811
2.13	0.977316
2.133	0.975808
2.136	0.974286
2.139	0.972751
2.142	0.971202
2.145	0.969641
2.148	0.968066
2.151	0.966477
2.154	0.964876
2.157	0.963262
2.16	0.961634
2.163	0.959993
2.166	0.958339
2.169	0.956672
2.172	0.954992
2.175	0.9533
2.178	0.951594
2.181	0.949875
2.184	0.948143
2.187	0.946399
2.19	0.944642
2.193	0.942872
2.196	0.941089
2.199	0.939293
2.202	0.937485
2.205	0.935664
2.208	0.933831
2.211	0.931985
2.214	0.930127
2.217	0.928256
2.22	0.926372
2.223	0.924476
2.226	0.922568
2.229	0.920647
2.232	0.918714
2.235	0.916769
2.238	0.914812
2.241	0.912842
2.244	0.91086
2.247	0.908866
2.25	0.90686
2.253	0.904842
2.256	0.902812
2.259	0.90077
2.262	0.898716
2.265	0.89665
2.268	0.894572
2.271	0.892483
2.274	0.890381
2.277	0.888268
2.28	0.886143
2.283	0.884007
2.286	0.881859
2.289	0.879699
2.292	0.877528
2.295	0.875345
2.298	0.873151
2.301	0.870946
2.304	0.868729
2.307	0.8665
2.31	0.864261
2.313	0.86201
2.316	0.859748
2.319	0.857475
2.322	0.85519
2.325	0.852895
2.328	0.850589
2.331	0.848271
2.334	0.845943
2.337	0.843603
2.34	0.841253
2.343	0.838892
2.346	0.836521
2.349	0.834138
2.352	0.831745
2.355	0.829341
2.358	0.826926
2.361	0.824501
2.364	0.822066
2.367	0.81962
2.37	0.817163
2.373	0.814696
2.376	0.812219
2.379	0.809732
2.382	0.807234
2.385	0.804726
2.388	0.802208
2.391	0.79968
2.394	0.797141
2.397	0.794593
2.4	0.792035
2.403	0.789466
2.406	0.786888
2.409	0.7843
2.412	0.781702
2.415	0.779095
2.418	0.776477
2.421	0.77385
2.424	0.771214
2.427	0.768567
2.43	0.765912
2.433	0.763246
2.436	0.760572
2.439	0.757888
2.442	0.755194
2.445	0.752492
2.448	0.74978
2.451	0.747058
2.454	0.744328
2.457	0.741588
2.46	0.73884
2.463	0.736082
2.466	0.733316
2.469	0.73054
2.472	0.727756
2.475	0.724963
2.478	0.722161
2.481	0.71935
2.484	0.71653
2.487	0.713702
2.49	0.710865
2.493	0.70802
2.496	0.705166
2.499	0.702304
2.502	0.699433
2.505	0.696554
2.508	0.693666
2.511	0.690771
2.514	0.687867
2.517	0.684955
2.52	0.682034
2.523	0.679106
2.526	0.676169
2.529	0.673225
2.532	0.670272
2.535	0.667312
2.538	0.664344
2.541	0.661368
2.544	0.658384
2.547	0.655392
2.55	0.652393
2.553	0.649386
2.556	0.646372
2.559	0.64335
2.562	0.64032
2.565	0.637283
2.568	0.634239
2.571	0.631187
2.574	0.628128
2.577	0.625062
2.58	0.621989
2.583	0.618908
2.586	0.61582
2.589	0.612726
2.592	0.609624
2.595	0.606515
2.598	0.603399
2.601	0.600276
2.604	0.597147
2.607	0.594011
2.61	0.590868
2.613	0.587718
2.616	0.584561
2.619	0.581398
2.622	0.578229
2.625	0.575053
2.628	0.57187
2.631	0.568681
2.634	0.565486
2.637	0.562284
2.64	0.559076
2.643	0.555862
2.646	0.552641
2.649	0.549415
2.652	0.546182
2.655	0.542943
2.658	0.539698
2.661	0.536448
2.664	0.533191
2.667	0.529928
2.67	0.52666
2.673	0.523386
2.676	0.520106
2.679	0.51682
2.682	0.513529
2.685	0.510232
2.688	0.50693
2.691	0.503622
2.694	0.500309
2.697	0.49699
2.7	0.493666
2.703	0.490336
2.706	0.487001
2.709	0.483661
2.712	0.480316
2.715	0.476966
2.718	0.47361
2.721	0.47025
2.724	0.466884
2.727	0.463514
2.73	0.460138
2.733	0.456758
2.736	0.453373
2.739	0.449983
2.742	0.446588
2.745	0.443189
2.748	0.439785
2.751	0.436376
2.754	0.432963
2.757	0.429545
2.76	0.426123
2.763	0.422696
2.766	0.419265
2.769	0.41583
2.772	0.41239
2.775	0.408946
2.778	0.405498
2.781	0.402045
2.784	0.398589
2.787	0.395128
2.79	0.391664
2.793	0.388195
2.796	0.384723
2.799	0.381246
2.802	0.377766
2.805	0.374282
2.808	0.370794
2.811	0.367302
2.814	0.363807
2.817	0.360308
2.82	0.356805
2.823	0.353299
2.826	0.349789
2.829	0.346276
2.832	0.34276
2.835	0.33924
2.838	0.335717
2.841	0.33219
2.844	0.32866
2.847	0.325127
2.85	0.321591
2.853	0.318052
2.856	0.314509
2.859	0.310964
2.862	0.307415
2.865	0.303864
2.868	0.30031
2.871	0.296752
2.874	0.293192
2.877	0.28963
2.88	0.286064
2.883	0.282496
2.886	0.278925
2.889	0.275352
2.892	0.271775
2.895	0.268197
2.898	0.264616
2.901	0.261032
2.904	0.257446
2.907	0.253858
2.91	0.250268
2.913	0.246675
2.916	0.24308
2.919	0.239482
2.922	0.235883
2.925	0.232281
2.928	0.228678
2.931	0.225072
2.934	0.221465
2.937	0.217855
2.94	0.214244
2.943	0.21063
2.946	0.207015
2.949	0.203398
2.952	0.19978
2.955	0.19616
2.958	0.192538
2.961	0.188914
2.964	0.185289
2.967	0.181663
2.97	0.178035
2.973	0.174405
2.976	0.170774
2.979	0.167142
2.982	0.163509
2.985	0.159874
2.988	0.156238
2.991	0.152601
2.994	0.148962
2.997	0.145323
3	0.141683
3.003	0.138041
3.006	0.134399
3.009	0.130755
3.012	0.127111
3.015	0.123466
3.018	0.11982
3.021	0.116173
3.024	0.112526
3.027	0.108878
3.03	0.105229
3.033	0.10158
3.036	0.0979296
3.039	0.0942792
3.042	0.0906283
3.045	0.086977
3.048	0.0833253
3.051	0.0796732
3.054	0.0760209
3.057	0.0723682
3.06	0.0687153
3.063	0.0650623
3.066	0.0614091
3.069	0.0577558
3.072	0.0541025
3.075	0.0504491
3.078	0.0467957
3.081	0.0431425
3.084	0.0394893
3.087	0.0358363
3.09	0.0321834
3.093	0.0285308
3.096	0.0248785
3.099	0.0212265
3.102	0.0175748
3.105	0.0139236
3.108	0.0102727
3.111	0.00662238
3.114	0.00297256
3.117	-0.000676702
3.12	-0.00432536
3.123	-0.00797336
3.126	-0.0116207
3.129	-0.0152673
3.132	-0.0189131
3.135	-0.0225581
3.138	-0.0262022
3.141	-0.0298455
3.144	-0.0334878
3.147	-0.0371291
3.15	-0.0407694
3.153	-0.0444087
3.156	-0.0480468
3.159	-0.0516838
3.162	-0.0553196
3.165	-0.0589542
3.168	-0.0625875
3.171	-0.0662195
3.174	-0.0698501
3.177	-0.0734794
3.18	-0.0771072
3.183	-0.0807335
3.186	-0.0843583
3.189	-0.0879815
3.192	-0.0916031
3.195	-0.095223
3.198	-0.0988413
3.201	-0.102458
3.204	-0.106073
3.207	-0.109686
3.21	-0.113297
3.213	-0.116906
3.216	-0.120513
3.219	-0.124118
3.222	-0.127721
3.225	-0.131323
3.228	-0.134922
3.231	-0.138519
3.234	-0.142113
3.237	-0.145706
3.24	-0.149296
3.243	-0.152884
3.246	-0.156469
3.249	-0.160052
3.252	-0.163633
3.255	-0.167211
3.258	-0.170786
3.261	-0.174359
3.264	-0.17793
3.267	-0.181497
3.27	-0.185062
3.273	-0.188624
3.276	-0.192184
3.279	-0.19574
3.282	-0.199294
3.285	-0.202845
3.288	-0.206393
3.291	-0.209938
3.294	-0.213479
3.297	-0.217018
3.3	-0.220553
3.303	-0.224086
3.306	-0.227615
3.309	-0.231141
3.312	-0.234663
3.315	-0.238182
3.318	-0.241698
3.321	-0.24521
3.324	-0.248719
3.327	-0.252225
3.33	-0.255726
3.333	-0.259224
3.336	-0.262719
3.339	-0.26621
3.342	-0.269697
3.345	-0.27318
3.348	-0.276659
3.351	-0.280135
3.354	-0.283606
3.357	-0.287074
3.36	-0.290537
3.363	-0.293997
3.366	-0.297453
3.369	-0.300904
3.372	-0.304351
3.375	-0.307794
3.378	-0.311233
3.381	-0.314667
3.384	-0.318097
3.387	-0.321522
3.39	-0.324944
3.393	-0.32836
3.396	-0.331772
3.399	-0.33518
3.402	-0.338583
3.405	-0.341981
3.408	-0.345374
3.411	-0.348763
3.414	-0.352147
3.417	-0.355526
3.42	-0.3589
3.423	-0.36227
3.426	-0.365634
3.429	-0.368993
3.432	-0.372347
3.435	-0.375696
3.438	-0.37904
3.441	-0.382379
3.444	-0.385713
3.447	-0.389041
3.45	-0.392364
3.453	-0.395681
3.456	-0.398993
3.459	-0.4023
3.462	-0.405601
3.465	-0.408897
3.468	-0.412186
3.471	-0.415471
3.474	-0.418749
3.477	-0.422022
3.48	-0.425289
3.483	-0.42855
3.486	-0.431806
3.489	-0.435055
3.492	-0.438299
3.495	-0.441536
3.498	-0.444768
3.501	-0.447993
3.504	-0.451212
3.507	-0.454425
3.51	-0.457632
3.513	-0.460833
3.516	-0.464027
3.519	-0.467215
3.522	-0.470396
3.525	-0.473571
3.528	-0.47674
3.531	-0.479902
3.534	-0.483057
3.537	-0.486206
3.54	-0.489348
3.543	-0.492483
3.546	-0.495612
3.549	-0.498733
3.552	-0.501848
3.555	-0.504956
3.558	-0.508057
3.561	-0.511151
3.564	-0.514238
3.567	-0.517318
3.57	-0.520391
3.573	-0.523457
3.576	-0.526515
3.579	-0.529567
3.582	-0.53261
3.585	-0.535647
3.588	-0.538676
3.591	-0.541698
3.594	-0.544712
3.597	-0.547719
3.6	-0.550718
3.603	-0.55371
3.606	-0.556694
3.609	-0.55967
3.612	-0.562638
3.615	-0.565599
3.618	-0.568552
3.621	-0.571497
3.624	-0.574434
3.627	-0.577363
3.63	-0.580284
3.633	-0.583197
3.636	-0.586102
3.639	-0.588999
3.642	-0.591887
3.645	-0.594768
3.648	-0.59764
3.651	-0.600503
3.654	-0.603359
3.657	-0.606206
3.66	-0.609045
3.663	-0.611875
3.666	-0.614696
3.669	-0.617509
3.672	-0.620314
3.675	-0.623109
3.678	-0.625896
3.681	-0.628675
3.684	-0.631444
3.687	-0.634205
3.69	-0.636957
3.693	-0.6397
3.696	-0.642434
3.699	-0.645159
3.702	-0.647875
3.705	-0.650581
3.708	-0.653279
3.711	-0.655968
3.714	-0.658647
3.717	-0.661317
3.72	-0.663978
3.723	-0.666629
3.726	-0.669272
3.729	-0.671904
3.732	-0.674528
3.735	-0.677141
3.738	-0.679746
3.741	-0.68234
3.744	-0.684925
3.747	-0.687501
3.75	-0.690066
3.753	-0.692622
3.756	-0.695168
3.759	-0.697705
3.762	-0.700231
3.765	-0.702748
3.768	-0.705255
3.771	-0.707751
3.774	-0.710238
3.777	-0.712715
3.78	-0.715181
3.783	-0.717638
3.786	-0.720084
3.789	-0.72252
3.792	-0.724946
3.795	-0.727362
3.798	-0.729767
3.801	-0.732162
3.804	-0.734546
3.807	-0.73692
3.81	-0.739284
3.813	-0.741637
3.816	-0.74398
3.819	-0.746312
3.822	-0.748633
3.825	-0.750944
3.828	-0.753244
3.831	-0.755533
3.834	-0.757812
3.837	-0.76008
3.84	-0.762337
3.843	-0.764583
3.846	-0.766818
3.849	-0.769042
3.852	-0.771256
3.855	-0.773458
3.858	-0.775649
3.861	-0.777829
3.864	-0.779999
3.867	-0.782157
3.87	-0.784303
3.873	-0.786439
3.876	-0.788564
3.879	-0.790677
3.882	-0.792779
3.885	-0.794869
3.888	-0.796948
3.891	-0.799016
3.894	-0.801073
3.897	-0.803118
3.9	-0.805151
3.903	-0.807173
3.906	-0.809183
3.909	-0.811182
3.912	-0.81317
3.915	-0.815145
3.918	-0.817109
3.921	-0.819062
3.924	-0.821002
3.927	-0.822931
3.93	-0.824848
3.933	-0.826753
3.936	-0.828647
3.939	-0.830528
3.942	-0.832398
3.945	-0.834256
3.948	-0.836102
3.951	-0.837936
3.954	-0.839758
3.957	-0.841568
3.96	-0.843366
3.963	-0.845152
3.966	-0.846926
3.969	-0.848687
3.972	-0.850437
3.975	-0.852174
3.978	-0.853899
3.981	-0.855613
3.984	-0.857313
3.987	-0.859002
3.99	-0.860678
3.993	-0.862342
3.996	-0.863994
3.999	-0.865634
4.002	-0.867261
4.005	-0.868875
4.008	-0.870478
4.011	-0.872068
4.014	-0.873645
4.017	-0.87521
4.02	-0.876763
4.023	-0.878303
4.026	-0.87983
4.029	-0.881345
4.032	-0.882848
4.035	-0.884338
4.038	-0.885815
4.041	-0.88728
4.044	-0.888732
4.047	-0.890172
4.05	-0.891599
4.053	-0.893013
4.056	-0.894415
4.059	-0.895804
4.062	-0.89718
4.065	-0.898544
4.068	-0.899895
4.071	-0.901233
4.074	-0.902559
4.077	-0.903871
4.08	-0.905171
4.083	-0.906458
4.086	-0.907733
4.089	-0.908994
4.092	-0.910243
4.095	-0.911479
4.098	-0.912702
4.101	-0.913912
4.104	-0.91511
4.107	-0.916294
4.11	-0.917466
4.113	-0.918625
4.116	-0.919771
4.119	-0.920904
4.122	-0.922025
4.125	-0.923132
4.128	-0.924226
4.131	-0.925308
4.134	-0.926377
4.137	-0.927432
4.14	-0.928475
4.143	-0.929505
4.146	-0.930522
4.149	-0.931526
4.152	-0.932517
4.155	-0.933495
4.158	-0.934461
4.161	-0.935413
4.164	-0.936352
4.167	-0.937279
4.17	-0.938192
4.173	-0.939093
4.176	-0.939981
4.179	-0.940856
4.182	-0.941717
4.185	-0.942566
4.188	-0.943402
4.191	-0.944225
4.194	-0.945035
4.197	-0.945833
4.2	-0.946617
4.203	-0.947388
4.206	-0.948147
4.209	-0.948893
4.212	-0.949625
4.215	-0.950345
4.218	-0.951052
4.221	-0.951746
4.224	-0.952427
4.227	-0.953096
4.23	-0.953751
4.233	-0.954394
4.236	-0.955024
4.239	-0.955641
4.242	-0.956245
4.245	-0.956836
4.248	-0.957415
4.251	-0.957981
4.254	-0.958534
4.257	-0.959074
4.26	-0.959602
4.263	-0.960116
4.266	-0.960618
4.269	-0.961108
4.272	-0.961584
4.275	-0.962048
4.278	-0.9625
4.281	-0.962938
4.284	-0.963364
4.287	-0.963778
4.29	-0.964179
4.293	-0.964567
4.296	-0.964942
4.299	-0.965305
4.302	-0.965656
4.305	-0.965994
4.308	-0.966319
4.311	-0.966632
4.314	-0.966933
4.317	-0.967221
4.32	-0.967497
4.323	-0.96776
4.326	-0.968011
4.329	-0.968249
4.332	-0.968475
4.335	-0.968689
4.338	-0.968891
4.341	-0.96908
4.344	-0.969257
4.347	-0.969422
4.35	-0.969574
4.353	-0.969715
4.356	-0.969843
4.359	-0.969959
4.362	-0.970063
4.365	-0.970154
4.368	-0.970234
4.371	-0.970302
4.374	-0.970358
4.377	-0.970401
4.38	-0.970433
4.383	-0.970453
4.386	-0.970461
4.389	-0.970457
4.392	-0.970441
4.395	-0.970413
4.398	-0.970374
4.401	-0.970323
4.404	-0.97026
4.407	-0.970185
4.41	-0.970099
4.413	-0.970001
4.416	-0.969892
4.419	-0.96977
4.422	-0.969638
4.425	-0.969494
4.428	-0.969338
4.431	-0.969171
4.434	-0.968992
4.437	-0.968802
4.44	-0.968601
4.443	-0.968388
4.446	-0.968164
4.449	-0.967929
4.452	-0.967683
4.455	-0.967425
4.458	-0.967157
4.461	-0.966877
4.464	-0.966586
4.467	-0.966284
4.47	-0.965971
4.473	-0.965647
4.476	-0.965312
4.479	-0.964967
4.482	-0.96461
4.485	-0.964243
4.488	-0.963865
4.491	-0.963476
4.494	-0.963076
4.497	-0.962666
4.5	-0.962245
4.503	-0.961813
4.506	-0.961371
4.509	-0.960919
4.512	-0.960456
4.515	-0.959982
4.518	-0.959499
4.521	-0.959004
4.524	-0.9585
4.527	-0.957985
4.53	-0.95746
4.533	-0.956925
4.536	-0.95638
4.539	-0.955825
4.542	-0.955259
4.545	-0.954684
4.548	-0.954098
4.551	-0.953503
4.554	-0.952898
4.557	-0.952283
4.56	-0.951658
4.563	-0.951023
4.566	-0.950379
4.569	-0.949725
4.572	-0.949061
4.575	-0.948388
4.578	-0.947706
4.581	-0.947013
4.584	-0.946312
4.587	-0.945601
4.59	-0.94488
4.593	-0.944151
4.596	-0.943412
4.599	-0.942664
4.602	-0.941906
4.605	-0.94114
4.608	-0.940365
4.611	-0.93958
4.614	-0.938787
4.617	-0.937984
4.62	-0.937173
4.623	-0.936353
4.626	-0.935524
4.629	-0.934686
4.632	-0.93384
4.635	-0.932985
4.638	-0.932121
4.641	-0.931249
4.644	-0.930368
4.647	-0.929479
4.65	-0.928581
4.653	-0.927675
4.656	-0.926761
4.659	-0.925839
4.662	-0.924908
4.665	-0.923969
4.668	-0.923022
4.671	-0.922067
4.674	-0.921104
4.677	-0.920133
4.68	-0.919154
4.683	-0.918167
4.686	-0.917172
4.689	-0.91617
4.692	-0.915159
4.695	-0.914142
4.698	-0.913116
4.701	-0.912083
4.704	-0.911042
4.707	-0.909994
4.71	-0.908939
4.713	-0.907876
4.716	-0.906806
4.719	-0.905728
4.722	-0.904643
4.725	-0.903551
4.728	-0.902452
4.731	-0.901346
4.734	-0.900233
4.737	-0.899113
4.74	-0.897986
4.743	-0.896852
4.746	-0.895711
4.749	-0.894564
4.752	-0.893409
4.755	-0.892249
4.758	-0.891081
4.761	-0.889907
4.764	-0.888726
4.767	-0.887539
4.77	-0.886345
4.773	-0.885146
4.776	-0.883939
4.779	-0.882727
4.782	-0.881508
4.785	-0.880283
4.788	-0.879052
4.791	-0.877815
4.794	-0.876572
4.797	-0.875323
4.8	-0.874068
4.803	-0.872807
4.806	-0.87154
4.809	-0.870267
4.812	-0.868989
4.815	-0.867705
4.818	-0.866416
4.821	-0.86512
4.824	-0.86382
4.827	-0.862514
4.83	-0.861202
4.833	-0.859885
4.836	-0.858563
4.839	-0.857235
4.842	-0.855903
4.845	-0.854565
4.848	-0.853222
4.851	-0.851874
4.854	-0.85052
4.857	-0.849162
4.86	-0.847799
4.863	-0.846431
4.866	-0.845058
4.869	-0.843681
4.872	-0.842299
4.875	-0.840912
4.878	-0.83952
4.881	-0.838124
4.884	-0.836723
4.887	-0.835318
4.89	-0.833908
4.893	-0.832494
4.896	-0.831075
4.899	-0.829653
4.902	-0.828226
4.905	-0.826794
4.908	-0.825359
4.911	-0.82392
4.914	-0.822476
4.917	-0.821028
4.92	-0.819577
4.923	-0.818121
4.926	-0.816662
4.929	-0.815199
4.932	-0.813732
4.935	-0.812261
4.938	-0.810787
4.941	-0.809309
4.944	-0.807827
4.947	-0.806342
4.95	-0.804853
4.953	-0.803361
4.956	-0.801866
4.959	-0.800367
4.962	-0.798864
4.965	-0.797359
4.968	-0.79585
4.971	-0.794338
4.974	-0.792823
4.977	-0.791305
4.98	-0.789784
4.983	-0.788259
4.986	-0.786732
4.989	-0.785202
4.992	-0.783669
4.995	-0.782133
4.998	-0.780595
5.001	-0.779053
5.004	-0.777509
5.007	-0.775962
5.01	-0.774413
5.013	-0.772861
5.016	-0.771307
5.019	-0.76975
5.022	-0.76819
5.025	-0.766628
5.028	-0.765064
5.031	-0.763498
5.034	-0.761929
5.037	-0.760358
5.04	-0.758785
5.043	-0.757209
5.046	-0.755632
5.049	-0.754052
5.052	-0.752471
5.055	-0.750887
5.058	-0.749301
5.061	-0.747714
5.064	-0.746125
5.067	-0.744533
5.07	-0.74294
5.073	-0.741346
5.076	-0.739749
5.079	-0.738151
5.082	-0.736552
5.085	-0.73495
5.088	-0.733347
5.091	-0.731743
5.094	-0.730137
5.097	-0.72853
5.1	-0.726921
5.103	-0.725311
5.106	-0.723699
5.109	-0.722087
5.112	-0.720473
5.115	-0.718857
5.118	-0.717241
5.121	-0.715623
5.124	-0.714005
5.127	-0.712385
5.13	-0.710764
5.133	-0.709142
5.136	-0.70752
5.139	-0.705896
5.142	-0.704272
5.145	-0.702646
5.148	-0.70102
5.151	-0.699393
5.154	-0.697765
5.157	-0.696136
5.16	-0.694507
5.163	-0.692877
5.166	-0.691247
5.169	-0.689616
5.172	-0.687984
5.175	-0.686352
5.178	-0.684719
5.181	-0.683086
5.184	-0.681453
5.187	-0.679819
5.19	-0.678184
5.193	-0.67655
5.196	-0.674915
5.199	-0.67328
5.202	-0.671644
5.205	-0.670009
5.208	-0.668373
5.211	-0.666737
5.214	-0.665101
5.217	-0.663465
5.22	-0.661829
5.223	-0.660193
5.226	-0.658557
5.229	-0.65692
5.232	-0.655284
5.235	-0.653648
5.238	-0.652013
5.241	-0.650377
5.244	-0.648742
5.247	-0.647106
5.25	-0.645471
5.253	-0.643837
5.256	-0.642202
5.259	-0.640568
5.262	-0.638934
5.265	-0.637301
5.268	-0.635668
5.271	-0.634035
5.274	-0.632403
5.277	-0.630772
5.28	-0.629141
5.283	-0.62751
5.286	-0.62588
5.289	-0.624251
5.292	-0.622622
5.295	-0.620994
5.298	-0.619367
5.301	-0.61774
5.304	-0.616114
5.307	-0.614489
5.31	-0.612864
5.313	-0.611241
5.316	-0.609618
5.319	-0.607996
5.322	-0.606375
5.325	-0.604754
5.328	-0.603135
5.331	-0.601517
5.334	-0.599899
5.337	-0.598283
5.34	-0.596667
5.343	-0.595053
5.346	-0.593439
5.349	-0.591827
5.352	-0.590216
5.355	-0.588606
5.358	-0.586997
5.361	-0.585389
5.364	-0.583782
5.367	-0.582177
5.37	-0.580573
5.373	-0.57897
5.376	-0.577368
5.379	-0.575767
5.382	-0.574168
5.385	-0.572571
5.388	-0.570974
5.391	-0.569379
5.394	-0.567785
5.397	-0.566193
5.4	-0.564602
5.403	-0.563013
5.406	-0.561425
5.409	-0.559838
5.412	-0.558253
5.415	-0.55667
5.418	-0.555088
5.421	-0.553507
5.424	-0.551928
5.427	-0.550351
5.43	-0.548775
5.433	-0.547201
5.436	-0.545629
5.439	-0.544058
5.442	-0.542489
5.445	-0.540922
5.448	-0.539356
5.451	-0.537792
5.454	-0.53623
5.457	-0.53467
5.46	-0.533111
5.463	-0.531554
5.466	-0.529999
5.469	-0.528445
5.472	-0.526894
5.475	-0.525344
5.478	-0.523797
5.481	-0.522251
5.484	-0.520707
5.487	-0.519165
5.49	-0.517624
5.493	-0.516086
5.496	-0.51455
5.499	-0.513016
5.502	-0.511483
5.505	-0.509953
5.508	-0.508424
5.511	-0.506898
5.514	-0.505374
5.517	-0.503851
5.52	-0.502331
5.523	-0.500813
5.526	-0.499297
5.529	-0.497783
5.532	-0.496271
5.535	-0.494761
5.538	-0.493254
5.541	-0.491748
5.544	-0.490245
5.547	-0.488743
5.55	-0.487244
5.553	-0.485747
5.556	-0.484253
5.559	-0.48276
5.562	-0.48127
5.565	-0.479782
5.568	-0.478296
5.571	-0.476813
5.574	-0.475332
5.577	-0.473853
5.58	-0.472376
5.583	-0.470901
5.586	-0.469429
5.589	-0.467959
5.592	-0.466492
5.595	-0.465027
5.598	-0.463564
5.601	-0.462103
5.604	-0.460645
5.607	-0.459189
5.61	-0.457736
5.613	-0.456285
5.616	-0.454836
5.619	-0.45339
5.622	-0.451946
5.625	-0.450505
5.628	-0.449066
5.631	-0.447629
5.634	-0.446195
5.637	-0.444763
5.64	-0.443334
5.643	-0.441907
5.646	-0.440483
5.649	-0.439061
5.652	-0.437642
5.655	-0.436225
5.658	-0.434811
5.661	-0.433399
5.664	-0.431989
5.667	-0.430583
5.67	-0.429178
5.673	-0.427776
5.676	-0.426377
5.679	-0.42498
5.682	-0.423586
5.685	-0.422195
5.688	-0.420806
5.691	-0.419419
5.694	-0.418035
5.697	-0.416654
5.7	-0.415275
5.703	-0.413899
5.706	-0.412525
5.709	-0.411154
5.712	-0.409786
5.715	-0.40842
5.718	-0.407057
5.721	-0.405696
5.724	-0.404338
5.727	-0.402983
5.73	-0.40163
5.733	-0.40028
5.736	-0.398933
5.739	-0.397588
5.742	-0.396246
5.745	-0.394906
5.748	-0.393569
5.751	-0.392235
5.754	-0.390904
5.757	-0.389575
5.76	-0.388249
5.763	-0.386925
5.766	-0.385604
5.769	-0.384286
5.772	-0.38297
5.775	-0.381658
5.778	-0.380347
5.781	-0.37904
5.784	-0.377735
5.787	-0.376433
5.79	-0.375134
5.793	-0.373837
5.796	-0.372543
5.799	-0.371252
5.802	-0.369963
5.805	-0.368677
5.808	-0.367394
5.811	-0.366114
5.814	-0.364836
5.817	-0.363561
5.82	-0.362289
5.823	-0.361019
5.826	-0.359752
5.829	-0.358488
5.832	-0.357227
5.835	-0.355968
5.838	-0.354712
5.841	-0.353459
5.844	-0.352209
5.847	-0.350961
5.85	-0.349716
5.853	-0.348474
5.856	-0.347234
5.859	-0.345997
5.862	-0.344763
5.865	-0.343532
5.868	-0.342303
5.871	-0.341077
5.874	-0.339854
5.877	-0.338634
5.88	-0.337416
5.883	-0.336201
5.886	-0.334989
5.889	-0.333779
5.892	-0.332573
5.895	-0.331369
5.898	-0.330168
5.901	-0.328969
5.904	-0.327773
5.907	-0.32658
5.91	-0.32539
5.913	-0.324202
5.916	-0.323018
5.919	-0.321836
5.922	-0.320656
5.925	-0.31948
5.928	-0.318306
5.931	-0.317135
5.934	-0.315966
5.937	-0.314801
5.94	-0.313638
5.943	-0.312478
5.946	-0.31132
5.949	-0.310165
5.952	-0.309013
5.955	-0.307864
5.958	-0.306718
5.961	-0.305574
5.964	-0.304433
5.967	-0.303294
5.97	-0.302159
5.973	-0.301026
5.976	-0.299896
5.979	-0.298768
5.982	-0.297643
5.985	-0.296521
5.988	-0.295402
5.991	-0.294286
5.994	-0.293172
5.997	-0.29206
