 Location  Dispersion    Centroids   Volume
0.000293574   0.315816   0.00101044   1.00006
0.317322   0.315094   0.313195   0.999735
0.628947   0.315509   0.587219   1.00001
0.94708   0.315868   0.81435   1.0001
1.25959   0.315745   0.956643   1.00006
1.57803   0.31574   1.00382   1.00007
1.89059   0.315775   0.95515   1.00018
2.20952   0.315262   0.807165   0.999931
2.52685   0.315645   0.570929   0.999841
2.83771   0.316378   0.300053   1.00004
3.15613   0.315712   -0.0139519   1.00001
3.46552   0.313752   -0.329956   0.999254
3.81511   0.327915   -0.460196   1.01397
4.16674   0.269228   -0.764942   0.986027
4.41421   0.316602   -0.964155   1.00048
4.73402   0.315754   -1.0031   1.00007
5.04644   0.315754   -0.948024   1.00006
5.36455   0.315601   -0.798233   0.999997
5.67677   0.315748   -0.572241   1.00001
5.99419   0.315572   -0.286758   0.9999
