3.57737   5.36769   1.99704   2.75953   -1.19681   0.999999
-8.15217   2.40271   60.1094   0.346675   -1.54781   1
1.813   2.36385   2.782   0.332721   -1.32525   1
5.69655   2.37436   4.00253   0.354911   -1.36084   1
5.69189   5.46786   2.32913   3.54588   -0.891802   0.999999
5.49763   4.73717   0.23054   1.21858   -1.10504   1
2.18665   3.35056   0.370233   1.48342   -1.06963   1
1.83552   3.65594   0.452367   1.04779   -0.886323   1
4.01807   5.66352   1.62381   2.79924   -0.527256   1
5.79373   3.52688   0.474828   0.273239   -0.566611   1
2.68499   5.37096   2.6866   0.258753   -0.639846   1
2.39473   6.11267   0.340289   3.12318   -0.44784   1
2.51343   5.48944   3.54627   0.369293   -0.276411   1
1.37616   5.54545   2.59292   18.8472   -0.0078589   1
2.07421   2.06044   3.68881   3.28721   0.133688   1
3.94083   3.82004   4.85968   0.383023   0.467231   1
3.93985   1.68568   11.8083   3.81152   0.350124   1
0.968754   4.40388   0.393336   23.257   0.337868   1
5.28498   2.26741   15.0694   0.71283   0.478041   1
4.73445   4.69602   3.63495   4.3669   0.728914   1
3.67705   3.86746   7.49756   0.375757   0.931698   1
3.86891   5.9009   0.375002   14.607   1.01839   1
3.00883   3.87135   5.66028   0.374895   1.26357   1
0.634974   4.37005   2.35761   23.2748   0.917908   1
1.29196   1.34264   21.6906   0.355495   1.13875   1
