 x  	 F(x)  
0	0.0306441
0.003	0.0317942
0.006	0.0329748
0.009	0.0341866
0.012	0.0354302
0.015	0.0367061
0.018	0.0380149
0.021	0.0393573
0.024	0.0407338
0.027	0.042145
0.03	0.0435914
0.033	0.0450738
0.036	0.0465925
0.039	0.0481482
0.042	0.0497415
0.045	0.0513727
0.048	0.0530425
0.051	0.0547513
0.054	0.0564997
0.057	0.058288
0.06	0.0601167
0.063	0.0619862
0.066	0.063897
0.069	0.0658494
0.072	0.0678437
0.075	0.0698802
0.078	0.0719593
0.081	0.0740811
0.084	0.076246
0.087	0.078454
0.09	0.0807054
0.093	0.0830002
0.096	0.0853385
0.099	0.0877204
0.102	0.0901457
0.105	0.0926145
0.108	0.0951266
0.111	0.0976819
0.114	0.10028
0.117	0.102921
0.12	0.105605
0.123	0.10833
0.126	0.111097
0.129	0.113905
0.132	0.116754
0.135	0.119643
0.138	0.122572
0.141	0.125539
0.144	0.128544
0.147	0.131587
0.15	0.134666
0.153	0.13778
0.156	0.140929
0.159	0.144111
0.162	0.147325
0.165	0.150571
0.168	0.153848
0.171	0.157153
0.174	0.160485
0.177	0.163844
0.18	0.167228
0.183	0.170636
0.186	0.174066
0.189	0.177516
0.192	0.180986
0.195	0.184474
0.198	0.187977
0.201	0.191496
0.204	0.195027
0.207	0.19857
0.21	0.202122
0.213	0.205683
0.216	0.209251
0.219	0.212823
0.222	0.216398
0.225	0.219976
0.228	0.223553
0.231	0.227129
0.234	0.230701
0.237	0.234269
0.24	0.237831
0.243	0.241385
0.246	0.24493
0.249	0.248464
0.252	0.251986
0.255	0.255494
0.258	0.258988
0.261	0.262465
0.264	0.265925
0.267	0.269367
0.27	0.272789
0.273	0.27619
0.276	0.27957
0.279	0.282926
0.282	0.286259
0.285	0.289568
0.288	0.292851
0.291	0.296108
0.294	0.299338
0.297	0.302541
0.3	0.305716
0.303	0.308862
0.306	0.31198
0.309	0.315068
0.312	0.318127
0.315	0.321156
0.318	0.324156
0.321	0.327125
0.324	0.330064
0.327	0.332973
0.33	0.335852
0.333	0.338701
0.336	0.341521
0.339	0.34431
0.342	0.347071
0.345	0.349802
0.348	0.352505
0.351	0.35518
0.354	0.357827
0.357	0.360447
0.36	0.363041
0.363	0.365608
0.366	0.36815
0.369	0.370667
0.372	0.37316
0.375	0.375629
0.378	0.378076
0.381	0.380502
0.384	0.382906
0.387	0.38529
0.39	0.387655
0.393	0.390002
0.396	0.392331
0.399	0.394644
0.402	0.396941
0.405	0.399223
0.408	0.401492
0.411	0.403748
0.414	0.405992
0.417	0.408226
0.42	0.41045
0.423	0.412666
0.426	0.414873
0.429	0.417075
0.432	0.41927
0.435	0.421461
0.438	0.423649
0.441	0.425834
0.444	0.428017
0.447	0.4302
0.45	0.432383
0.453	0.434568
0.456	0.436755
0.459	0.438945
0.462	0.44114
0.465	0.44334
0.468	0.445546
0.471	0.44776
0.474	0.449981
0.477	0.452211
0.48	0.45445
0.483	0.4567
0.486	0.458961
0.489	0.461234
0.492	0.463519
0.495	0.465818
0.498	0.468131
0.501	0.470458
0.504	0.472801
0.507	0.475159
0.51	0.477534
0.513	0.479925
0.516	0.482333
0.519	0.48476
0.522	0.487204
0.525	0.489666
0.528	0.492147
0.531	0.494647
0.534	0.497166
0.537	0.499704
0.54	0.502261
0.543	0.504837
0.546	0.507433
0.549	0.510048
0.552	0.512682
0.555	0.515335
0.558	0.518007
0.561	0.520698
0.564	0.523407
0.567	0.526134
0.57	0.528879
0.573	0.53164
0.576	0.534419
0.579	0.537214
0.582	0.540024
0.585	0.542849
0.588	0.545689
0.591	0.548542
0.594	0.551408
0.597	0.554286
0.6	0.557176
0.603	0.560076
0.606	0.562986
0.609	0.565904
0.612	0.56883
0.615	0.571763
0.618	0.574702
0.621	0.577645
0.624	0.580592
0.627	0.583541
0.63	0.586492
0.633	0.589444
0.636	0.592395
0.639	0.595344
0.642	0.59829
0.645	0.601233
0.648	0.60417
0.651	0.607101
0.654	0.610024
0.657	0.612939
0.66	0.615845
0.663	0.61874
0.666	0.621624
0.669	0.624494
0.672	0.627351
0.675	0.630194
0.678	0.633021
0.681	0.635831
0.684	0.638623
0.687	0.641398
0.69	0.644153
0.693	0.646888
0.696	0.649602
0.699	0.652295
0.702	0.654965
0.705	0.657613
0.708	0.660237
0.711	0.662837
0.714	0.665412
0.717	0.667963
0.72	0.670487
0.723	0.672986
0.726	0.675459
0.729	0.677905
0.732	0.680324
0.735	0.682716
0.738	0.68508
0.741	0.687418
0.744	0.689727
0.747	0.69201
0.75	0.694264
0.753	0.696491
0.756	0.698691
0.759	0.700863
0.762	0.703008
0.765	0.705126
0.768	0.707217
0.771	0.709281
0.774	0.711319
0.777	0.713332
0.78	0.715318
0.783	0.71728
0.786	0.719216
0.789	0.721128
0.792	0.723017
0.795	0.724882
0.798	0.726724
0.801	0.728543
0.804	0.730341
0.807	0.732118
0.81	0.733873
0.813	0.735609
0.816	0.737326
0.819	0.739024
0.822	0.740704
0.825	0.742366
0.828	0.744012
0.831	0.745641
0.834	0.747255
0.837	0.748855
0.84	0.750441
0.843	0.752014
0.846	0.753574
0.849	0.755123
0.852	0.75666
0.855	0.758188
0.858	0.759706
0.861	0.761215
0.864	0.762716
0.867	0.76421
0.87	0.765697
0.873	0.767179
0.876	0.768655
0.879	0.770127
0.882	0.771596
0.885	0.773061
0.888	0.774524
0.891	0.775986
0.894	0.777446
0.897	0.778907
0.9	0.780367
0.903	0.781829
0.906	0.783292
0.909	0.784757
0.912	0.786225
0.915	0.787696
0.918	0.789171
0.921	0.790651
0.924	0.792135
0.927	0.793624
0.93	0.79512
0.933	0.796621
0.936	0.798129
0.939	0.799644
0.942	0.801167
0.945	0.802697
0.948	0.804235
0.951	0.805781
0.954	0.807336
0.957	0.808899
0.96	0.810472
0.963	0.812053
0.966	0.813643
0.969	0.815243
0.972	0.816852
0.975	0.818471
0.978	0.820099
0.981	0.821736
0.984	0.823382
0.987	0.825038
0.99	0.826702
0.993	0.828376
0.996	0.830058
0.999	0.831749
1.002	0.833447
1.005	0.835154
1.008	0.836868
1.011	0.83859
1.014	0.840318
1.017	0.842053
1.02	0.843794
1.023	0.845541
1.026	0.847292
1.029	0.849048
1.032	0.850808
1.035	0.852572
1.038	0.854339
1.041	0.856108
1.044	0.857878
1.047	0.85965
1.05	0.861422
1.053	0.863194
1.056	0.864966
1.059	0.866735
1.062	0.868503
1.065	0.870268
1.068	0.872029
1.071	0.873785
1.074	0.875537
1.077	0.877283
1.08	0.879023
1.083	0.880756
1.086	0.882481
1.089	0.884198
1.092	0.885905
1.095	0.887603
1.098	0.889291
1.101	0.890967
1.104	0.892632
1.107	0.894285
1.11	0.895925
1.113	0.897552
1.116	0.899165
1.119	0.900764
1.122	0.902348
1.125	0.903916
1.128	0.905469
1.131	0.907005
1.134	0.908525
1.137	0.910027
1.14	0.911513
1.143	0.91298
1.146	0.91443
1.149	0.915861
1.152	0.917274
1.155	0.918668
1.158	0.920043
1.161	0.921399
1.164	0.922736
1.167	0.924053
1.17	0.92535
1.173	0.926628
1.176	0.927886
1.179	0.929125
1.182	0.930344
1.185	0.931543
1.188	0.932722
1.191	0.933882
1.194	0.935022
1.197	0.936142
1.2	0.937243
1.203	0.938325
1.206	0.939388
1.209	0.940432
1.212	0.941457
1.215	0.942463
1.218	0.943451
1.221	0.944421
1.224	0.945373
1.227	0.946307
1.23	0.947224
1.233	0.948123
1.236	0.949006
1.239	0.949872
1.242	0.950721
1.245	0.951554
1.248	0.952372
1.251	0.953174
1.254	0.953961
1.257	0.954733
1.26	0.95549
1.263	0.956234
1.266	0.956963
1.269	0.957679
1.272	0.958381
1.275	0.959071
1.278	0.959748
1.281	0.960413
1.284	0.961066
1.287	0.961707
1.29	0.962337
1.293	0.962956
1.296	0.963565
1.299	0.964163
1.302	0.964752
1.305	0.965331
1.308	0.9659
1.311	0.966461
1.314	0.967012
1.317	0.967556
1.32	0.968091
1.323	0.968619
1.326	0.969139
1.329	0.969652
1.332	0.970158
1.335	0.970657
1.338	0.97115
1.341	0.971637
1.344	0.972119
1.347	0.972594
1.35	0.973065
1.353	0.97353
1.356	0.97399
1.359	0.974446
1.362	0.974897
1.365	0.975344
1.368	0.975787
1.371	0.976226
1.374	0.976662
1.377	0.977094
1.38	0.977523
1.383	0.977949
1.386	0.978372
1.389	0.978792
1.392	0.979209
1.395	0.979624
1.398	0.980037
1.401	0.980447
1.404	0.980855
1.407	0.98126
1.41	0.981664
1.413	0.982066
1.416	0.982466
1.419	0.982864
1.422	0.98326
1.425	0.983654
1.428	0.984047
1.431	0.984438
1.434	0.984827
1.437	0.985215
1.44	0.985601
1.443	0.985985
1.446	0.986367
1.449	0.986748
1.452	0.987127
1.455	0.987504
1.458	0.987879
1.461	0.988252
1.464	0.988623
1.467	0.988992
1.47	0.989359
1.473	0.989723
1.476	0.990085
1.479	0.990445
1.482	0.990802
1.485	0.991156
1.488	0.991507
1.491	0.991856
1.494	0.992201
1.497	0.992543
1.5	0.992882
1.503	0.993218
1.506	0.993549
1.509	0.993877
1.512	0.994201
1.515	0.994522
1.518	0.994837
1.521	0.995149
1.524	0.995456
1.527	0.995758
1.53	0.996056
1.533	0.996349
1.536	0.996636
1.539	0.996919
1.542	0.997196
1.545	0.997467
1.548	0.997733
1.551	0.997993
1.554	0.998246
1.557	0.998494
1.56	0.998735
1.563	0.99897
1.566	0.999199
1.569	0.99942
1.572	0.999635
1.575	0.999843
1.578	1.00004
1.581	1.00024
1.584	1.00042
1.587	1.0006
1.59	1.00077
1.593	1.00094
1.596	1.00109
1.599	1.00124
1.602	1.00138
1.605	1.00151
1.608	1.00163
1.611	1.00174
1.614	1.00185
1.617	1.00194
1.62	1.00203
1.623	1.00211
1.626	1.00218
1.629	1.00224
1.632	1.00229
1.635	1.00233
1.638	1.00236
1.641	1.00238
1.644	1.00239
1.647	1.00239
1.65	1.00239
1.653	1.00237
1.656	1.00234
1.659	1.0023
1.662	1.00225
1.665	1.00218
1.668	1.00211
1.671	1.00203
1.674	1.00193
1.677	1.00183
1.68	1.00171
1.683	1.00158
1.686	1.00144
1.689	1.00129
1.692	1.00112
1.695	1.00094
1.698	1.00075
1.701	1.00055
1.704	1.00033
1.707	1.0001
1.71	0.999862
1.713	0.999607
1.716	0.999339
1.719	0.999056
1.722	0.99876
1.725	0.99845
1.728	0.998126
1.731	0.997787
1.734	0.997434
1.737	0.997066
1.74	0.996683
1.743	0.996285
1.746	0.995871
1.749	0.995443
1.752	0.994998
1.755	0.994538
1.758	0.994062
1.761	0.99357
1.764	0.993062
1.767	0.992537
1.77	0.991996
1.773	0.991438
1.776	0.990863
1.779	0.990271
1.782	0.989662
1.785	0.989035
1.788	0.988392
1.791	0.987731
1.794	0.987052
1.797	0.986356
1.8	0.985643
1.803	0.984911
1.806	0.984162
1.809	0.983395
1.812	0.98261
1.815	0.981808
1.818	0.980988
1.821	0.98015
1.824	0.979294
1.827	0.978421
1.83	0.97753
1.833	0.976622
1.836	0.975696
1.839	0.974754
1.842	0.973794
1.845	0.972817
1.848	0.971824
1.851	0.970815
1.854	0.969789
1.857	0.968747
1.86	0.967689
1.863	0.966617
1.866	0.965529
1.869	0.964426
1.872	0.963309
1.875	0.962178
1.878	0.961034
1.881	0.959876
1.884	0.958705
1.887	0.957522
1.89	0.956327
1.893	0.955121
1.896	0.953903
1.899	0.952676
1.902	0.951438
1.905	0.950191
1.908	0.948934
1.911	0.94767
1.914	0.946398
1.917	0.945118
1.92	0.943831
1.923	0.942539
1.926	0.94124
1.929	0.939937
1.932	0.938629
1.935	0.937317
1.938	0.936002
1.941	0.934683
1.944	0.933362
1.947	0.93204
1.95	0.930716
1.953	0.929391
1.956	0.928066
1.959	0.926741
1.962	0.925417
1.965	0.924094
1.968	0.922772
1.971	0.921452
1.974	0.920134
1.977	0.918819
1.98	0.917507
1.983	0.916199
1.986	0.914894
1.989	0.913592
1.992	0.912295
1.995	0.911003
1.998	0.909715
2.001	0.908431
2.004	0.907153
2.007	0.905879
2.01	0.904611
2.013	0.903348
2.016	0.90209
2.019	0.900838
2.022	0.899591
2.025	0.898349
2.028	0.897112
2.031	0.89588
2.034	0.894653
2.037	0.893431
2.04	0.892213
2.043	0.891
2.046	0.889792
2.049	0.888587
2.052	0.887386
2.055	0.886188
2.058	0.884993
2.061	0.883802
2.064	0.882612
2.067	0.881425
2.07	0.880239
2.073	0.879054
2.076	0.877871
2.079	0.876687
2.082	0.875504
2.085	0.874319
2.088	0.873134
2.091	0.871947
2.094	0.870757
2.097	0.869565
2.1	0.86837
2.103	0.86717
2.106	0.865966
2.109	0.864757
2.112	0.863542
2.115	0.86232
2.118	0.861092
2.121	0.859856
2.124	0.858611
2.127	0.857357
2.13	0.856094
2.133	0.85482
2.136	0.853536
2.139	0.852239
2.142	0.85093
2.145	0.849608
2.148	0.848272
2.151	0.846921
2.154	0.845555
2.157	0.844173
2.16	0.842775
2.163	0.841359
2.166	0.839925
2.169	0.838472
2.172	0.837
2.175	0.835508
2.178	0.833995
2.181	0.83246
2.184	0.830904
2.187	0.829324
2.19	0.827721
2.193	0.826095
2.196	0.824443
2.199	0.822767
2.202	0.821064
2.205	0.819336
2.208	0.81758
2.211	0.815797
2.214	0.813986
2.217	0.812147
2.22	0.81028
2.223	0.808383
2.226	0.806456
2.229	0.8045
2.232	0.802514
2.235	0.800497
2.238	0.798449
2.241	0.796371
2.244	0.794261
2.247	0.79212
2.25	0.789948
2.253	0.787744
2.256	0.785509
2.259	0.783243
2.262	0.780945
2.265	0.778616
2.268	0.776257
2.271	0.773866
2.274	0.771445
2.277	0.768994
2.28	0.766512
2.283	0.764002
2.286	0.761462
2.289	0.758894
2.292	0.756299
2.295	0.753676
2.298	0.751026
2.301	0.74835
2.304	0.74565
2.307	0.742925
2.31	0.740177
2.313	0.737406
2.316	0.734613
2.319	0.7318
2.322	0.728967
2.325	0.726116
2.328	0.723248
2.331	0.720363
2.334	0.717463
2.337	0.714549
2.34	0.711623
2.343	0.708685
2.346	0.705736
2.349	0.702779
2.352	0.699815
2.355	0.696844
2.358	0.693868
2.361	0.690889
2.364	0.687908
2.367	0.684925
2.37	0.681943
2.373	0.678963
2.376	0.675985
2.379	0.673012
2.382	0.670045
2.385	0.667084
2.388	0.664132
2.391	0.661189
2.394	0.658256
2.397	0.655335
2.4	0.652426
2.403	0.649532
2.406	0.646652
2.409	0.643788
2.412	0.640941
2.415	0.638111
2.418	0.6353
2.421	0.632509
2.424	0.629737
2.427	0.626986
2.43	0.624257
2.433	0.621549
2.436	0.618864
2.439	0.616202
2.442	0.613563
2.445	0.610949
2.448	0.608358
2.451	0.605792
2.454	0.60325
2.457	0.600733
2.46	0.598241
2.463	0.595774
2.466	0.593332
2.469	0.590914
2.472	0.588521
2.475	0.586153
2.478	0.583809
2.481	0.581489
2.484	0.579193
2.487	0.57692
2.49	0.57467
2.493	0.572443
2.496	0.570238
2.499	0.568055
2.502	0.565892
2.505	0.56375
2.508	0.561628
2.511	0.559525
2.514	0.557441
2.517	0.555374
2.52	0.553324
2.523	0.551291
2.526	0.549273
2.529	0.54727
2.532	0.545281
2.535	0.543304
2.538	0.54134
2.541	0.539387
2.544	0.537445
2.547	0.535512
2.55	0.533587
2.553	0.53167
2.556	0.52976
2.559	0.527856
2.562	0.525956
2.565	0.52406
2.568	0.522167
2.571	0.520276
2.574	0.518385
2.577	0.516495
2.58	0.514603
2.583	0.51271
2.586	0.510814
2.589	0.508913
2.592	0.507008
2.595	0.505098
2.598	0.50318
2.601	0.501255
2.604	0.499322
2.607	0.497379
2.61	0.495426
2.613	0.493462
2.616	0.491486
2.619	0.489497
2.622	0.487495
2.625	0.485478
2.628	0.483447
2.631	0.481399
2.634	0.479335
2.637	0.477254
2.64	0.475154
2.643	0.473037
2.646	0.4709
2.649	0.468744
2.652	0.466567
2.655	0.464369
2.658	0.462151
2.661	0.459911
2.664	0.457648
2.667	0.455364
2.67	0.453056
2.673	0.450726
2.676	0.448372
2.679	0.445995
2.682	0.443594
2.685	0.441169
2.688	0.43872
2.691	0.436248
2.694	0.433752
2.697	0.431231
2.7	0.428687
2.703	0.42612
2.706	0.423529
2.709	0.420915
2.712	0.418277
2.715	0.415618
2.718	0.412936
2.721	0.410232
2.724	0.407507
2.727	0.404761
2.73	0.401995
2.733	0.399209
2.736	0.396404
2.739	0.39358
2.742	0.390739
2.745	0.387881
2.748	0.385007
2.751	0.382117
2.754	0.379213
2.757	0.376296
2.76	0.373366
2.763	0.370424
2.766	0.367471
2.769	0.364509
2.772	0.361538
2.775	0.358559
2.778	0.355573
2.781	0.352582
2.784	0.349587
2.787	0.346588
2.79	0.343587
2.793	0.340585
2.796	0.337583
2.799	0.334581
2.802	0.331582
2.805	0.328586
2.808	0.325594
2.811	0.322608
2.814	0.319628
2.817	0.316656
2.82	0.313691
2.823	0.310737
2.826	0.307792
2.829	0.304859
2.832	0.301938
2.835	0.299031
2.838	0.296137
2.841	0.293258
2.844	0.290394
2.847	0.287547
2.85	0.284716
2.853	0.281903
2.856	0.279108
2.859	0.276331
2.862	0.273574
2.865	0.270837
2.868	0.268119
2.871	0.265421
2.874	0.262745
2.877	0.260089
2.88	0.257454
2.883	0.25484
2.886	0.252248
2.889	0.249677
2.892	0.247127
2.895	0.244599
2.898	0.242091
2.901	0.239605
2.904	0.23714
2.907	0.234695
2.91	0.23227
2.913	0.229864
2.916	0.227479
2.919	0.225112
2.922	0.222763
2.925	0.220433
2.928	0.218119
2.931	0.215822
2.934	0.213541
2.937	0.211275
2.94	0.209024
2.943	0.206786
2.946	0.204561
2.949	0.202347
2.952	0.200144
2.955	0.197952
2.958	0.195768
2.961	0.193591
2.964	0.191422
2.967	0.189258
2.97	0.187099
2.973	0.184943
2.976	0.182789
2.979	0.180636
2.982	0.178483
2.985	0.176328
2.988	0.17417
2.991	0.172008
2.994	0.169841
2.997	0.167667
3	0.165484
3.003	0.163292
3.006	0.161089
3.009	0.158873
3.012	0.156644
3.015	0.154399
3.018	0.152138
3.021	0.149859
3.024	0.14756
3.027	0.14524
3.03	0.142897
3.033	0.140531
3.036	0.13814
3.039	0.135721
3.042	0.133275
3.045	0.130799
3.048	0.128293
3.051	0.125754
3.054	0.123181
3.057	0.120573
3.06	0.11793
3.063	0.115248
3.066	0.112528
3.069	0.109768
3.072	0.106967
3.075	0.104124
3.078	0.101237
3.081	0.0983061
3.084	0.0953296
3.087	0.0923068
3.09	0.0892368
3.093	0.0861188
3.096	0.0829519
3.099	0.0797356
3.102	0.0764692
3.105	0.073152
3.108	0.0697838
3.111	0.0663639
3.114	0.0628922
3.117	0.0593683
3.12	0.0557921
3.123	0.0521636
3.126	0.0484827
3.129	0.0447496
3.132	0.0409645
3.135	0.0371277
3.138	0.0332396
3.141	0.0293007
3.144	0.0253117
3.147	0.0212731
3.15	0.0171859
3.153	0.013051
3.156	0.0088693
3.159	0.004642
3.162	0.000370295
3.165	-0.00394449
3.168	-0.00830096
3.171	-0.0126976
3.174	-0.0171328
3.177	-0.0216048
3.18	-0.0261119
3.183	-0.0306523
3.186	-0.0352239
3.189	-0.0398247
3.192	-0.0444527
3.195	-0.0491056
3.198	-0.0537813
3.201	-0.0584774
3.204	-0.0631917
3.207	-0.0679216
3.21	-0.0726648
3.213	-0.0774188
3.216	-0.0821811
3.219	-0.0869491
3.222	-0.0917204
3.225	-0.0964924
3.228	-0.101263
3.231	-0.106028
3.234	-0.110787
3.237	-0.115536
3.24	-0.120273
3.243	-0.124995
3.246	-0.129701
3.249	-0.134387
3.252	-0.139051
3.255	-0.143691
3.258	-0.148305
3.261	-0.15289
3.264	-0.157444
3.267	-0.161965
3.27	-0.166451
3.273	-0.1709
3.276	-0.175311
3.279	-0.17968
3.282	-0.184008
3.285	-0.188291
3.288	-0.192529
3.291	-0.196719
3.294	-0.200861
3.297	-0.204954
3.3	-0.208995
3.303	-0.212984
3.306	-0.21692
3.309	-0.220802
3.312	-0.224629
3.315	-0.2284
3.318	-0.232115
3.321	-0.235773
3.324	-0.239373
3.327	-0.242915
3.33	-0.246398
3.333	-0.249823
3.336	-0.253189
3.339	-0.256496
3.342	-0.259743
3.345	-0.262931
3.348	-0.26606
3.351	-0.26913
3.354	-0.272142
3.357	-0.275094
3.36	-0.277988
3.363	-0.280824
3.366	-0.283602
3.369	-0.286323
3.372	-0.288987
3.375	-0.291595
3.378	-0.294147
3.381	-0.296644
3.384	-0.299086
3.387	-0.301475
3.39	-0.30381
3.393	-0.306092
3.396	-0.308322
3.399	-0.310501
3.402	-0.31263
3.405	-0.314709
3.408	-0.316739
3.411	-0.318721
3.414	-0.320656
3.417	-0.322544
3.42	-0.324386
3.423	-0.326183
3.426	-0.327937
3.429	-0.329647
3.432	-0.331314
3.435	-0.33294
3.438	-0.334526
3.441	-0.336071
3.444	-0.337577
3.447	-0.339045
3.45	-0.340475
3.453	-0.341868
3.456	-0.343226
3.459	-0.344548
3.462	-0.345836
3.465	-0.347091
3.468	-0.348312
3.471	-0.349502
3.474	-0.35066
3.477	-0.351787
3.48	-0.352884
3.483	-0.353952
3.486	-0.354992
3.489	-0.356003
3.492	-0.356987
3.495	-0.357945
3.498	-0.358876
3.501	-0.359782
3.504	-0.360662
3.507	-0.361518
3.51	-0.362351
3.513	-0.363159
3.516	-0.363944
3.519	-0.364707
3.522	-0.365447
3.525	-0.366164
3.528	-0.36686
3.531	-0.367533
3.534	-0.368185
3.537	-0.368815
3.54	-0.369423
3.543	-0.370008
3.546	-0.370571
3.549	-0.371111
3.552	-0.371628
3.555	-0.37212
3.558	-0.372586
3.561	-0.373027
3.564	-0.373439
3.567	-0.373822
3.57	-0.374173
3.573	-0.374491
3.576	-0.374773
3.579	-0.375016
3.582	-0.375216
3.585	-0.375371
3.588	-0.375476
3.591	-0.375526
3.594	-0.375517
3.597	-0.375442
3.6	-0.375296
3.603	-0.375072
3.606	-0.374762
3.609	-0.374358
3.612	-0.373852
3.615	-0.373235
3.618	-0.372497
3.621	-0.371628
3.624	-0.370618
3.627	-0.369456
3.63	-0.368132
3.633	-0.366633
3.636	-0.364951
3.639	-0.363075
3.642	-0.360994
3.645	-0.358702
3.648	-0.35619
3.651	-0.353452
3.654	-0.350485
3.657	-0.347285
3.66	-0.343854
3.663	-0.340195
3.666	-0.336311
3.669	-0.332212
3.672	-0.327909
3.675	-0.323414
3.678	-0.318745
3.681	-0.31392
3.684	-0.308959
3.687	-0.303885
3.69	-0.298723
3.693	-0.293496
3.696	-0.288229
3.699	-0.282949
3.702	-0.277679
3.705	-0.272443
3.708	-0.267263
3.711	-0.26216
3.714	-0.257152
3.717	-0.252258
3.72	-0.24749
3.723	-0.242861
3.726	-0.238382
3.729	-0.234061
3.732	-0.229903
3.735	-0.225913
3.738	-0.222094
3.741	-0.218445
3.744	-0.214966
3.747	-0.211656
3.75	-0.208512
3.753	-0.205531
3.756	-0.202707
3.759	-0.200036
3.762	-0.197513
3.765	-0.195132
3.768	-0.192887
3.771	-0.190773
3.774	-0.188783
3.777	-0.186912
3.78	-0.185154
3.783	-0.183504
3.786	-0.181955
3.789	-0.180503
3.792	-0.179142
3.795	-0.177868
3.798	-0.176677
3.801	-0.175563
3.804	-0.174523
3.807	-0.173552
3.81	-0.172648
3.813	-0.171807
3.816	-0.171026
3.819	-0.170301
3.822	-0.169631
3.825	-0.169013
3.828	-0.168445
3.831	-0.167924
3.834	-0.16745
3.837	-0.16702
3.84	-0.166634
3.843	-0.16629
3.846	-0.165988
3.849	-0.165727
3.852	-0.165507
3.855	-0.165327
3.858	-0.165189
3.861	-0.165092
3.864	-0.165037
3.867	-0.165027
3.87	-0.165062
3.873	-0.165144
3.876	-0.165277
3.879	-0.165464
3.882	-0.165708
3.885	-0.166014
3.888	-0.166387
3.891	-0.166834
3.894	-0.167362
3.897	-0.167981
3.9	-0.1687
3.903	-0.169532
3.906	-0.170489
3.909	-0.17159
3.912	-0.172851
3.915	-0.174295
3.918	-0.175948
3.921	-0.177837
3.924	-0.179997
3.927	-0.182466
3.93	-0.185289
3.933	-0.188515
3.936	-0.192204
3.939	-0.196421
3.942	-0.20124
3.945	-0.206744
3.948	-0.213027
3.951	-0.220188
3.954	-0.228341
3.957	-0.237602
3.96	-0.248097
3.963	-0.259952
3.966	-0.273292
3.969	-0.288235
3.972	-0.304884
3.975	-0.323318
3.978	-0.343584
3.981	-0.365682
3.984	-0.38956
3.987	-0.415106
3.99	-0.442138
3.993	-0.470409
3.996	-0.499608
3.999	-0.529375
4.002	-0.559315
4.005	-0.589019
4.008	-0.618088
4.011	-0.646154
4.014	-0.672895
4.017	-0.698055
4.02	-0.721445
4.023	-0.742948
4.026	-0.762513
4.029	-0.780148
4.032	-0.795907
4.035	-0.809885
4.038	-0.8222
4.041	-0.832986
4.044	-0.842386
4.047	-0.850542
4.05	-0.857593
4.053	-0.863671
4.056	-0.868897
4.059	-0.873383
4.062	-0.877227
4.065	-0.880518
4.068	-0.883335
4.071	-0.885745
4.074	-0.887807
4.077	-0.889572
4.08	-0.891084
4.083	-0.892382
4.086	-0.893496
4.089	-0.894455
4.092	-0.895281
4.095	-0.895996
4.098	-0.896614
4.101	-0.897151
4.104	-0.89762
4.107	-0.898029
4.11	-0.898388
4.113	-0.898704
4.116	-0.898985
4.119	-0.899234
4.122	-0.899456
4.125	-0.899656
4.128	-0.899837
4.131	-0.900001
4.134	-0.900152
4.137	-0.90029
4.14	-0.900419
4.143	-0.900539
4.146	-0.900652
4.149	-0.90076
4.152	-0.900862
4.155	-0.900961
4.158	-0.901057
4.161	-0.90115
4.164	-0.901242
4.167	-0.901332
4.17	-0.901422
4.173	-0.901512
4.176	-0.901602
4.179	-0.901693
4.182	-0.901785
4.185	-0.901879
4.188	-0.901974
4.191	-0.902071
4.194	-0.902171
4.197	-0.902273
4.2	-0.902378
4.203	-0.902486
4.206	-0.902598
4.209	-0.902713
4.212	-0.902833
4.215	-0.902956
4.218	-0.903084
4.221	-0.903216
4.224	-0.903354
4.227	-0.903496
4.23	-0.903644
4.233	-0.903798
4.236	-0.903958
4.239	-0.904124
4.242	-0.904296
4.245	-0.904476
4.248	-0.904662
4.251	-0.904856
4.254	-0.905058
4.257	-0.905268
4.26	-0.905486
4.263	-0.905714
4.266	-0.90595
4.269	-0.906196
4.272	-0.906452
4.275	-0.906719
4.278	-0.906997
4.281	-0.907286
4.284	-0.907586
4.287	-0.907899
4.29	-0.908225
4.293	-0.908565
4.296	-0.908918
4.299	-0.909285
4.302	-0.909668
4.305	-0.910066
4.308	-0.91048
4.311	-0.910912
4.314	-0.91136
4.317	-0.911827
4.32	-0.912313
4.323	-0.912818
4.326	-0.913344
4.329	-0.91389
4.332	-0.914458
4.335	-0.915049
4.338	-0.915662
4.341	-0.9163
4.344	-0.916962
4.347	-0.917649
4.35	-0.918362
4.353	-0.919103
4.356	-0.91987
4.359	-0.920666
4.362	-0.921491
4.365	-0.922345
4.368	-0.923229
4.371	-0.924144
4.374	-0.925089
4.377	-0.926066
4.38	-0.927075
4.383	-0.928117
4.386	-0.92919
4.389	-0.930296
4.392	-0.931434
4.395	-0.932604
4.398	-0.933807
4.401	-0.935041
4.404	-0.936307
4.407	-0.937603
4.41	-0.938928
4.413	-0.940283
4.416	-0.941665
4.419	-0.943074
4.422	-0.944508
4.425	-0.945966
4.428	-0.947445
4.431	-0.948944
4.434	-0.950461
4.437	-0.951993
4.44	-0.953538
4.443	-0.955094
4.446	-0.956659
4.449	-0.958228
4.452	-0.9598
4.455	-0.961372
4.458	-0.962941
4.461	-0.964504
4.464	-0.966057
4.467	-0.967599
4.47	-0.969126
4.473	-0.970635
4.476	-0.972124
4.479	-0.97359
4.482	-0.975031
4.485	-0.976444
4.488	-0.977826
4.491	-0.979177
4.494	-0.980493
4.497	-0.981774
4.5	-0.983018
4.503	-0.984223
4.506	-0.985389
4.509	-0.986515
4.512	-0.987599
4.515	-0.988641
4.518	-0.989642
4.521	-0.990601
4.524	-0.991517
4.527	-0.992392
4.53	-0.993225
4.533	-0.994017
4.536	-0.994769
4.539	-0.995481
4.542	-0.996154
4.545	-0.99679
4.548	-0.997388
4.551	-0.99795
4.554	-0.998477
4.557	-0.998971
4.56	-0.999432
4.563	-0.999861
4.566	-1.00026
4.569	-1.00063
4.572	-1.00097
4.575	-1.00129
4.578	-1.00158
4.581	-1.00185
4.584	-1.00209
4.587	-1.00231
4.59	-1.00251
4.593	-1.00269
4.596	-1.00285
4.599	-1.00299
4.602	-1.00311
4.605	-1.00322
4.608	-1.00331
4.611	-1.00339
4.614	-1.00346
4.617	-1.00351
4.62	-1.00354
4.623	-1.00357
4.626	-1.00358
4.629	-1.00358
4.632	-1.00358
4.635	-1.00356
4.638	-1.00353
4.641	-1.00349
4.644	-1.00345
4.647	-1.00339
4.65	-1.00333
4.653	-1.00326
4.656	-1.00318
4.659	-1.0031
4.662	-1.003
4.665	-1.0029
4.668	-1.0028
4.671	-1.00268
4.674	-1.00256
4.677	-1.00243
4.68	-1.0023
4.683	-1.00216
4.686	-1.00202
4.689	-1.00186
4.692	-1.0017
4.695	-1.00154
4.698	-1.00137
4.701	-1.00119
4.704	-1.00101
4.707	-1.00082
4.71	-1.00062
4.713	-1.00042
4.716	-1.00021
4.719	-0.999997
4.722	-0.999775
4.725	-0.999548
4.728	-0.999314
4.731	-0.999073
4.734	-0.998826
4.737	-0.998571
4.74	-0.998311
4.743	-0.998043
4.746	-0.997768
4.749	-0.997487
4.752	-0.997198
4.755	-0.996902
4.758	-0.996599
4.761	-0.996288
4.764	-0.995971
4.767	-0.995645
4.77	-0.995312
4.773	-0.994972
4.776	-0.994624
4.779	-0.994268
4.782	-0.993904
4.785	-0.993533
4.788	-0.993154
4.791	-0.992766
4.794	-0.992371
4.797	-0.991967
4.8	-0.991556
4.803	-0.991137
4.806	-0.990709
4.809	-0.990273
4.812	-0.989829
4.815	-0.989377
4.818	-0.988917
4.821	-0.988449
4.824	-0.987972
4.827	-0.987488
4.83	-0.986996
4.833	-0.986495
4.836	-0.985987
4.839	-0.98547
4.842	-0.984946
4.845	-0.984415
4.848	-0.983875
4.851	-0.983328
4.854	-0.982774
4.857	-0.982213
4.86	-0.981644
4.863	-0.981068
4.866	-0.980485
4.869	-0.979895
4.872	-0.979299
4.875	-0.978697
4.878	-0.978088
4.881	-0.977473
4.884	-0.976852
4.887	-0.976225
4.89	-0.975593
4.893	-0.974955
4.896	-0.974312
4.899	-0.973665
4.902	-0.973012
4.905	-0.972355
4.908	-0.971694
4.911	-0.971029
4.914	-0.97036
4.917	-0.969687
4.92	-0.969011
4.923	-0.968332
4.926	-0.967649
4.929	-0.966964
4.932	-0.966277
4.935	-0.965587
4.938	-0.964895
4.941	-0.964201
4.944	-0.963506
4.947	-0.962809
4.95	-0.96211
4.953	-0.961411
4.956	-0.96071
4.959	-0.960009
4.962	-0.959307
4.965	-0.958605
4.968	-0.957902
4.971	-0.957199
4.974	-0.956496
4.977	-0.955793
4.98	-0.95509
4.983	-0.954387
4.986	-0.953684
4.989	-0.952982
4.992	-0.95228
4.995	-0.951578
4.998	-0.950877
5.001	-0.950176
5.004	-0.949475
5.007	-0.948775
5.01	-0.948075
5.013	-0.947375
5.016	-0.946675
5.019	-0.945975
5.022	-0.945275
5.025	-0.944576
5.028	-0.943875
5.031	-0.943175
5.034	-0.942473
5.037	-0.941771
5.04	-0.941068
5.043	-0.940364
5.046	-0.939659
5.049	-0.938952
5.052	-0.938243
5.055	-0.937532
5.058	-0.936819
5.061	-0.936103
5.064	-0.935384
5.067	-0.934662
5.07	-0.933937
5.073	-0.933207
5.076	-0.932474
5.079	-0.931736
5.082	-0.930993
5.085	-0.930245
5.088	-0.929491
5.091	-0.928732
5.094	-0.927966
5.097	-0.927193
5.1	-0.926413
5.103	-0.925626
5.106	-0.92483
5.109	-0.924026
5.112	-0.923214
5.115	-0.922392
5.118	-0.92156
5.121	-0.920718
5.124	-0.919866
5.127	-0.919002
5.13	-0.918127
5.133	-0.91724
5.136	-0.91634
5.139	-0.915428
5.142	-0.914502
5.145	-0.913562
5.148	-0.912607
5.151	-0.911639
5.154	-0.910654
5.157	-0.909654
5.16	-0.908638
5.163	-0.907605
5.166	-0.906555
5.169	-0.905488
5.172	-0.904402
5.175	-0.903298
5.178	-0.902176
5.181	-0.901034
5.184	-0.899872
5.187	-0.89869
5.19	-0.897488
5.193	-0.896265
5.196	-0.895021
5.199	-0.893755
5.202	-0.892467
5.205	-0.891157
5.208	-0.889825
5.211	-0.88847
5.214	-0.887091
5.217	-0.88569
5.22	-0.884265
5.223	-0.882816
5.226	-0.881343
5.229	-0.879846
5.232	-0.878325
5.235	-0.87678
5.238	-0.87521
5.241	-0.873615
5.244	-0.871997
5.247	-0.870353
5.25	-0.868686
5.253	-0.866994
5.256	-0.865277
5.259	-0.863537
5.262	-0.861772
5.265	-0.859984
5.268	-0.858172
5.271	-0.856337
5.274	-0.854479
5.277	-0.852598
5.28	-0.850694
5.283	-0.848769
5.286	-0.846822
5.289	-0.844854
5.292	-0.842866
5.295	-0.840857
5.298	-0.838829
5.301	-0.836782
5.304	-0.834716
5.307	-0.832633
5.31	-0.830533
5.313	-0.828417
5.316	-0.826285
5.319	-0.824138
5.322	-0.821977
5.325	-0.819803
5.328	-0.817616
5.331	-0.815418
5.334	-0.813209
5.337	-0.81099
5.34	-0.808762
5.343	-0.806526
5.346	-0.804283
5.349	-0.802033
5.352	-0.799778
5.355	-0.797519
5.358	-0.795256
5.361	-0.79299
5.364	-0.790722
5.367	-0.788453
5.37	-0.786185
5.373	-0.783917
5.376	-0.781651
5.379	-0.779387
5.382	-0.777127
5.385	-0.774871
5.388	-0.77262
5.391	-0.770375
5.394	-0.768136
5.397	-0.765904
5.4	-0.763681
5.403	-0.761465
5.406	-0.759259
5.409	-0.757063
5.412	-0.754877
5.415	-0.752702
5.418	-0.750538
5.421	-0.748386
5.424	-0.746246
5.427	-0.744118
5.43	-0.742004
5.433	-0.739902
5.436	-0.737814
5.439	-0.73574
5.442	-0.73368
5.445	-0.731633
5.448	-0.7296
5.451	-0.727582
5.454	-0.725578
5.457	-0.723587
5.46	-0.721611
5.463	-0.719649
5.466	-0.7177
5.469	-0.715766
5.472	-0.713844
5.475	-0.711936
5.478	-0.71004
5.481	-0.708157
5.484	-0.706286
5.487	-0.704427
5.49	-0.702579
5.493	-0.700743
5.496	-0.698916
5.499	-0.6971
5.502	-0.695293
5.505	-0.693494
5.508	-0.691704
5.511	-0.689922
5.514	-0.688146
5.517	-0.686377
5.52	-0.684613
5.523	-0.682855
5.526	-0.6811
5.529	-0.679349
5.532	-0.677601
5.535	-0.675854
5.538	-0.674109
5.541	-0.672363
5.544	-0.670618
5.547	-0.668871
5.55	-0.667121
5.553	-0.665369
5.556	-0.663613
5.559	-0.661852
5.562	-0.660086
5.565	-0.658313
5.568	-0.656532
5.571	-0.654744
5.574	-0.652946
5.577	-0.651139
5.58	-0.64932
5.583	-0.64749
5.586	-0.645647
5.589	-0.643791
5.592	-0.64192
5.595	-0.640035
5.598	-0.638133
5.601	-0.636215
5.604	-0.634279
5.607	-0.632324
5.61	-0.630351
5.613	-0.628357
5.616	-0.626343
5.619	-0.624308
5.622	-0.622251
5.625	-0.62017
5.628	-0.618067
5.631	-0.615939
5.634	-0.613787
5.637	-0.61161
5.64	-0.609407
5.643	-0.607178
5.646	-0.604923
5.649	-0.60264
5.652	-0.60033
5.655	-0.597992
5.658	-0.595626
5.661	-0.593232
5.664	-0.590809
5.667	-0.588358
5.67	-0.585878
5.673	-0.583369
5.676	-0.580831
5.679	-0.578264
5.682	-0.575668
5.685	-0.573044
5.688	-0.570391
5.691	-0.567709
5.694	-0.565
5.697	-0.562263
5.7	-0.559499
5.703	-0.556709
5.706	-0.553891
5.709	-0.551049
5.712	-0.548181
5.715	-0.545288
5.718	-0.542373
5.721	-0.539434
5.724	-0.536473
5.727	-0.533491
5.73	-0.530489
5.733	-0.527467
5.736	-0.524427
5.739	-0.521371
5.742	-0.518298
5.745	-0.51521
5.748	-0.512109
5.751	-0.508996
5.754	-0.505871
5.757	-0.502737
5.76	-0.499594
5.763	-0.496444
5.766	-0.493289
5.769	-0.490129
5.772	-0.486967
5.775	-0.483803
5.778	-0.480639
5.781	-0.477477
5.784	-0.474318
5.787	-0.471164
5.79	-0.468015
5.793	-0.464874
5.796	-0.461742
5.799	-0.45862
5.802	-0.45551
5.805	-0.452413
5.808	-0.449331
5.811	-0.446265
5.814	-0.443217
5.817	-0.440187
5.82	-0.437177
5.823	-0.434188
5.826	-0.431222
5.829	-0.428279
5.832	-0.425361
5.835	-0.42247
5.838	-0.419605
5.841	-0.416768
5.844	-0.41396
5.847	-0.411182
5.85	-0.408435
5.853	-0.405719
5.856	-0.403036
5.859	-0.400386
5.862	-0.39777
5.865	-0.395189
5.868	-0.392642
5.871	-0.390131
5.874	-0.387656
5.877	-0.385218
5.88	-0.382816
5.883	-0.380452
5.886	-0.378125
5.889	-0.375837
5.892	-0.373586
5.895	-0.371373
5.898	-0.369199
5.901	-0.367063
5.904	-0.364965
5.907	-0.362906
5.91	-0.360885
5.913	-0.358903
5.916	-0.356958
5.919	-0.355052
5.922	-0.353184
5.925	-0.351353
5.928	-0.34956
5.931	-0.347804
5.934	-0.346084
5.937	-0.344402
5.94	-0.342755
5.943	-0.341145
5.946	-0.33957
5.949	-0.33803
5.952	-0.336524
5.955	-0.335053
5.958	-0.333616
5.961	-0.332212
5.964	-0.330841
5.967	-0.329503
5.97	-0.328196
5.973	-0.326921
5.976	-0.325677
5.979	-0.324463
5.982	-0.323279
5.985	-0.322125
5.988	-0.320999
5.991	-0.319902
5.994	-0.318832
5.997	-0.31779
