 Location  Dispersion    Centroids   Volume
0.00348865   0.28429   -0.0089087   1.00115
0.429077   0.283353   0.420748   0.997636
0.847985   0.287514   0.76921   0.999842
1.2796   0.285265   0.975093   1.00112
1.71535   0.287506   1.01288   1.00228
2.14694   0.27667   0.866284   0.998399
2.57481   0.283951   0.525991   0.999988
3.02184   0.297219   0.147154   1.0071
3.42038   0.218049   -0.465886   0.994975
3.93   0.00145926   0.226358   0.99215
4.28796   0.145984   -0.865779   1.00432
4.70813   0.283277   -1.00816   1.00167
5.14323   0.286295   -0.931741   1.00046
5.56924   0.284516   -0.664595   0.999046
5.99391   0.28203   -0.281308   0.999867
