4.88333   4.43079   0.0290003   0.109619   -0.000979943   1
-20780.6   -54710.5   66418.8   460383   -2.19088   0.99736
-0.170307   0.207468   23.0924   2.46185   -21.5407   1.00035
4.93765   6.06818   0.130767   0.130767   5.01637   1
2.39777   4.76359   0.130767   0.130767   6.68882   1
1.94067   5.25481   0.130767   0.130767   8.36127   1
0.188368   0.188372   3.49358   3.49461   -27.966   1.00065
6.19776   2.13141   0.130767   0.130767   11.7062   1
-5.48499   10.3124   4.7782   1.295   13.443   0.999997
4.47137   5.35056   0.130762   0.130763   15.0511   1
1.81335   3.70343   0.173345   0.10781   16.6975   1
0.989528   2.82824   0.130767   0.130767   18.396   1
-12.3947   0.958605   4.04055   12.9818   18.2905   1
3.62324   0.378341   0.130767   0.130767   21.7409   1
4.46236   2.45508   0.130767   0.130767   23.4133   1
4.4968   4.11784   0.00268204   0.105286   25.0858   1
5.1752   3.3192   0.130767   0.130767   26.7582   1
2.94006   1.33845   0.130767   0.130767   28.4307   1
7.65777   43.7889   0.316202   55.1708   30.1152   1
1.03673   4.41387   0.130767   0.130767   31.7756   1
2.10067   3.28914   0.130767   0.130767   33.448   1
0.0798482   2.35171   0.130767   0.130767   35.1205   1
-1.26178   -24.1901   9.10338   7.67906   38.2884   0.999993
5.16127   0.792767   0.130767   0.130767   38.4654   1
5.9789   2.66293   0.130767   0.130767   40.1378   1
3.61061   5.21087   0.130767   0.130767   41.8103   1
3.63349   0.186635   0.130767   0.130767   43.4827   1
8.11358   -3.45517   0.423737   0.717312   45.0843   0.999999
6.32933   0.742945   0.130767   0.130767   46.8276   1
6.06827   6.06827   2.09842   2.09842   101.94   1.00087
0.712361   4.04979   0.130767   0.130767   50.1725   1
14.8038   7.62601   1.57539   15.5603   75.0071   1.00022
-1.52542   7.38428   1.51032   2.08674   53.9022   0.999999
3.04216   4.52901   0.130767   0.130767   55.1899   1
45.9302   50.8544   14.1976   7.68388   56.625   0.999993
3.7496   4.61954   0.13077   0.13077   58.5348   1
0.951483   6.25154   0.130767   0.130767   60.2072   1
3.02655   0.622118   0.562558   0.247673   61.8383   0.999999
3.36691   6.06461   0.130767   0.130767   63.5521   1
6.50708   6.46262   0.698106   13.4176   133.817   1.00266
-24.3901   13.6184   4.55429   0.983001   66.7675   0.999996
105.953   334.314   41.1243   3007.99   57.1315   0.999595
5.82419   3.13166   0.130767   0.130767   70.2419   1
4.85421   1.94881   0.130767   0.130767   71.9144   1
3.25485   4.40098   0.130767   0.130767   73.5868   1
2.62162   4.48682   0.130767   0.130767   75.2593   1
2.96805   5.44284   0.130767   0.130767   76.9317   1
1.04144   3.14138   0.130767   0.130767   78.6042   1
13.0327   13.2427   0.424608   0.846385   100.396   1.00067
10983.7   56781.2   18657.3   498679   75.8422   0.997641
