 x 	V[Y|X = x] 
0	0.517757
0.003	0.51894
0.006	0.520123
0.009	0.521304
0.012	0.522485
0.015	0.523665
0.018	0.524844
0.021	0.526021
0.024	0.527198
0.027	0.528374
0.03	0.529548
0.033	0.530721
0.036	0.531893
0.039	0.533063
0.042	0.534231
0.045	0.535399
0.048	0.536564
0.051	0.537728
0.054	0.53889
0.057	0.54005
0.06	0.541208
0.063	0.542365
0.066	0.543519
0.069	0.544671
0.072	0.545821
0.075	0.546969
0.078	0.548115
0.081	0.549258
0.084	0.550399
0.087	0.551538
0.09	0.552673
0.093	0.553807
0.096	0.554937
0.099	0.556065
0.102	0.557191
0.105	0.558313
0.108	0.559432
0.111	0.560549
0.114	0.561662
0.117	0.562773
0.12	0.56388
0.123	0.564984
0.126	0.566085
0.129	0.567182
0.132	0.568276
0.135	0.569367
0.138	0.570454
0.141	0.571538
0.144	0.572618
0.147	0.573694
0.15	0.574767
0.153	0.575836
0.156	0.576901
0.159	0.577962
0.162	0.579019
0.165	0.580072
0.168	0.581122
0.171	0.582167
0.174	0.583208
0.177	0.584244
0.18	0.585277
0.183	0.586305
0.186	0.587329
0.189	0.588348
0.192	0.589363
0.195	0.590373
0.198	0.591379
0.201	0.59238
0.204	0.593377
0.207	0.594369
0.21	0.595356
0.213	0.596338
0.216	0.597316
0.219	0.598288
0.222	0.599256
0.225	0.600219
0.228	0.601176
0.231	0.602129
0.234	0.603076
0.237	0.604018
0.24	0.604955
0.243	0.605887
0.246	0.606814
0.249	0.607735
0.252	0.608651
0.255	0.609561
0.258	0.610466
0.261	0.611366
0.264	0.61226
0.267	0.613148
0.27	0.614031
0.273	0.614908
0.276	0.61578
0.279	0.616645
0.282	0.617506
0.285	0.61836
0.288	0.619208
0.291	0.620051
0.294	0.620888
0.297	0.621719
0.3	0.622544
0.303	0.623363
0.306	0.624175
0.309	0.624982
0.312	0.625783
0.315	0.626578
0.318	0.627367
0.321	0.628149
0.324	0.628926
0.327	0.629696
0.33	0.63046
0.333	0.631217
0.336	0.631969
0.339	0.632714
0.342	0.633452
0.345	0.634185
0.348	0.634911
0.351	0.63563
0.354	0.636343
0.357	0.63705
0.36	0.63775
0.363	0.638444
0.366	0.639131
0.369	0.639812
0.372	0.640486
0.375	0.641154
0.378	0.641815
0.381	0.642469
0.384	0.643117
0.387	0.643758
0.39	0.644392
0.393	0.64502
0.396	0.645641
0.399	0.646255
0.402	0.646863
0.405	0.647463
0.408	0.648058
0.411	0.648645
0.414	0.649225
0.417	0.649799
0.42	0.650366
0.423	0.650926
0.426	0.651479
0.429	0.652025
0.432	0.652565
0.435	0.653097
0.438	0.653623
0.441	0.654142
0.444	0.654653
0.447	0.655158
0.45	0.655656
0.453	0.656147
0.456	0.656631
0.459	0.657109
0.462	0.657579
0.465	0.658042
0.468	0.658498
0.471	0.658947
0.474	0.659389
0.477	0.659824
0.48	0.660253
0.483	0.660674
0.486	0.661088
0.489	0.661495
0.492	0.661895
0.495	0.662288
0.498	0.662674
0.501	0.663053
0.504	0.663424
0.507	0.663789
0.51	0.664147
0.513	0.664497
0.516	0.664841
0.519	0.665177
0.522	0.665507
0.525	0.665829
0.528	0.666144
0.531	0.666452
0.534	0.666753
0.537	0.667047
0.54	0.667334
0.543	0.667614
0.546	0.667886
0.549	0.668152
0.552	0.66841
0.555	0.668661
0.558	0.668906
0.561	0.669143
0.564	0.669373
0.567	0.669595
0.57	0.669811
0.573	0.67002
0.576	0.670221
0.579	0.670416
0.582	0.670603
0.585	0.670783
0.588	0.670957
0.591	0.671123
0.594	0.671282
0.597	0.671433
0.6	0.671578
0.603	0.671716
0.606	0.671846
0.609	0.67197
0.612	0.672086
0.615	0.672195
0.618	0.672298
0.621	0.672393
0.624	0.672481
0.627	0.672562
0.63	0.672636
0.633	0.672703
0.636	0.672763
0.639	0.672815
0.642	0.672861
0.645	0.6729
0.648	0.672931
0.651	0.672956
0.654	0.672973
0.657	0.672984
0.66	0.672987
0.663	0.672984
0.666	0.672973
0.669	0.672955
0.672	0.672931
0.675	0.672899
0.678	0.672861
0.681	0.672815
0.684	0.672762
0.687	0.672703
0.69	0.672636
0.693	0.672563
0.696	0.672482
0.699	0.672395
0.702	0.6723
0.705	0.672199
0.708	0.672091
0.711	0.671976
0.714	0.671854
0.717	0.671725
0.72	0.671589
0.723	0.671446
0.726	0.671296
0.729	0.67114
0.732	0.670976
0.735	0.670806
0.738	0.670629
0.741	0.670445
0.744	0.670254
0.747	0.670056
0.75	0.669852
0.753	0.669641
0.756	0.669423
0.759	0.669198
0.762	0.668966
0.765	0.668728
0.768	0.668483
0.771	0.668231
0.774	0.667972
0.777	0.667707
0.78	0.667435
0.783	0.667156
0.786	0.666871
0.789	0.666579
0.792	0.66628
0.795	0.665975
0.798	0.665663
0.801	0.665345
0.804	0.66502
0.807	0.664688
0.81	0.66435
0.813	0.664005
0.816	0.663654
0.819	0.663296
0.822	0.662931
0.825	0.662561
0.828	0.662183
0.831	0.6618
0.834	0.661409
0.837	0.661013
0.84	0.66061
0.843	0.660201
0.846	0.659785
0.849	0.659363
0.852	0.658935
0.855	0.6585
0.858	0.658059
0.861	0.657612
0.864	0.657159
0.867	0.656699
0.87	0.656234
0.873	0.655762
0.876	0.655284
0.879	0.6548
0.882	0.65431
0.885	0.653813
0.888	0.653311
0.891	0.652803
0.894	0.652289
0.897	0.651768
0.9	0.651242
0.903	0.65071
0.906	0.650172
0.909	0.649629
0.912	0.649079
0.915	0.648524
0.918	0.647963
0.921	0.647396
0.924	0.646824
0.927	0.646246
0.93	0.645662
0.933	0.645073
0.936	0.644479
0.939	0.643878
0.942	0.643273
0.945	0.642661
0.948	0.642045
0.951	0.641423
0.954	0.640796
0.957	0.640164
0.96	0.639526
0.963	0.638883
0.966	0.638235
0.969	0.637582
0.972	0.636924
0.975	0.636261
0.978	0.635592
0.981	0.634919
0.984	0.634241
0.987	0.633558
0.99	0.632871
0.993	0.632178
0.996	0.631481
0.999	0.63078
1.002	0.630073
1.005	0.629363
1.008	0.628647
1.011	0.627927
1.014	0.627203
1.017	0.626475
1.02	0.625742
1.023	0.625005
1.026	0.624264
1.029	0.623519
1.032	0.622769
1.035	0.622016
1.038	0.621259
1.041	0.620498
1.044	0.619733
1.047	0.618964
1.05	0.618192
1.053	0.617416
1.056	0.616636
1.059	0.615853
1.062	0.615067
1.065	0.614277
1.068	0.613484
1.071	0.612687
1.074	0.611888
1.077	0.611085
1.08	0.61028
1.083	0.609471
1.086	0.60866
1.089	0.607845
1.092	0.607028
1.095	0.606209
1.098	0.605387
1.101	0.604562
1.104	0.603735
1.107	0.602905
1.11	0.602073
1.113	0.601239
1.116	0.600403
1.119	0.599565
1.122	0.598725
1.125	0.597883
1.128	0.597039
1.131	0.596194
1.134	0.595346
1.137	0.594498
1.14	0.593648
1.143	0.592796
1.146	0.591943
1.149	0.591089
1.152	0.590234
1.155	0.589378
1.158	0.588521
1.161	0.587663
1.164	0.586804
1.167	0.585944
1.17	0.585084
1.173	0.584224
1.176	0.583363
1.179	0.582502
1.182	0.58164
1.185	0.580779
1.188	0.579917
1.191	0.579055
1.194	0.578194
1.197	0.577333
1.2	0.576472
1.203	0.575611
1.206	0.574751
1.209	0.573892
1.212	0.573033
1.215	0.572176
1.218	0.571319
1.221	0.570463
1.224	0.569608
1.227	0.568754
1.23	0.567902
1.233	0.567051
1.236	0.566202
1.239	0.565354
1.242	0.564508
1.245	0.563664
1.248	0.562821
1.251	0.561981
1.254	0.561142
1.257	0.560306
1.26	0.559472
1.263	0.55864
1.266	0.557811
1.269	0.556984
1.272	0.55616
1.275	0.555339
1.278	0.554521
1.281	0.553705
1.284	0.552893
1.287	0.552084
1.29	0.551278
1.293	0.550475
1.296	0.549676
1.299	0.54888
1.302	0.548088
1.305	0.5473
1.308	0.546515
1.311	0.545734
1.314	0.544958
1.317	0.544185
1.32	0.543417
1.323	0.542653
1.326	0.541893
1.329	0.541137
1.332	0.540386
1.335	0.53964
1.338	0.538899
1.341	0.538162
1.344	0.53743
1.347	0.536703
1.35	0.535982
1.353	0.535265
1.356	0.534553
1.359	0.533847
1.362	0.533147
1.365	0.532451
1.368	0.531762
1.371	0.531078
1.374	0.530399
1.377	0.529727
1.38	0.52906
1.383	0.528399
1.386	0.527744
1.389	0.527096
1.392	0.526453
1.395	0.525817
1.398	0.525187
1.401	0.524563
1.404	0.523946
1.407	0.523335
1.41	0.522731
1.413	0.522134
1.416	0.521543
1.419	0.520959
1.422	0.520382
1.425	0.519812
1.428	0.519248
1.431	0.518692
1.434	0.518143
1.437	0.5176
1.44	0.517065
1.443	0.516538
1.446	0.516017
1.449	0.515504
1.452	0.514998
1.455	0.514499
1.458	0.514008
1.461	0.513525
1.464	0.513049
1.467	0.512581
1.47	0.51212
1.473	0.511667
1.476	0.511221
1.479	0.510783
1.482	0.510353
1.485	0.509931
1.488	0.509517
1.491	0.50911
1.494	0.508712
1.497	0.508321
1.5	0.507938
1.503	0.507563
1.506	0.507197
1.509	0.506838
1.512	0.506487
1.515	0.506144
1.518	0.505809
1.521	0.505482
1.524	0.505164
1.527	0.504853
1.53	0.504551
1.533	0.504256
1.536	0.50397
1.539	0.503692
1.542	0.503422
1.545	0.50316
1.548	0.502906
1.551	0.502661
1.554	0.502423
1.557	0.502194
1.56	0.501972
1.563	0.501759
1.566	0.501554
1.569	0.501357
1.572	0.501168
1.575	0.500987
1.578	0.500814
1.581	0.50065
1.584	0.500493
1.587	0.500344
1.59	0.500203
1.593	0.500071
1.596	0.499946
1.599	0.499829
1.602	0.49972
1.605	0.499619
1.608	0.499526
1.611	0.49944
1.614	0.499363
1.617	0.499293
1.62	0.499231
1.623	0.499176
1.626	0.49913
1.629	0.499091
1.632	0.499059
1.635	0.499035
1.638	0.499019
1.641	0.49901
1.644	0.499009
1.647	0.499015
1.65	0.499029
1.653	0.499049
1.656	0.499078
1.659	0.499113
1.662	0.499156
1.665	0.499205
1.668	0.499262
1.671	0.499326
1.674	0.499397
1.677	0.499475
1.68	0.49956
1.683	0.499652
1.686	0.499751
1.689	0.499856
1.692	0.499968
1.695	0.500087
1.698	0.500213
1.701	0.500345
1.704	0.500483
1.707	0.500628
1.71	0.50078
1.713	0.500938
1.716	0.501102
1.719	0.501272
1.722	0.501449
1.725	0.501632
1.728	0.501821
1.731	0.502015
1.734	0.502216
1.737	0.502423
1.74	0.502636
1.743	0.502854
1.746	0.503078
1.749	0.503308
1.752	0.503543
1.755	0.503784
1.758	0.504031
1.761	0.504283
1.764	0.50454
1.767	0.504803
1.77	0.50507
1.773	0.505343
1.776	0.505622
1.779	0.505905
1.782	0.506193
1.785	0.506487
1.788	0.506785
1.791	0.507088
1.794	0.507396
1.797	0.507708
1.8	0.508025
1.803	0.508347
1.806	0.508674
1.809	0.509005
1.812	0.50934
1.815	0.50968
1.818	0.510024
1.821	0.510372
1.824	0.510724
1.827	0.511081
1.83	0.511442
1.833	0.511807
1.836	0.512175
1.839	0.512548
1.842	0.512925
1.845	0.513305
1.848	0.513689
1.851	0.514077
1.854	0.514468
1.857	0.514864
1.86	0.515262
1.863	0.515664
1.866	0.51607
1.869	0.516479
1.872	0.516891
1.875	0.517307
1.878	0.517726
1.881	0.518148
1.884	0.518573
1.887	0.519001
1.89	0.519433
1.893	0.519867
1.896	0.520305
1.899	0.520745
1.902	0.521188
1.905	0.521634
1.908	0.522083
1.911	0.522534
1.914	0.522988
1.917	0.523445
1.92	0.523904
1.923	0.524366
1.926	0.524831
1.929	0.525298
1.932	0.525767
1.935	0.526239
1.938	0.526714
1.941	0.52719
1.944	0.527669
1.947	0.52815
1.95	0.528634
1.953	0.529119
1.956	0.529607
1.959	0.530097
1.962	0.530589
1.965	0.531083
1.968	0.531579
1.971	0.532077
1.974	0.532577
1.977	0.53308
1.98	0.533584
1.983	0.534089
1.986	0.534597
1.989	0.535107
1.992	0.535618
1.995	0.536132
1.998	0.536647
2.001	0.537163
2.004	0.537682
2.007	0.538202
2.01	0.538724
2.013	0.539247
2.016	0.539773
2.019	0.540299
2.022	0.540828
2.025	0.541358
2.028	0.541889
2.031	0.542423
2.034	0.542957
2.037	0.543494
2.04	0.544031
2.043	0.544571
2.046	0.545111
2.049	0.545653
2.052	0.546197
2.055	0.546742
2.058	0.547289
2.061	0.547837
2.064	0.548386
2.067	0.548937
2.07	0.549489
2.073	0.550043
2.076	0.550598
2.079	0.551155
2.082	0.551712
2.085	0.552272
2.088	0.552832
2.091	0.553394
2.094	0.553958
2.097	0.554522
2.1	0.555088
2.103	0.555656
2.106	0.556225
2.109	0.556795
2.112	0.557366
2.115	0.557939
2.118	0.558514
2.121	0.559089
2.124	0.559666
2.127	0.560245
2.13	0.560825
2.133	0.561406
2.136	0.561988
2.139	0.562572
2.142	0.563158
2.145	0.563745
2.148	0.564333
2.151	0.564922
2.154	0.565513
2.157	0.566106
2.16	0.5667
2.163	0.567295
2.166	0.567892
2.169	0.56849
2.172	0.56909
2.175	0.569691
2.178	0.570294
2.181	0.570899
2.184	0.571504
2.187	0.572112
2.19	0.572721
2.193	0.573331
2.196	0.573943
2.199	0.574557
2.202	0.575172
2.205	0.575789
2.208	0.576408
2.211	0.577028
2.214	0.57765
2.217	0.578273
2.22	0.578898
2.223	0.579525
2.226	0.580154
2.229	0.580784
2.232	0.581416
2.235	0.58205
2.238	0.582686
2.241	0.583324
2.244	0.583963
2.247	0.584604
2.25	0.585247
2.253	0.585892
2.256	0.586539
2.259	0.587188
2.262	0.587838
2.265	0.588491
2.268	0.589146
2.271	0.589802
2.274	0.590461
2.277	0.591121
2.28	0.591784
2.283	0.592449
2.286	0.593116
2.289	0.593785
2.292	0.594456
2.295	0.595129
2.298	0.595804
2.301	0.596482
2.304	0.597162
2.307	0.597844
2.31	0.598528
2.313	0.599214
2.316	0.599903
2.319	0.600594
2.322	0.601288
2.325	0.601983
2.328	0.602682
2.331	0.603382
2.334	0.604085
2.337	0.60479
2.34	0.605498
2.343	0.606208
2.346	0.606921
2.349	0.607636
2.352	0.608354
2.355	0.609074
2.358	0.609797
2.361	0.610522
2.364	0.61125
2.367	0.611981
2.37	0.612714
2.373	0.61345
2.376	0.614189
2.379	0.61493
2.382	0.615674
2.385	0.61642
2.388	0.61717
2.391	0.617922
2.394	0.618677
2.397	0.619434
2.4	0.620195
2.403	0.620958
2.406	0.621724
2.409	0.622493
2.412	0.623265
2.415	0.624039
2.418	0.624817
2.421	0.625597
2.424	0.62638
2.427	0.627167
2.43	0.627956
2.433	0.628748
2.436	0.629543
2.439	0.630341
2.442	0.631142
2.445	0.631946
2.448	0.632753
2.451	0.633563
2.454	0.634376
2.457	0.635192
2.46	0.636011
2.463	0.636833
2.466	0.637658
2.469	0.638487
2.472	0.639318
2.475	0.640152
2.478	0.640989
2.481	0.64183
2.484	0.642674
2.487	0.64352
2.49	0.64437
2.493	0.645223
2.496	0.646078
2.499	0.646937
2.502	0.647799
2.505	0.648665
2.508	0.649533
2.511	0.650404
2.514	0.651278
2.517	0.652156
2.52	0.653036
2.523	0.65392
2.526	0.654807
2.529	0.655696
2.532	0.656589
2.535	0.657485
2.538	0.658384
2.541	0.659286
2.544	0.66019
2.547	0.661098
2.55	0.662009
2.553	0.662923
2.556	0.66384
2.559	0.66476
2.562	0.665682
2.565	0.666608
2.568	0.667537
2.571	0.668468
2.574	0.669402
2.577	0.67034
2.58	0.67128
2.583	0.672222
2.586	0.673168
2.589	0.674117
2.592	0.675068
2.595	0.676022
2.598	0.676978
2.601	0.677938
2.604	0.6789
2.607	0.679864
2.61	0.680832
2.613	0.681801
2.616	0.682774
2.619	0.683749
2.622	0.684726
2.625	0.685706
2.628	0.686688
2.631	0.687673
2.634	0.68866
2.637	0.689649
2.64	0.690641
2.643	0.691635
2.646	0.692631
2.649	0.693629
2.652	0.69463
2.655	0.695632
2.658	0.696637
2.661	0.697643
2.664	0.698652
2.667	0.699662
2.67	0.700674
2.673	0.701689
2.676	0.702705
2.679	0.703722
2.682	0.704742
2.685	0.705763
2.688	0.706785
2.691	0.707809
2.694	0.708835
2.697	0.709862
2.7	0.71089
2.703	0.71192
2.706	0.712951
2.709	0.713983
2.712	0.715017
2.715	0.716051
2.718	0.717087
2.721	0.718123
2.724	0.719161
2.727	0.720199
2.73	0.721238
2.733	0.722278
2.736	0.723318
2.739	0.724359
2.742	0.725401
2.745	0.726443
2.748	0.727485
2.751	0.728528
2.754	0.729571
2.757	0.730615
2.76	0.731658
2.763	0.732702
2.766	0.733745
2.769	0.734789
2.772	0.735832
2.775	0.736875
2.778	0.737918
2.781	0.738961
2.784	0.740003
2.787	0.741044
2.79	0.742085
2.793	0.743125
2.796	0.744165
2.799	0.745204
2.802	0.746241
2.805	0.747278
2.808	0.748314
2.811	0.749349
2.814	0.750382
2.817	0.751415
2.82	0.752445
2.823	0.753475
2.826	0.754503
2.829	0.755529
2.832	0.756554
2.835	0.757577
2.838	0.758598
2.841	0.759617
2.844	0.760634
2.847	0.761649
2.85	0.762662
2.853	0.763672
2.856	0.764681
2.859	0.765687
2.862	0.76669
2.865	0.767691
2.868	0.768689
2.871	0.769684
2.874	0.770677
2.877	0.771666
2.88	0.772653
2.883	0.773637
2.886	0.774617
2.889	0.775594
2.892	0.776568
2.895	0.777539
2.898	0.778506
2.901	0.779469
2.904	0.780429
2.907	0.781385
2.91	0.782338
2.913	0.783286
2.916	0.78423
2.919	0.785171
2.922	0.786107
2.925	0.787039
2.928	0.787967
2.931	0.788891
2.934	0.78981
2.937	0.790724
2.94	0.791634
2.943	0.792539
2.946	0.79344
2.949	0.794336
2.952	0.795227
2.955	0.796112
2.958	0.796993
2.961	0.797869
2.964	0.79874
2.967	0.799605
2.97	0.800465
2.973	0.80132
2.976	0.802169
2.979	0.803012
2.982	0.80385
2.985	0.804683
2.988	0.805509
2.991	0.80633
2.994	0.807145
2.997	0.807954
3	0.808757
3.003	0.809554
3.006	0.810345
3.009	0.81113
3.012	0.811909
3.015	0.812681
3.018	0.813447
3.021	0.814206
3.024	0.814959
3.027	0.815706
3.03	0.816446
3.033	0.817179
3.036	0.817906
3.039	0.818626
3.042	0.819339
3.045	0.820046
3.048	0.820745
3.051	0.821438
3.054	0.822123
3.057	0.822802
3.06	0.823474
3.063	0.824138
3.066	0.824796
3.069	0.825446
3.072	0.826089
3.075	0.826725
3.078	0.827353
3.081	0.827974
3.084	0.828588
3.087	0.829195
3.09	0.829794
3.093	0.830385
3.096	0.830969
3.099	0.831546
3.102	0.832115
3.105	0.832677
3.108	0.833231
3.111	0.833777
3.114	0.834315
3.117	0.834846
3.12	0.83537
3.123	0.835885
3.126	0.836393
3.129	0.836893
3.132	0.837386
3.135	0.83787
3.138	0.838347
3.141	0.838816
3.144	0.839277
3.147	0.839731
3.15	0.840176
3.153	0.840614
3.156	0.841044
3.159	0.841466
3.162	0.84188
3.165	0.842286
3.168	0.842684
3.171	0.843075
3.174	0.843457
3.177	0.843832
3.18	0.844199
3.183	0.844557
3.186	0.844908
3.189	0.845251
3.192	0.845587
3.195	0.845914
3.198	0.846233
3.201	0.846545
3.204	0.846848
3.207	0.847144
3.21	0.847432
3.213	0.847712
3.216	0.847984
3.219	0.848249
3.222	0.848505
3.225	0.848754
3.228	0.848995
3.231	0.849228
3.234	0.849454
3.237	0.849671
3.24	0.849881
3.243	0.850084
3.246	0.850278
3.249	0.850465
3.252	0.850644
3.255	0.850815
3.258	0.850979
3.261	0.851136
3.264	0.851284
3.267	0.851425
3.27	0.851559
3.273	0.851685
3.276	0.851803
3.279	0.851914
3.282	0.852018
3.285	0.852114
3.288	0.852202
3.291	0.852283
3.294	0.852357
3.297	0.852424
3.3	0.852483
3.303	0.852535
3.306	0.852579
3.309	0.852617
3.312	0.852647
3.315	0.85267
3.318	0.852686
3.321	0.852694
3.324	0.852696
3.327	0.85269
3.33	0.852677
3.333	0.852658
3.336	0.852631
3.339	0.852598
3.342	0.852557
3.345	0.852509
3.348	0.852455
3.351	0.852394
3.354	0.852326
3.357	0.852251
3.36	0.852169
3.363	0.852081
3.366	0.851985
3.369	0.851884
3.372	0.851775
3.375	0.85166
3.378	0.851538
3.381	0.85141
3.384	0.851275
3.387	0.851134
3.39	0.850986
3.393	0.850831
3.396	0.850671
3.399	0.850503
3.402	0.85033
3.405	0.85015
3.408	0.849964
3.411	0.849771
3.414	0.849572
3.417	0.849367
3.42	0.849156
3.423	0.848939
3.426	0.848715
3.429	0.848485
3.432	0.848249
3.435	0.848007
3.438	0.847759
3.441	0.847505
3.444	0.847245
3.447	0.846979
3.45	0.846707
3.453	0.846429
3.456	0.846146
3.459	0.845856
3.462	0.84556
3.465	0.845259
3.468	0.844952
3.471	0.844639
3.474	0.84432
3.477	0.843995
3.48	0.843665
3.483	0.843329
3.486	0.842987
3.489	0.84264
3.492	0.842287
3.495	0.841928
3.498	0.841564
3.501	0.841194
3.504	0.840818
3.507	0.840437
3.51	0.840051
3.513	0.839659
3.516	0.839261
3.519	0.838858
3.522	0.838449
3.525	0.838035
3.528	0.837616
3.531	0.837191
3.534	0.836761
3.537	0.836325
3.54	0.835884
3.543	0.835437
3.546	0.834985
3.549	0.834528
3.552	0.834066
3.555	0.833598
3.558	0.833125
3.561	0.832646
3.564	0.832162
3.567	0.831673
3.57	0.831179
3.573	0.830679
3.576	0.830174
3.579	0.829664
3.582	0.829149
3.585	0.828628
3.588	0.828103
3.591	0.827572
3.594	0.827035
3.597	0.826494
3.6	0.825947
3.603	0.825396
3.606	0.824839
3.609	0.824276
3.612	0.823709
3.615	0.823137
3.618	0.822559
3.621	0.821976
3.624	0.821388
3.627	0.820795
3.63	0.820196
3.633	0.819593
3.636	0.818984
3.639	0.81837
3.642	0.817752
3.645	0.817127
3.648	0.816498
3.651	0.815864
3.654	0.815224
3.657	0.81458
3.66	0.81393
3.663	0.813275
3.666	0.812615
3.669	0.811949
3.672	0.811279
3.675	0.810603
3.678	0.809922
3.681	0.809237
3.684	0.808545
3.687	0.807849
3.69	0.807148
3.693	0.806441
3.696	0.80573
3.699	0.805013
3.702	0.804291
3.705	0.803563
3.708	0.802831
3.711	0.802093
3.714	0.801351
3.717	0.800603
3.72	0.799849
3.723	0.799091
3.726	0.798327
3.729	0.797559
3.732	0.796785
3.735	0.796005
3.738	0.795221
3.741	0.794431
3.744	0.793637
3.747	0.792836
3.75	0.792031
3.753	0.791221
3.756	0.790405
3.759	0.789584
3.762	0.788757
3.765	0.787926
3.768	0.787089
3.771	0.786247
3.774	0.7854
3.777	0.784547
3.78	0.783689
3.783	0.782826
3.786	0.781958
3.789	0.781084
3.792	0.780205
3.795	0.779321
3.798	0.778432
3.801	0.777537
3.804	0.776637
3.807	0.775731
3.81	0.774821
3.813	0.773905
3.816	0.772984
3.819	0.772057
3.822	0.771126
3.825	0.770188
3.828	0.769246
3.831	0.768299
3.834	0.767346
3.837	0.766387
3.84	0.765424
3.843	0.764455
3.846	0.763481
3.849	0.762502
3.852	0.761517
3.855	0.760528
3.858	0.759533
3.861	0.758532
3.864	0.757527
3.867	0.756516
3.87	0.7555
3.873	0.754479
3.876	0.753452
3.879	0.752421
3.882	0.751384
3.885	0.750342
3.888	0.749294
3.891	0.748242
3.894	0.747184
3.897	0.746122
3.9	0.745054
3.903	0.743981
3.906	0.742903
3.909	0.74182
3.912	0.740732
3.915	0.739638
3.918	0.73854
3.921	0.737437
3.924	0.736328
3.927	0.735215
3.93	0.734097
3.933	0.732973
3.936	0.731845
3.939	0.730712
3.942	0.729574
3.945	0.728431
3.948	0.727284
3.951	0.726131
3.954	0.724974
3.957	0.723812
3.96	0.722645
3.963	0.721474
3.966	0.720298
3.969	0.719117
3.972	0.717932
3.975	0.716742
3.978	0.715547
3.981	0.714348
3.984	0.713145
3.987	0.711937
3.99	0.710725
3.993	0.709508
3.996	0.708287
3.999	0.707062
4.002	0.705832
4.005	0.704598
4.008	0.70336
4.011	0.702118
4.014	0.700872
4.017	0.699622
4.02	0.698368
4.023	0.69711
4.026	0.695848
4.029	0.694582
4.032	0.693312
4.035	0.692039
4.038	0.690762
4.041	0.689481
4.044	0.688197
4.047	0.686909
4.05	0.685618
4.053	0.684323
4.056	0.683025
4.059	0.681724
4.062	0.680419
4.065	0.679111
4.068	0.6778
4.071	0.676486
4.074	0.675169
4.077	0.673849
4.08	0.672527
4.083	0.671201
4.086	0.669873
4.089	0.668542
4.092	0.667208
4.095	0.665872
4.098	0.664534
4.101	0.663193
4.104	0.66185
4.107	0.660504
4.11	0.659157
4.113	0.657807
4.116	0.656456
4.119	0.655102
4.122	0.653747
4.125	0.65239
4.128	0.651031
4.131	0.649671
4.134	0.648309
4.137	0.646945
4.14	0.645581
4.143	0.644215
4.146	0.642848
4.149	0.641479
4.152	0.64011
4.155	0.63874
4.158	0.637369
4.161	0.635997
4.164	0.634625
4.167	0.633252
4.17	0.631879
4.173	0.630505
4.176	0.629131
4.179	0.627756
4.182	0.626382
4.185	0.625008
4.188	0.623634
4.191	0.622259
4.194	0.620886
4.197	0.619512
4.2	0.618139
4.203	0.616767
4.206	0.615395
4.209	0.614024
4.212	0.612654
4.215	0.611285
4.218	0.609917
4.221	0.60855
4.224	0.607185
4.227	0.605821
4.23	0.604458
4.233	0.603097
4.236	0.601737
4.239	0.60038
4.242	0.599024
4.245	0.59767
4.248	0.596318
4.251	0.594968
4.254	0.593621
4.257	0.592276
4.26	0.590934
4.263	0.589594
4.266	0.588256
4.269	0.586922
4.272	0.58559
4.275	0.584262
4.278	0.582936
4.281	0.581614
4.284	0.580295
4.287	0.578979
4.29	0.577667
4.293	0.576359
4.296	0.575054
4.299	0.573753
4.302	0.572456
4.305	0.571162
4.308	0.569873
4.311	0.568588
4.314	0.567308
4.317	0.566031
4.32	0.56476
4.323	0.563492
4.326	0.56223
4.329	0.560972
4.332	0.559719
4.335	0.558471
4.338	0.557228
4.341	0.55599
4.344	0.554757
4.347	0.55353
4.35	0.552308
4.353	0.551091
4.356	0.54988
4.359	0.548675
4.362	0.547476
4.365	0.546282
4.368	0.545094
4.371	0.543912
4.374	0.542736
4.377	0.541567
4.38	0.540403
4.383	0.539246
4.386	0.538096
4.389	0.536951
4.392	0.535814
4.395	0.534683
4.398	0.533558
4.401	0.532441
4.404	0.53133
4.407	0.530226
4.41	0.529129
4.413	0.528039
4.416	0.526956
4.419	0.52588
4.422	0.524812
4.425	0.523751
4.428	0.522697
4.431	0.52165
4.434	0.520611
4.437	0.51958
4.44	0.518556
4.443	0.51754
4.446	0.516531
4.449	0.51553
4.452	0.514537
4.455	0.513552
4.458	0.512575
4.461	0.511605
4.464	0.510644
4.467	0.50969
4.47	0.508745
4.473	0.507807
4.476	0.506878
4.479	0.505957
4.482	0.505044
4.485	0.504139
4.488	0.503242
4.491	0.502354
4.494	0.501474
4.497	0.500603
4.5	0.499739
4.503	0.498884
4.506	0.498038
4.509	0.4972
4.512	0.49637
4.515	0.495549
4.518	0.494736
4.521	0.493932
4.524	0.493136
4.527	0.492349
4.53	0.491571
4.533	0.4908
4.536	0.490039
4.539	0.489286
4.542	0.488541
4.545	0.487805
4.548	0.487078
4.551	0.486359
4.554	0.485648
4.557	0.484946
4.56	0.484253
4.563	0.483568
4.566	0.482892
4.569	0.482224
4.572	0.481565
4.575	0.480914
4.578	0.480272
4.581	0.479638
4.584	0.479012
4.587	0.478395
4.59	0.477787
4.593	0.477186
4.596	0.476594
4.599	0.476011
4.602	0.475436
4.605	0.474869
4.608	0.47431
4.611	0.473759
4.614	0.473217
4.617	0.472683
4.62	0.472157
4.623	0.471639
4.626	0.471129
4.629	0.470628
4.632	0.470134
4.635	0.469648
4.638	0.46917
4.641	0.4687
4.644	0.468238
4.647	0.467784
4.65	0.467337
4.653	0.466898
4.656	0.466467
4.659	0.466043
4.662	0.465627
4.665	0.465219
4.668	0.464818
4.671	0.464424
4.674	0.464038
4.677	0.46366
4.68	0.463288
4.683	0.462924
4.686	0.462567
4.689	0.462217
4.692	0.461874
4.695	0.461538
4.698	0.461209
4.701	0.460887
4.704	0.460572
4.707	0.460264
4.71	0.459962
4.713	0.459667
4.716	0.459379
4.719	0.459097
4.722	0.458822
4.725	0.458553
4.728	0.458291
4.731	0.458035
4.734	0.457785
4.737	0.457541
4.74	0.457304
4.743	0.457072
4.746	0.456847
4.749	0.456627
4.752	0.456413
4.755	0.456206
4.758	0.456004
4.761	0.455807
4.764	0.455616
4.767	0.455431
4.77	0.455251
4.773	0.455077
4.776	0.454908
4.779	0.454744
4.782	0.454586
4.785	0.454433
4.788	0.454285
4.791	0.454141
4.794	0.454003
4.797	0.45387
4.8	0.453741
4.803	0.453618
4.806	0.453499
4.809	0.453384
4.812	0.453274
4.815	0.453169
4.818	0.453068
4.821	0.452971
4.824	0.452879
4.827	0.452791
4.83	0.452707
4.833	0.452627
4.836	0.452551
4.839	0.45248
4.842	0.452412
4.845	0.452347
4.848	0.452287
4.851	0.45223
4.854	0.452177
4.857	0.452128
4.86	0.452082
4.863	0.45204
4.866	0.452
4.869	0.451965
4.872	0.451932
4.875	0.451903
4.878	0.451877
4.881	0.451853
4.884	0.451833
4.887	0.451816
4.89	0.451802
4.893	0.45179
4.896	0.451781
4.899	0.451775
4.902	0.451772
4.905	0.451771
4.908	0.451772
4.911	0.451776
4.914	0.451783
4.917	0.451792
4.92	0.451803
4.923	0.451816
4.926	0.451832
4.929	0.451849
4.932	0.451869
4.935	0.45189
4.938	0.451914
4.941	0.451939
4.944	0.451967
4.947	0.451996
4.95	0.452027
4.953	0.452059
4.956	0.452093
4.959	0.452129
4.962	0.452166
4.965	0.452204
4.968	0.452244
4.971	0.452285
4.974	0.452328
4.977	0.452372
4.98	0.452417
4.983	0.452463
4.986	0.45251
4.989	0.452559
4.992	0.452608
4.995	0.452658
4.998	0.45271
5.001	0.452762
5.004	0.452815
5.007	0.452868
5.01	0.452923
5.013	0.452978
5.016	0.453034
5.019	0.45309
5.022	0.453147
5.025	0.453204
5.028	0.453262
5.031	0.45332
5.034	0.453379
5.037	0.453438
5.04	0.453497
5.043	0.453557
5.046	0.453616
5.049	0.453676
5.052	0.453736
5.055	0.453796
5.058	0.453857
5.061	0.453917
5.064	0.453977
5.067	0.454037
5.07	0.454097
5.073	0.454157
5.076	0.454217
5.079	0.454277
5.082	0.454336
5.085	0.454395
5.088	0.454454
5.091	0.454512
5.094	0.45457
5.097	0.454628
5.1	0.454685
5.103	0.454742
5.106	0.454798
5.109	0.454854
5.112	0.454909
5.115	0.454963
5.118	0.455017
5.121	0.45507
5.124	0.455123
5.127	0.455175
5.13	0.455226
5.133	0.455276
5.136	0.455326
5.139	0.455374
5.142	0.455422
5.145	0.455469
5.148	0.455515
5.151	0.45556
5.154	0.455604
5.157	0.455648
5.16	0.45569
5.163	0.455731
5.166	0.455771
5.169	0.45581
5.172	0.455847
5.175	0.455884
5.178	0.455919
5.181	0.455954
5.184	0.455987
5.187	0.456019
5.19	0.456049
5.193	0.456078
5.196	0.456106
5.199	0.456133
5.202	0.456158
5.205	0.456182
5.208	0.456204
5.211	0.456226
5.214	0.456245
5.217	0.456263
5.22	0.45628
5.223	0.456295
5.226	0.456309
5.229	0.456321
5.232	0.456332
5.235	0.456341
5.238	0.456348
5.241	0.456354
5.244	0.456358
5.247	0.456361
5.25	0.456361
5.253	0.456361
5.256	0.456358
5.259	0.456354
5.262	0.456348
5.265	0.45634
5.268	0.456331
5.271	0.456319
5.274	0.456306
5.277	0.456291
5.28	0.456274
5.283	0.456256
5.286	0.456235
5.289	0.456213
5.292	0.456188
5.295	0.456162
5.298	0.456134
5.301	0.456104
5.304	0.456072
5.307	0.456038
5.31	0.456002
5.313	0.455964
5.316	0.455924
5.319	0.455882
5.322	0.455838
5.325	0.455792
5.328	0.455743
5.331	0.455693
5.334	0.455641
5.337	0.455586
5.34	0.45553
5.343	0.455471
5.346	0.45541
5.349	0.455347
5.352	0.455282
5.355	0.455214
5.358	0.455145
5.361	0.455073
5.364	0.454999
5.367	0.454923
5.37	0.454844
5.373	0.454763
5.376	0.45468
5.379	0.454595
5.382	0.454507
5.385	0.454418
5.388	0.454325
5.391	0.454231
5.394	0.454134
5.397	0.454035
5.4	0.453934
5.403	0.45383
5.406	0.453724
5.409	0.453615
5.412	0.453504
5.415	0.453391
5.418	0.453275
5.421	0.453157
5.424	0.453036
5.427	0.452913
5.43	0.452788
5.433	0.45266
5.436	0.45253
5.439	0.452397
5.442	0.452262
5.445	0.452124
5.448	0.451984
5.451	0.451841
5.454	0.451696
5.457	0.451549
5.46	0.451399
5.463	0.451246
5.466	0.451091
5.469	0.450933
5.472	0.450773
5.475	0.45061
5.478	0.450445
5.481	0.450277
5.484	0.450106
5.487	0.449933
5.49	0.449758
5.493	0.44958
5.496	0.449399
5.499	0.449216
5.502	0.44903
5.505	0.448841
5.508	0.44865
5.511	0.448457
5.514	0.44826
5.517	0.448061
5.52	0.44786
5.523	0.447656
5.526	0.447449
5.529	0.44724
5.532	0.447028
5.535	0.446813
5.538	0.446596
5.541	0.446376
5.544	0.446153
5.547	0.445928
5.55	0.445701
5.553	0.44547
5.556	0.445237
5.559	0.445001
5.562	0.444763
5.565	0.444522
5.568	0.444278
5.571	0.444032
5.574	0.443783
5.577	0.443531
5.58	0.443277
5.583	0.44302
5.586	0.44276
5.589	0.442498
5.592	0.442233
5.595	0.441965
5.598	0.441695
5.601	0.441422
5.604	0.441147
5.607	0.440869
5.61	0.440588
5.613	0.440304
5.616	0.440018
5.619	0.43973
5.622	0.439438
5.625	0.439144
5.628	0.438848
5.631	0.438548
5.634	0.438247
5.637	0.437942
5.64	0.437635
5.643	0.437325
5.646	0.437013
5.649	0.436698
5.652	0.43638
5.655	0.43606
5.658	0.435738
5.661	0.435412
5.664	0.435085
5.667	0.434754
5.67	0.434421
5.673	0.434086
5.676	0.433748
5.679	0.433407
5.682	0.433064
5.685	0.432718
5.688	0.43237
5.691	0.432019
5.694	0.431666
5.697	0.43131
5.7	0.430952
5.703	0.430592
5.706	0.430229
5.709	0.429863
5.712	0.429495
5.715	0.429125
5.718	0.428752
5.721	0.428376
5.724	0.427999
5.727	0.427619
5.73	0.427236
5.733	0.426851
5.736	0.426464
5.739	0.426075
5.742	0.425683
5.745	0.425289
5.748	0.424892
5.751	0.424493
5.754	0.424092
5.757	0.423689
5.76	0.423283
5.763	0.422875
5.766	0.422465
5.769	0.422053
5.772	0.421639
5.775	0.421222
5.778	0.420803
5.781	0.420382
5.784	0.419959
5.787	0.419534
5.79	0.419107
5.793	0.418677
5.796	0.418246
5.799	0.417813
5.802	0.417377
5.805	0.41694
5.808	0.4165
5.811	0.416059
5.814	0.415615
5.817	0.41517
5.82	0.414722
5.823	0.414273
5.826	0.413822
5.829	0.413369
5.832	0.412914
5.835	0.412458
5.838	0.411999
5.841	0.411539
5.844	0.411077
5.847	0.410613
5.85	0.410148
5.853	0.409681
5.856	0.409212
5.859	0.408742
5.862	0.40827
5.865	0.407796
5.868	0.407321
5.871	0.406844
5.874	0.406366
5.877	0.405886
5.88	0.405404
5.883	0.404921
5.886	0.404437
5.889	0.403951
5.892	0.403464
5.895	0.402976
5.898	0.402486
5.901	0.401995
5.904	0.401502
5.907	0.401009
5.91	0.400514
5.913	0.400017
5.916	0.39952
5.919	0.399021
5.922	0.398522
5.925	0.398021
5.928	0.397519
5.931	0.397016
5.934	0.396512
5.937	0.396007
5.94	0.3955
5.943	0.394993
5.946	0.394485
5.949	0.393976
5.952	0.393467
5.955	0.392956
5.958	0.392444
5.961	0.391932
5.964	0.391419
5.967	0.390905
5.97	0.390391
5.973	0.389875
5.976	0.389359
5.979	0.388843
5.982	0.388326
5.985	0.387808
5.988	0.387289
5.991	0.386771
5.994	0.386251
5.997	0.385731
