 Location  Dispersion    Centroids   Volume
-0.000202734   0.206447   -0.00247888   1.00012
0.205667   0.204932   0.202222   0.999841
0.413054   0.206446   0.402949   0.99999
0.617383   0.20656   0.580621   0.999986
0.826882   0.206785   0.737937   1
1.03127   0.206795   0.860152   1.00001
1.24134   0.207026   0.948366   1.00002
1.44578   0.207039   0.994351   1.00003
1.65616   0.207059   0.998542   1.00003
1.86049   0.206954   0.960419   1.00002
2.06488   0.206971   0.882524   1.00002
2.27475   0.206683   0.764383   0.999998
2.47914   0.206682   0.617024   0.999996
2.68839   0.206468   0.439136   0.99998
2.89277   0.206482   0.247329   0.99998
3.10169   0.206421   0.0397862   0.999976
3.30608   0.206418   -0.164096   0.999976
3.51507   0.206528   -0.36627   0.999984
3.71945   0.206524   -0.547846   0.999984
3.92895   0.206837   -0.710458   1.00001
4.1332   0.206697   -0.838986   0.999997
4.33734   0.206954   -0.932792   1.00002
4.54765   0.207076   -0.988586   1.00003
4.7521   0.207074   -1.00134   1.00003
4.96243   0.206982   -0.97109   1.00002
5.16685   0.206965   -0.90066   1.00002
5.37677   0.206726   -0.789434   1
5.58111   0.206619   -0.647841   1
5.78886   0.205023   -0.473588   0.999855
5.99442   0.206267   -0.283053   1.00008
