 Location  Dispersion    Centroids   Volume
-0.000141872   0.206947   0.00322776   0.999846
0.203827   0.208475   0.292534   1.00039
0.415264   0.206026   0.45498   0.999858
0.619416   0.206813   0.633497   0.999992
0.828895   0.207331   0.806945   1.00008
1.03267   0.206218   0.926468   0.999818
1.24166   0.206646   0.975729   0.999955
1.4454   0.20679   1.00718   0.999995
1.65566   0.20704   1.03896   1.00007
1.85944   0.206462   1.03736   0.999878
2.06349   0.207168   0.948596   1.00009
2.27556   0.208277   0.807342   1.00034
2.47948   0.206445   0.635548   0.999792
2.68795   0.205955   0.500631   0.999693
2.88989   0.206816   0.302997   1.00008
3.09912   0.205192   0.12771   0.999592
3.30413   0.208732   -0.088791   1.00049
3.51513   0.207629   -0.345936   1.00009
3.71949   0.205934   -0.486248   0.999783
3.92823   0.206792   -0.619014   0.999902
4.13337   0.20835   -0.788954   1.00045
4.33882   0.206378   -0.918591   0.999839
4.54818   0.206741   -0.942478   0.999993
4.75205   0.206779   -0.928   0.999991
4.96292   0.207342   -0.926511   1.00018
5.16666   0.206254   -0.809415   0.999815
5.37417   0.205622   -0.767408   0.999601
5.57721   0.207677   -0.629779   1.00015
5.78732   0.2073   -0.417512   1.00008
5.99332   0.207096   -0.260639   1.00018
