 Location  Dispersion    Centroids   Volume
0.000496715   0.207057   -0.00170524   1.00016
0.205532   0.20495   0.202166   0.999826
0.413259   0.205574   0.402895   0.999923
0.617237   0.206606   0.580994   1.00001
0.826955   0.207312   0.735516   1.00003
1.03144   0.206989   0.867436   1.00002
1.24162   0.206789   0.947167   1
1.44617   0.207286   0.994915   1.00004
1.66089   0.212096   0.998556   1.0004
1.88105   0.226051   0.962692   1.00293
2.08827   0.23677   0.879823   1.00725
2.28048   0.242064   0.758944   1.00963
2.47886   0.246076   0.609319   1.00907
2.68682   0.243461   0.441626   1.00807
2.89634   0.236431   0.254524   1.00603
3.10832   0.227093   0.0529588   1.00435
3.31969   0.228299   -0.150465   1.00297
3.60931   0.318815   -0.346368   1.01173
5.14058   1.84671   -0.627447   1.18212
6.74543   -1.32174   24.6549   0.0156155
3.99882   0.392178   -0.729196   1.07631
4.30752   0.329201   -0.942886   1.01879
4.5727   0.283753   -1.02736   1.01645
4.79153   0.299236   -1.04036   1.02035
5.00823   0.308174   -1.00915   1.02296
5.21534   0.308589   -0.932537   1.02331
5.42334   0.302461   -0.819087   1.02245
5.6143   0.285483   -0.669189   1.02016
5.79025   0.253302   -0.493822   1.01567
5.9619   0.231412   -0.291357   1.00766
