 Location  Dispersion    Centroids   Volume
0.0108422   0.199146   -0.0055317   1.05075
0.440866   0.167884   0.431726   0.954472
0.863057   0.181148   0.758801   1.01374
1.29781   0.203485   0.997615   1.05897
1.74734   0.280165   1.11136   1.14429
2.17298   0.31715   0.992884   1.15965
2.68245   0.267541   0.60595   1.32408
3.13563   0.52057   -0.210441   0.93876
3.70026   0.357756   -0.397678   1.05175
4.87359   -0.0219514   2.9849   -0.00137114
4.24356   -0.0881286   -1.29049   0.977789
4.68369   0.178088   -1.14249   1.14437
5.1345   0.18799   -0.943115   1.02853
5.57248   0.147818   -0.658887   0.955964
5.98969   0.171992   -0.293926   1.01988
