 Location  Dispersion    Centroids   Volume
-0.000168035   0.428236   0.00293776   0.999964
0.425161   0.427849   0.417124   0.999664
0.856292   0.428426   0.761382   1.00003
1.28308   0.428711   0.96634   1.00028
1.71045   0.428764   0.998225   1.00031
2.14344   0.428505   0.849291   1.00013
2.5695   0.42824   0.545104   0.999871
3.00037   0.427976   0.143339   0.999699
3.42528   0.428034   -0.283348   0.999808
3.85065   0.42816   -0.658007   0.999886
4.28278   0.428671   -0.916157   1.00021
4.70999   0.428757   -1.01017   1.0003
5.13718   0.428652   -0.918272   1.00021
5.56943   0.428217   -0.662224   0.999917
5.99466   0.427979   -0.286723   0.999728
