 Location  Dispersion    Centroids   Volume
-6.10856e-05   0.0300864   0.000953291   0.999999
0.0299493   0.0301092   0.0307432   1
0.0603266   0.0303992   0.0508472   1.00001
0.0901826   0.0300467   0.124001   0.999991
0.119921   0.0301298   0.12044   1
0.150196   0.0302356   0.144066   1.00001
0.180328   0.0299154   0.178511   0.999991
0.209969   0.0301261   0.205046   1
0.23996   0.030104   0.231157   0.999999
0.269948   0.0301533   0.263633   1
0.300026   0.0301689   0.295787   1
0.330052   0.0301246   0.330075   1
0.360028   0.030093   0.349732   0.999998
0.390079   0.0302116   0.379577   1
0.420089   0.0301125   0.421442   0.999998
0.450034   0.0301181   0.434841   0.999999
0.480011   0.0301443   0.464439   1
0.510084   0.0301779   0.488507   1
0.540084   0.0301027   0.524456   0.999998
0.569935   0.0300702   0.540327   0.999996
0.599854   0.0302084   0.56592   1
0.629982   0.030136   0.582176   1
0.659977   0.0301559   0.613239   1
0.689975   0.030124   0.635247   1
0.719968   0.0301329   0.653736   1
0.755938   0.030142   0.686649   1
0.785957   0.0301272   0.700857   1
0.815984   0.030162   0.72793   1
0.846014   0.0301335   0.748779   1
0.876007   0.0301371   0.769104   1
0.906016   0.0301726   0.795089   1
0.936037   0.0301226   0.809891   0.999999
0.966   0.0301198   0.822148   0.999999
0.995996   0.0301362   0.839741   1
1.02598   0.0301314   0.854788   1
1.05596   0.0301408   0.867997   1
1.08598   0.030155   0.885177   1
1.116   0.0301325   0.898471   1
1.14602   0.0301481   0.910406   1
1.17601   0.0301248   0.921919   0.999999
1.206   0.0301364   0.93586   1
1.236   0.0301317   0.942745   1
1.26602   0.0301467   0.953942   1
1.29618   0.0302403   0.964441   1
1.32596   0.0300163   0.936418   0.999991
1.3558   0.0302677   0.9779   1.00001
1.38599   0.0301385   0.98355   1
1.416   0.030135   0.987785   1
1.446   0.0301356   0.992912   1
1.476   0.0301352   0.992978   1
1.506   0.0301366   0.998279   1
1.536   0.0301356   1.00003   1
1.56618   0.0302457   0.999478   1
1.59603   0.0300026   1.03031   0.999991
1.62583   0.0302429   0.998414   1
1.656   0.0301353   0.996907   1
1.686   0.0301384   0.992364   1
1.71601   0.0301354   0.989021   1
1.746   0.0301353   0.982408   1
1.776   0.0301339   0.979015   1
1.806   0.0301368   0.973788   1
1.836   0.0301436   0.962853   1
1.866   0.0301326   0.957661   1
1.896   0.0301381   0.942653   1
1.92632   0.0302561   0.941214   1.00001
1.95654   0.029828   0.931704   0.999987
1.98599   0.030143   0.914852   1
2.01601   0.0301327   0.903687   1
2.046   0.0301284   0.888745   1
2.076   0.0301308   0.878162   1
2.10599   0.0301332   0.857946   1
2.13598   0.030127   0.85335   0.999999
2.16598   0.0301651   0.827972   1
2.196   0.0301543   0.806192   1
2.22601   0.0301229   0.792897   0.999999
2.26199   0.0301487   0.774427   1
2.29197   0.0301861   0.747106   1
2.32201   0.030111   0.72994   0.999999
2.35228   0.0303078   0.710716   1.00001
2.38219   0.0300096   0.659614   0.999992
2.41197   0.0301644   0.666739   1
2.44198   0.0301192   0.644173   0.999999
2.47202   0.0301709   0.621856   1
2.50198   0.0301017   0.597561   0.999998
2.53036   0.0294453   0.564116   0.999945
2.55996   0.0312501   0.542874   1.00006
2.59196   0.0301072   0.525741   0.999999
2.62198   0.0301881   0.49678   1
2.65203   0.0301234   0.469885   0.999999
2.6821   0.0301783   0.439448   1
2.71214   0.0301362   0.416913   0.999999
2.74207   0.0301334   0.38787   0.999999
2.77202   0.0301366   0.358555   1
2.80208   0.0301718   0.331341   1
2.83179   0.0299916   0.341631   0.999988
2.86162   0.030392   0.272042   1.00001
2.89202   0.0301188   0.245403   1
2.92202   0.0301369   0.217083   1
2.95201   0.0301337   0.187476   0.999999
2.98198   0.0301598   0.159164   1
3.01204   0.0301605   0.129624   1
3.04201   0.030119   0.099575   0.999999
3.07195   0.030136   0.0738994   0.999999
3.10198   0.0301768   0.0399766   1
3.13199   0.0301057   0.00844193   0.999998
3.16191   0.0301383   -0.019132   1
3.19193   0.0301272   -0.0414412   0.999999
3.22194   0.0301769   -0.0792949   1
3.252   0.0301401   -0.109955   1
3.282   0.0301285   -0.140148   1
3.31201   0.030125   -0.169435   1
3.34199   0.0301279   -0.196998   1
3.37197   0.0301307   -0.228076   1
3.40205   0.0301969   -0.25712   1
3.43202   0.0301259   -0.286237   0.999999
3.462   0.030124   -0.313706   1
3.49204   0.0301773   -0.340919   1
3.52205   0.030128   -0.38064   0.999999
3.55201   0.0301094   -0.39759   0.999999
3.58199   0.0301545   -0.425693   1
3.61201   0.0301364   -0.453233   1
3.64205   0.0300946   -0.479411   0.999999
3.67199   0.0301321   -0.505834   1
3.70199   0.0301458   -0.530763   1
3.73201   0.0301379   -0.558546   1
3.76797   0.0301302   -0.584214   0.999998
3.79801   0.0303001   -0.610721   1
3.82801   0.0301209   -0.633518   0.999998
3.85797   0.0301237   -0.647504   0.999999
3.89157   0.0326062   -0.680169   1.00009
3.92225   0.028665   -0.435911   1.00004
3.95457   0.0246015   -0.710851   0.999869
3.97782   0.0301717   -0.741927   1
4.00786   0.0301989   -0.763085   1
4.03796   0.0301229   -0.771863   0.999999
4.06795   0.0301579   -0.800402   1
4.09799   0.0301219   -0.811225   0.999999
4.12841   0.0304398   -0.832391   1.00001
4.15819   0.0299072   -0.891182   0.999984
4.18784   0.0302504   -0.86476   1.00001
4.2181   0.0300468   -0.879371   0.999998
4.24798   0.030138   -0.891994   1
4.27799   0.0301387   -0.90565   1
4.30798   0.0301289   -0.919943   1
4.33799   0.0301367   -0.93032   1
4.368   0.0301469   -0.943547   1
4.39798   0.030122   -0.940621   0.999999
4.42796   0.0301603   -0.960016   1
4.45799   0.0301281   -0.967553   1
4.488   0.0301363   -0.973525   1
4.51801   0.0301307   -0.98158   1
4.548   0.0301358   -0.986188   1
4.578   0.0301372   -0.991131   1
4.608   0.0301363   -0.991838   1
4.63797   0.0301452   -0.996001   1
4.66798   0.0301473   -1.00122   1
4.698   0.0301357   -1.00062   1
4.728   0.0301371   -0.998055   1
4.758   0.0301353   -1.00012   1
4.788   0.0301375   -0.997538   1
4.81799   0.0301322   -0.995045   1
4.848   0.0301518   -0.989981   1
4.87801   0.0301312   -0.98003   1
4.908   0.0301394   -0.980948   1
4.93801   0.0301416   -0.973555   1
4.96801   0.0301285   -0.965059   1
4.998   0.0301336   -0.960631   1
5.028   0.0301367   -0.94815   1
5.058   0.0301312   -0.94423   1
5.088   0.030136   -0.93026   1
5.11801   0.0301416   -0.919065   1
5.14807   0.030177   -0.905819   1
5.17802   0.0301168   -0.8772   0.999998
5.20798   0.030144   -0.883303   1
5.23798   0.0301403   -0.865772   1
5.27398   0.0301476   -0.846369   1
5.304   0.0301355   -0.829604   1
5.33401   0.0301326   -0.814065   1
5.364   0.0301377   -0.795322   1
5.394   0.0301333   -0.776683   1
5.42399   0.0301432   -0.757841   1
5.45429   0.0303042   -0.736433   1.00001
5.48423   0.0299876   -0.689382   0.999991
5.51393   0.0301519   -0.702814   1
5.54395   0.0301385   -0.671316   1
5.57397   0.0301336   -0.652193   1
5.60399   0.0301492   -0.630608   1
5.63398   0.0301235   -0.602804   0.999999
5.66392   0.0301073   -0.592552   0.999998
5.69393   0.0301841   -0.556291   1
5.72404   0.0301508   -0.529143   1
5.75394   0.0300576   -0.501539   0.999998
5.78395   0.0301171   -0.479862   1
5.81398   0.030147   -0.45289   1
5.84404   0.0301496   -0.426469   1
5.87412   0.0301913   -0.396309   1
5.90403   0.0300752   -0.370282   0.999996
5.93404   0.0302217   -0.352694   1
5.964   0.0301659   -0.31405   0.999999
5.994   0.0301347   -0.285334   1
