6.01442   2.75142   0.154522   0.000139557   0.57293   0.999999
6.23731   3.29021   0.116646   0.000153644   2.17965   0.999999
3.82135   2.03299   0.108225   0.000194019   3.6485   1
5.72249   3.46932   0.0620037   0.000314882   5.53075   0.999999
2.20022   6.33689   0.000506316   0.217458   8.21824   0.999998
5.65212   3.9459   7.30634e-06   0.198922   8.46628   1
-9.38091   -9.35612   69.607   69.523   -304.152   1.00488
12.5033   12.5033   0.619764   0.619708   130.673   1.00014
12.5538   16.1072   6.8338   0.0928597   27.1149   0.999971
26.2979   26.2979   8.60882   8.60882   178.432   0.995914
84.3452   15.4858   80.3099   0.0608341   -57.7225   1.00121
27.0799   27.0799   9.80915   9.80915   172.229   0.998267
-21.8522   -14.2172   76.4178   68.291   -308.533   1.00436
-12.0947   -8.77338   71.905   61.4629   -250.922   1.00394
1045.73   17.4225   1485.32   71.6055   460.225   1.00617
16.8879   16.9192   0.830349   0.894084   140.013   1.0002
27.5285   27.5285   6.87775   6.87775   179.6   0.996145
6.67214   7.04374   0.64022   0.00115204   62.6866   1.00001
7.07152   6.26615   1.09635   2.17924e-07   47.2358   1
-10.4536   -7.86479   65.9338   67.6313   -293.848   1.00426
14.4668   13.4758   2.62393   0.149894   104.958   1.00007
13.3599   13.3599   0.797159   0.797176   130.632   1.00012
6.38271   5.05066   1.99951e-07   2.85812   56.5342   1.00001
33.0202   -14.9584   3.17961   4.27958   34.0611   1.00001
-10.2552   -9.82104   74.0116   71.5662   -296.207   1.00436
19.5288   19.5288   70.8807   70.8807   269.767   0.99896
27.4517   27.4517   9.70597   9.70597   176.058   0.99567
27.5622   26.1603   112.017   109.329   414.646   1.0022
0.884974   6.41078   0.0622079   0.0794927   48.3747   0.999999
10.8233   10.861   0.0261845   0.170715   84.9978   1.00001
-605.065   11.6914   440.639   0.0139995   272.331   1.001
20.9795   20.9795   10.4463   10.4463   174.296   0.995388
26.5345   34.414   6.769   2.87236   126.105   1.00014
13.4708   13.438   0.257768   0.340132   131.789   1.00014
26.5997   26.7915   109.749   110.117   411.902   1.00258
-43.6935   -3.39872   31.3972   0.0251512   50.5473   0.999994
14.3877   14.3877   0.51842   0.518417   131.508   1.00014
9.98471   9.98471   18.149   18.149   185.147   0.99765
16.0037   16.0037   15.326   15.326   178.768   0.995343
13.7847   13.7846   0.0754348   0.0757426   121.655   1.00009
16.6982   -19.2833   0.000744768   66.1521   96.5864   0.999841
25.1866   25.1866   9.71819   9.71819   174.121   0.995677
31.8126   31.8126   3.41043   3.41043   172.633   0.999495
-1.00453   10.2522   0.523108   0.136309   67.7382   0.999996
21.2605   21.2605   80.6075   80.6075   303.566   0.999768
15.1724   15.1064   0.317374   0.477657   127.831   1.00012
0.75531   4.40873   0.0151368   0.056755   73.8858   0.999995
21.8433   21.8433   83.813   83.813   315.09   0.999925
33.9082   34.3546   0.178325   0.928178   103.354   0.999993
23.7882   23.7882   9.74598   9.74598   174.834   0.99632
