 Location  Dispersion    Centroids   Volume
0.000929503   0.136622   -0.0022765   1.00023
0.206472   0.136178   0.204214   0.999707
0.412227   0.13821   0.40202   1
0.617796   0.137529   0.582917   0.99997
0.826097   0.137379   0.73867   0.999998
1.0312   0.136436   0.862517   0.999994
1.24091   0.136865   0.95012   1.00006
1.44571   0.136293   0.996321   1.00004
1.65629   0.136479   1.00156   1.00006
1.86062   0.136304   0.962576   1.00003
2.06555   0.137048   0.883896   1.00004
2.27503   0.137134   0.766782   1.00002
2.48033   0.137915   0.616837   1
2.68881   0.138101   0.440264   0.999994
2.89389   0.138069   0.245283   0.999939
3.10141   0.137837   0.0409487   0.999904
3.30638   0.138262   -0.165137   0.999967
3.5145   0.138547   -0.365251   1.00001
3.71937   0.137314   -0.550375   0.999941
3.92833   0.137511   -0.710228   1
4.13274   0.136612   -0.840744   1.00002
4.3371   0.136621   -0.935193   1.00002
4.54736   0.136613   -0.990745   1.00006
4.75214   0.136332   -1.00348   1.00005
4.96265   0.136374   -0.973954   1.00003
5.16746   0.137275   -0.901955   1.00008
5.377   0.136496   -0.791508   0.999943
5.58176   0.137439   -0.647944   0.999992
5.78892   0.136279   -0.47635   0.999842
5.99379   0.136139   -0.281665   1.00008
