 x  	 F(x)  
0	0.0197368
0.003	0.0208586
0.006	0.0220332
0.009	0.0232623
0.012	0.0245479
0.015	0.0258917
0.018	0.0272956
0.021	0.0287612
0.024	0.0302905
0.027	0.031885
0.03	0.0335464
0.033	0.0352761
0.036	0.0370758
0.039	0.0389467
0.042	0.0408901
0.045	0.042907
0.048	0.0449985
0.051	0.0471654
0.054	0.0494081
0.057	0.0517273
0.06	0.054123
0.063	0.0565953
0.066	0.059144
0.069	0.0617685
0.072	0.0644681
0.075	0.0672418
0.078	0.0700882
0.081	0.0730058
0.084	0.0759926
0.087	0.0790466
0.09	0.0821653
0.093	0.0853459
0.096	0.0885853
0.099	0.0918803
0.102	0.0952273
0.105	0.0986225
0.108	0.102062
0.111	0.105541
0.114	0.109056
0.117	0.112602
0.12	0.116174
0.123	0.119768
0.126	0.123378
0.129	0.126999
0.132	0.130628
0.135	0.134258
0.138	0.137886
0.141	0.141505
0.144	0.145113
0.147	0.148704
0.15	0.152274
0.153	0.155819
0.156	0.159336
0.159	0.16282
0.162	0.166269
0.165	0.169679
0.168	0.173048
0.171	0.176374
0.174	0.179654
0.177	0.182887
0.18	0.186072
0.183	0.189207
0.186	0.192292
0.189	0.195327
0.192	0.198311
0.195	0.201244
0.198	0.204128
0.201	0.206963
0.204	0.209749
0.207	0.212489
0.21	0.215185
0.213	0.217837
0.216	0.220448
0.219	0.223019
0.222	0.225555
0.225	0.228056
0.228	0.230526
0.231	0.232967
0.234	0.235382
0.237	0.237775
0.24	0.240148
0.243	0.242504
0.246	0.244847
0.249	0.24718
0.252	0.249506
0.255	0.251829
0.258	0.254151
0.261	0.256476
0.264	0.258807
0.267	0.261146
0.27	0.263499
0.273	0.265866
0.276	0.268251
0.279	0.270657
0.282	0.273087
0.285	0.275542
0.288	0.278026
0.291	0.280541
0.294	0.283089
0.297	0.285671
0.3	0.28829
0.303	0.290946
0.306	0.293642
0.309	0.296378
0.312	0.299155
0.315	0.301974
0.318	0.304834
0.321	0.307737
0.324	0.310681
0.327	0.313667
0.33	0.316693
0.333	0.319759
0.336	0.322863
0.339	0.326004
0.342	0.32918
0.345	0.332389
0.348	0.335628
0.351	0.338895
0.354	0.342188
0.357	0.345503
0.36	0.348837
0.363	0.352187
0.366	0.35555
0.369	0.358922
0.372	0.362299
0.375	0.365678
0.378	0.369055
0.381	0.372427
0.384	0.37579
0.387	0.37914
0.39	0.382474
0.393	0.385788
0.396	0.389079
0.399	0.392344
0.402	0.395579
0.405	0.398783
0.408	0.401952
0.411	0.405085
0.414	0.408178
0.417	0.41123
0.42	0.41424
0.423	0.417206
0.426	0.420126
0.429	0.423001
0.432	0.42583
0.435	0.428611
0.438	0.431345
0.441	0.434033
0.444	0.436675
0.447	0.43927
0.45	0.441821
0.453	0.444329
0.456	0.446794
0.459	0.449218
0.462	0.451603
0.465	0.453951
0.468	0.456264
0.471	0.458544
0.474	0.460793
0.477	0.463013
0.48	0.465208
0.483	0.46738
0.486	0.469531
0.489	0.471665
0.492	0.473783
0.495	0.47589
0.498	0.477988
0.501	0.480079
0.504	0.482168
0.507	0.484256
0.51	0.486346
0.513	0.488442
0.516	0.490546
0.519	0.492661
0.522	0.49479
0.525	0.496935
0.528	0.499099
0.531	0.501283
0.534	0.503492
0.537	0.505726
0.54	0.507987
0.543	0.510278
0.546	0.5126
0.549	0.514955
0.552	0.517344
0.555	0.519768
0.558	0.522227
0.561	0.524724
0.564	0.527257
0.567	0.529828
0.57	0.532435
0.573	0.53508
0.576	0.537761
0.579	0.540478
0.582	0.543229
0.585	0.546013
0.588	0.548829
0.591	0.551675
0.594	0.554549
0.597	0.557448
0.6	0.560371
0.603	0.563314
0.606	0.566275
0.609	0.56925
0.612	0.572238
0.615	0.575233
0.618	0.578234
0.621	0.581237
0.624	0.584238
0.627	0.587234
0.63	0.590222
0.633	0.593198
0.636	0.596159
0.639	0.599101
0.642	0.602021
0.645	0.604918
0.648	0.607786
0.651	0.610625
0.654	0.613431
0.657	0.616202
0.66	0.618935
0.663	0.62163
0.666	0.624284
0.669	0.626896
0.672	0.629465
0.675	0.63199
0.678	0.634469
0.681	0.636903
0.684	0.639291
0.687	0.641634
0.69	0.643931
0.693	0.646183
0.696	0.64839
0.699	0.650554
0.702	0.652675
0.705	0.654755
0.708	0.656794
0.711	0.658795
0.714	0.660759
0.717	0.662688
0.72	0.664584
0.723	0.666449
0.726	0.668285
0.729	0.670094
0.732	0.671878
0.735	0.67364
0.738	0.675383
0.741	0.677108
0.744	0.678818
0.747	0.680516
0.75	0.682205
0.753	0.683886
0.756	0.685562
0.759	0.687236
0.762	0.688911
0.765	0.690588
0.768	0.69227
0.771	0.69396
0.774	0.695659
0.777	0.697371
0.78	0.699097
0.783	0.700839
0.786	0.702599
0.789	0.704378
0.792	0.70618
0.795	0.708005
0.798	0.709854
0.801	0.711729
0.804	0.713631
0.807	0.715562
0.81	0.71752
0.813	0.719509
0.816	0.721526
0.819	0.723574
0.822	0.725652
0.825	0.727759
0.828	0.729895
0.831	0.73206
0.834	0.734253
0.837	0.736472
0.84	0.738717
0.843	0.740986
0.846	0.743277
0.849	0.745589
0.852	0.747919
0.855	0.750266
0.858	0.752626
0.861	0.754999
0.864	0.75738
0.867	0.759768
0.87	0.76216
0.873	0.764552
0.876	0.766943
0.879	0.76933
0.882	0.771709
0.885	0.774077
0.888	0.776433
0.891	0.778774
0.894	0.781096
0.897	0.783398
0.9	0.785677
0.903	0.78793
0.906	0.790157
0.909	0.792354
0.912	0.794521
0.915	0.796655
0.918	0.798755
0.921	0.80082
0.924	0.80285
0.927	0.804842
0.93	0.806797
0.933	0.808715
0.936	0.810594
0.939	0.812435
0.942	0.814238
0.945	0.816003
0.948	0.817731
0.951	0.819422
0.954	0.821077
0.957	0.822697
0.96	0.824283
0.963	0.825836
0.966	0.827357
0.969	0.828848
0.972	0.83031
0.975	0.831745
0.978	0.833154
0.981	0.834538
0.984	0.8359
0.987	0.837242
0.99	0.838564
0.993	0.839869
0.996	0.841159
0.999	0.842436
1.002	0.843701
1.005	0.844956
1.008	0.846203
1.011	0.847445
1.014	0.848682
1.017	0.849916
1.02	0.85115
1.023	0.852385
1.026	0.853622
1.029	0.854864
1.032	0.856111
1.035	0.857365
1.038	0.858628
1.041	0.8599
1.044	0.861184
1.047	0.862479
1.05	0.863788
1.053	0.86511
1.056	0.866447
1.059	0.8678
1.062	0.869168
1.065	0.870552
1.068	0.871953
1.071	0.87337
1.074	0.874804
1.077	0.876254
1.08	0.877721
1.083	0.879203
1.086	0.8807
1.089	0.882211
1.092	0.883735
1.095	0.885272
1.098	0.886821
1.101	0.888379
1.104	0.889946
1.107	0.891521
1.11	0.893101
1.113	0.894686
1.116	0.896273
1.119	0.897861
1.122	0.899448
1.125	0.901032
1.128	0.902611
1.131	0.904184
1.134	0.905749
1.137	0.907304
1.14	0.908848
1.143	0.910378
1.146	0.911893
1.149	0.913391
1.152	0.914871
1.155	0.916332
1.158	0.917772
1.161	0.91919
1.164	0.920586
1.167	0.921957
1.17	0.923303
1.173	0.924624
1.176	0.925919
1.179	0.927187
1.182	0.928428
1.185	0.929641
1.188	0.930828
1.191	0.931987
1.194	0.933118
1.197	0.934222
1.2	0.9353
1.203	0.936351
1.206	0.937376
1.209	0.938375
1.212	0.939349
1.215	0.940299
1.218	0.941226
1.221	0.94213
1.224	0.943012
1.227	0.943874
1.23	0.944715
1.233	0.945537
1.236	0.946342
1.239	0.947129
1.242	0.947901
1.245	0.948658
1.248	0.949401
1.251	0.950132
1.254	0.950851
1.257	0.95156
1.26	0.952259
1.263	0.95295
1.266	0.953634
1.269	0.954311
1.272	0.954984
1.275	0.955652
1.278	0.956317
1.281	0.95698
1.284	0.957641
1.287	0.958302
1.29	0.958963
1.293	0.959625
1.296	0.960289
1.299	0.960955
1.302	0.961624
1.305	0.962297
1.308	0.962973
1.311	0.963654
1.314	0.964339
1.317	0.96503
1.32	0.965725
1.323	0.966426
1.326	0.967132
1.329	0.967844
1.332	0.96856
1.335	0.969282
1.338	0.970008
1.341	0.970738
1.344	0.971473
1.347	0.972211
1.35	0.972951
1.353	0.973695
1.356	0.974439
1.359	0.975185
1.362	0.975931
1.365	0.976677
1.368	0.977421
1.371	0.978162
1.374	0.978901
1.377	0.979635
1.38	0.980365
1.383	0.981088
1.386	0.981805
1.389	0.982514
1.392	0.983214
1.395	0.983905
1.398	0.984586
1.401	0.985256
1.404	0.985914
1.407	0.98656
1.41	0.987192
1.413	0.987811
1.416	0.988415
1.419	0.989005
1.422	0.989579
1.425	0.990138
1.428	0.990681
1.431	0.991207
1.434	0.991717
1.437	0.992211
1.44	0.992687
1.443	0.993147
1.446	0.99359
1.449	0.994016
1.452	0.994424
1.455	0.994816
1.458	0.995192
1.461	0.995551
1.464	0.995893
1.467	0.996219
1.47	0.996529
1.473	0.996823
1.476	0.997102
1.479	0.997365
1.482	0.997613
1.485	0.997846
1.488	0.998065
1.491	0.99827
1.494	0.99846
1.497	0.998637
1.5	0.998801
1.503	0.998951
1.506	0.999088
1.509	0.999213
1.512	0.999326
1.515	0.999426
1.518	0.999515
1.521	0.999592
1.524	0.999657
1.527	0.999712
1.53	0.999755
1.533	0.999789
1.536	0.999811
1.539	0.999824
1.542	0.999826
1.545	0.999819
1.548	0.999802
1.551	0.999776
1.554	0.999741
1.557	0.999697
1.56	0.999644
1.563	0.999583
1.566	0.999513
1.569	0.999435
1.572	0.99935
1.575	0.999256
1.578	0.999156
1.581	0.999048
1.584	0.998933
1.587	0.998811
1.59	0.998683
1.593	0.998549
1.596	0.998408
1.599	0.998262
1.602	0.99811
1.605	0.997953
1.608	0.997791
1.611	0.997624
1.614	0.997453
1.617	0.997277
1.62	0.997097
1.623	0.996913
1.626	0.996725
1.629	0.996535
1.632	0.99634
1.635	0.996143
1.638	0.995943
1.641	0.99574
1.644	0.995534
1.647	0.995326
1.65	0.995116
1.653	0.994903
1.656	0.994688
1.659	0.99447
1.662	0.994251
1.665	0.994029
1.668	0.993804
1.671	0.993578
1.674	0.993348
1.677	0.993116
1.68	0.992881
1.683	0.992644
1.686	0.992402
1.689	0.992158
1.692	0.99191
1.695	0.991657
1.698	0.9914
1.701	0.991139
1.704	0.990872
1.707	0.9906
1.71	0.990322
1.713	0.990038
1.716	0.989747
1.719	0.989448
1.722	0.989142
1.725	0.988827
1.728	0.988503
1.731	0.98817
1.734	0.987827
1.737	0.987473
1.74	0.987107
1.743	0.98673
1.746	0.986341
1.749	0.985938
1.752	0.985522
1.755	0.985091
1.758	0.984645
1.761	0.984183
1.764	0.983705
1.767	0.98321
1.77	0.982698
1.773	0.982167
1.776	0.981618
1.779	0.981049
1.782	0.980461
1.785	0.979852
1.788	0.979223
1.791	0.978572
1.794	0.9779
1.797	0.977207
1.8	0.976491
1.803	0.975753
1.806	0.974993
1.809	0.97421
1.812	0.973405
1.815	0.972577
1.818	0.971728
1.821	0.970856
1.824	0.969963
1.827	0.969049
1.83	0.968114
1.833	0.967159
1.836	0.966185
1.839	0.965192
1.842	0.964181
1.845	0.963154
1.848	0.962111
1.851	0.961054
1.854	0.959983
1.857	0.9589
1.86	0.957806
1.863	0.956702
1.866	0.95559
1.869	0.954471
1.872	0.953347
1.875	0.952218
1.878	0.951087
1.881	0.949954
1.884	0.948822
1.887	0.947691
1.89	0.946563
1.893	0.945438
1.896	0.944319
1.899	0.943206
1.902	0.9421
1.905	0.941002
1.908	0.939913
1.911	0.938834
1.914	0.937765
1.917	0.936706
1.92	0.935659
1.923	0.934624
1.926	0.9336
1.929	0.932588
1.932	0.931588
1.935	0.930599
1.938	0.929622
1.941	0.928656
1.944	0.927701
1.947	0.926755
1.95	0.925819
1.953	0.924892
1.956	0.923972
1.959	0.92306
1.962	0.922154
1.965	0.921252
1.968	0.920355
1.971	0.91946
1.974	0.918567
1.977	0.917674
1.98	0.91678
1.983	0.915883
1.986	0.914983
1.989	0.914077
1.992	0.913165
1.995	0.912245
1.998	0.911315
2.001	0.910374
2.004	0.90942
2.007	0.908452
2.01	0.907469
2.013	0.906468
2.016	0.905449
2.019	0.90441
2.022	0.903349
2.025	0.902266
2.028	0.901159
2.031	0.900026
2.034	0.898867
2.037	0.89768
2.04	0.896464
2.043	0.895218
2.046	0.893942
2.049	0.892634
2.052	0.891294
2.055	0.889921
2.058	0.888515
2.061	0.887075
2.064	0.885602
2.067	0.884094
2.07	0.882553
2.073	0.880978
2.076	0.87937
2.079	0.87773
2.082	0.876057
2.085	0.874354
2.088	0.87262
2.091	0.870858
2.094	0.869068
2.097	0.867252
2.1	0.865411
2.103	0.863548
2.106	0.861664
2.109	0.859761
2.112	0.857841
2.115	0.855907
2.118	0.85396
2.121	0.852004
2.124	0.850039
2.127	0.848069
2.13	0.846096
2.133	0.844123
2.136	0.842151
2.139	0.840183
2.142	0.838221
2.145	0.836267
2.148	0.834323
2.151	0.832392
2.154	0.830474
2.157	0.828572
2.16	0.826687
2.163	0.82482
2.166	0.822972
2.169	0.821146
2.172	0.81934
2.175	0.817557
2.178	0.815796
2.181	0.814058
2.184	0.812343
2.187	0.810651
2.19	0.808981
2.193	0.807334
2.196	0.805708
2.199	0.804103
2.202	0.802519
2.205	0.800954
2.208	0.799406
2.211	0.797876
2.214	0.796361
2.217	0.794859
2.22	0.79337
2.223	0.791892
2.226	0.790422
2.229	0.78896
2.232	0.787503
2.235	0.786049
2.238	0.784596
2.241	0.783142
2.244	0.781685
2.247	0.780223
2.25	0.778753
2.253	0.777275
2.256	0.775785
2.259	0.774281
2.262	0.772761
2.265	0.771224
2.268	0.769667
2.271	0.768088
2.274	0.766485
2.277	0.764857
2.28	0.763201
2.283	0.761516
2.286	0.7598
2.289	0.758052
2.292	0.75627
2.295	0.754453
2.298	0.7526
2.301	0.75071
2.304	0.748781
2.307	0.746814
2.31	0.744808
2.313	0.742762
2.316	0.740676
2.319	0.73855
2.322	0.736384
2.325	0.73418
2.328	0.731936
2.331	0.729655
2.334	0.727337
2.337	0.724984
2.34	0.722596
2.343	0.720176
2.346	0.717725
2.349	0.715246
2.352	0.712739
2.355	0.710209
2.358	0.707656
2.361	0.705084
2.364	0.702495
2.367	0.699892
2.37	0.697278
2.373	0.694656
2.376	0.692029
2.379	0.689399
2.382	0.68677
2.385	0.684144
2.388	0.681524
2.391	0.678913
2.394	0.676314
2.397	0.673729
2.4	0.671161
2.403	0.668611
2.406	0.666083
2.409	0.663577
2.412	0.661095
2.415	0.65864
2.418	0.656213
2.421	0.653814
2.424	0.651444
2.427	0.649105
2.43	0.646796
2.433	0.644518
2.436	0.642271
2.439	0.640055
2.442	0.637869
2.445	0.635713
2.448	0.633587
2.451	0.631488
2.454	0.629416
2.457	0.627369
2.46	0.625347
2.463	0.623347
2.466	0.621368
2.469	0.619408
2.472	0.617464
2.475	0.615535
2.478	0.613619
2.481	0.611712
2.484	0.609813
2.487	0.607919
2.49	0.606027
2.493	0.604136
2.496	0.602242
2.499	0.600343
2.502	0.598436
2.505	0.596518
2.508	0.594587
2.511	0.59264
2.514	0.590675
2.517	0.588688
2.52	0.586679
2.523	0.584643
2.526	0.582579
2.529	0.580484
2.532	0.578356
2.535	0.576194
2.538	0.573995
2.541	0.571757
2.544	0.569479
2.547	0.56716
2.55	0.564797
2.553	0.562391
2.556	0.559939
2.559	0.557442
2.562	0.554898
2.565	0.552308
2.568	0.549671
2.571	0.546988
2.574	0.54426
2.577	0.541486
2.58	0.538668
2.583	0.535807
2.586	0.532905
2.589	0.529963
2.592	0.526983
2.595	0.523968
2.598	0.52092
2.601	0.517841
2.604	0.514735
2.607	0.511604
2.61	0.508452
2.613	0.505281
2.616	0.502096
2.619	0.498899
2.622	0.495695
2.625	0.492487
2.628	0.489278
2.631	0.486073
2.634	0.482874
2.637	0.479686
2.64	0.476511
2.643	0.473353
2.646	0.470216
2.649	0.467102
2.652	0.464013
2.655	0.460954
2.658	0.457925
2.661	0.45493
2.664	0.45197
2.667	0.449046
2.67	0.446161
2.673	0.443316
2.676	0.44051
2.679	0.437746
2.682	0.435024
2.685	0.432343
2.688	0.429703
2.691	0.427104
2.694	0.424546
2.697	0.422027
2.7	0.419546
2.703	0.417102
2.706	0.414694
2.709	0.41232
2.712	0.409978
2.715	0.407666
2.718	0.405381
2.721	0.403122
2.724	0.400885
2.727	0.398668
2.73	0.396469
2.733	0.394285
2.736	0.392112
2.739	0.389948
2.742	0.38779
2.745	0.385635
2.748	0.38348
2.751	0.38132
2.754	0.379155
2.757	0.37698
2.76	0.374792
2.763	0.372588
2.766	0.370366
2.769	0.368122
2.772	0.365853
2.775	0.363557
2.778	0.361232
2.781	0.358873
2.784	0.35648
2.787	0.354049
2.79	0.351579
2.793	0.349068
2.796	0.346513
2.799	0.343913
2.802	0.341267
2.805	0.338573
2.808	0.335831
2.811	0.333039
2.814	0.330198
2.817	0.327307
2.82	0.324366
2.823	0.321375
2.826	0.318335
2.829	0.315247
2.832	0.312112
2.835	0.308931
2.838	0.305707
2.841	0.30244
2.844	0.299133
2.847	0.29579
2.85	0.292411
2.853	0.289001
2.856	0.285563
2.859	0.282099
2.862	0.278613
2.865	0.275109
2.868	0.271591
2.871	0.268062
2.874	0.264527
2.877	0.260989
2.88	0.257451
2.883	0.253919
2.886	0.250396
2.889	0.246885
2.892	0.24339
2.895	0.239916
2.898	0.236464
2.901	0.233038
2.904	0.229642
2.907	0.226278
2.91	0.222948
2.913	0.219655
2.916	0.2164
2.919	0.213186
2.922	0.210014
2.925	0.206886
2.928	0.203801
2.931	0.200761
2.934	0.197766
2.937	0.194816
2.94	0.19191
2.943	0.189049
2.946	0.186232
2.949	0.183457
2.952	0.180724
2.955	0.17803
2.958	0.175375
2.961	0.172757
2.964	0.170173
2.967	0.167621
2.97	0.165099
2.973	0.162604
2.976	0.160134
2.979	0.157686
2.982	0.155257
2.985	0.152844
2.988	0.150445
2.991	0.148056
2.994	0.145673
2.997	0.143295
3	0.140918
3.003	0.138537
3.006	0.136152
3.009	0.133757
3.012	0.131351
3.015	0.12893
3.018	0.126491
3.021	0.124031
3.024	0.121548
3.027	0.119038
3.03	0.1165
3.033	0.11393
3.036	0.111326
3.039	0.108686
3.042	0.106009
3.045	0.103291
3.048	0.100532
3.051	0.0977307
3.054	0.094885
3.057	0.0919943
3.06	0.0890579
3.063	0.0860752
3.066	0.0830462
3.069	0.0799707
3.072	0.0768492
3.075	0.0736822
3.078	0.0704705
3.081	0.0672154
3.084	0.0639181
3.087	0.0605804
3.09	0.0572043
3.093	0.0537919
3.096	0.0503456
3.099	0.0468681
3.102	0.0433624
3.105	0.0398314
3.108	0.0362785
3.111	0.032707
3.114	0.0291205
3.117	0.0255227
3.12	0.0219172
3.123	0.0183078
3.126	0.0146985
3.129	0.0110929
3.132	0.0074949
3.135	0.00390822
3.138	0.000336522
3.141	-0.00321666
3.144	-0.00674789
3.147	-0.0102539
3.15	-0.0137317
3.153	-0.0171782
3.156	-0.0205909
3.159	-0.0239673
3.162	-0.0273052
3.165	-0.0306027
3.168	-0.0338579
3.171	-0.0370696
3.174	-0.0402366
3.177	-0.0433581
3.18	-0.0464333
3.183	-0.0494621
3.186	-0.0524443
3.189	-0.0553802
3.192	-0.0582703
3.195	-0.0611153
3.198	-0.0639162
3.201	-0.0666741
3.204	-0.0693906
3.207	-0.0720673
3.21	-0.0747059
3.213	-0.0773085
3.216	-0.0798773
3.219	-0.0824147
3.222	-0.0849231
3.225	-0.0874052
3.228	-0.0898637
3.231	-0.0923014
3.234	-0.0947213
3.237	-0.0971264
3.24	-0.0995197
3.243	-0.101904
3.246	-0.104284
3.249	-0.10666
3.252	-0.109038
3.255	-0.11142
3.258	-0.113809
3.261	-0.116208
3.264	-0.118621
3.267	-0.12105
3.27	-0.123499
3.273	-0.125969
3.276	-0.128465
3.279	-0.130988
3.282	-0.133542
3.285	-0.136127
3.288	-0.138748
3.291	-0.141405
3.294	-0.144101
3.297	-0.146837
3.3	-0.149614
3.303	-0.152435
3.306	-0.155299
3.309	-0.158208
3.312	-0.161162
3.315	-0.164161
3.318	-0.167205
3.321	-0.170295
3.324	-0.173428
3.327	-0.176605
3.33	-0.179824
3.333	-0.183084
3.336	-0.186383
3.339	-0.189719
3.342	-0.19309
3.345	-0.196493
3.348	-0.199926
3.351	-0.203386
3.354	-0.206869
3.357	-0.210372
3.36	-0.213892
3.363	-0.217425
3.366	-0.220968
3.369	-0.224516
3.372	-0.228066
3.375	-0.231614
3.378	-0.235157
3.381	-0.238689
3.384	-0.242209
3.387	-0.245711
3.39	-0.249192
3.393	-0.252649
3.396	-0.25608
3.399	-0.259479
3.402	-0.262846
3.405	-0.266176
3.408	-0.269469
3.411	-0.27272
3.414	-0.27593
3.417	-0.279095
3.42	-0.282215
3.423	-0.285288
3.426	-0.288315
3.429	-0.291293
3.432	-0.294223
3.435	-0.297105
3.438	-0.299939
3.441	-0.302726
3.444	-0.305466
3.447	-0.308161
3.45	-0.310811
3.453	-0.313418
3.456	-0.315984
3.459	-0.31851
3.462	-0.320999
3.465	-0.323453
3.468	-0.325873
3.471	-0.328263
3.474	-0.330624
3.477	-0.33296
3.48	-0.335274
3.483	-0.337567
3.486	-0.339844
3.489	-0.342107
3.492	-0.344358
3.495	-0.346602
3.498	-0.348841
3.501	-0.351077
3.504	-0.353315
3.507	-0.355557
3.51	-0.357806
3.513	-0.360064
3.516	-0.362336
3.519	-0.364623
3.522	-0.366928
3.525	-0.369254
3.528	-0.371603
3.531	-0.373978
3.534	-0.376381
3.537	-0.378813
3.54	-0.381277
3.543	-0.383775
3.546	-0.386307
3.549	-0.388875
3.552	-0.391481
3.555	-0.394125
3.558	-0.396808
3.561	-0.39953
3.564	-0.402292
3.567	-0.405093
3.57	-0.407933
3.573	-0.410811
3.576	-0.413727
3.579	-0.41668
3.582	-0.419668
3.585	-0.422689
3.588	-0.425742
3.591	-0.428824
3.594	-0.431934
3.597	-0.435069
3.6	-0.438225
3.603	-0.441401
3.606	-0.444593
3.609	-0.447799
3.612	-0.451014
3.615	-0.454235
3.618	-0.45746
3.621	-0.460684
3.624	-0.463904
3.627	-0.467116
3.63	-0.470318
3.633	-0.473505
3.636	-0.476675
3.639	-0.479824
3.642	-0.48295
3.645	-0.486048
3.648	-0.489117
3.651	-0.492154
3.654	-0.495157
3.657	-0.498123
3.66	-0.50105
3.663	-0.503938
3.666	-0.506783
3.669	-0.509586
3.672	-0.512345
3.675	-0.51506
3.678	-0.517729
3.681	-0.520354
3.684	-0.522933
3.687	-0.525466
3.69	-0.527956
3.693	-0.530401
3.696	-0.532804
3.699	-0.535164
3.702	-0.537484
3.705	-0.539765
3.708	-0.542009
3.711	-0.544216
3.714	-0.54639
3.717	-0.548532
3.72	-0.550644
3.723	-0.552729
3.726	-0.554788
3.729	-0.556826
3.732	-0.558843
3.735	-0.560843
3.738	-0.562828
3.741	-0.564801
3.744	-0.566765
3.747	-0.568722
3.75	-0.570675
3.753	-0.572627
3.756	-0.57458
3.759	-0.576537
3.762	-0.578501
3.765	-0.580474
3.768	-0.58246
3.771	-0.584459
3.774	-0.586475
3.777	-0.588509
3.78	-0.590565
3.783	-0.592644
3.786	-0.594747
3.789	-0.596877
3.792	-0.599035
3.795	-0.601222
3.798	-0.603441
3.801	-0.605691
3.804	-0.607973
3.807	-0.610289
3.81	-0.612639
3.813	-0.615022
3.816	-0.61744
3.819	-0.619891
3.822	-0.622375
3.825	-0.624891
3.828	-0.627439
3.831	-0.630016
3.834	-0.632623
3.837	-0.635256
3.84	-0.637915
3.843	-0.640597
3.846	-0.6433
3.849	-0.646021
3.852	-0.648757
3.855	-0.651507
3.858	-0.654267
3.861	-0.657034
3.864	-0.659804
3.867	-0.662576
3.87	-0.665345
3.873	-0.668109
3.876	-0.670864
3.879	-0.673607
3.882	-0.676335
3.885	-0.679045
3.888	-0.681734
3.891	-0.684399
3.894	-0.687038
3.897	-0.689648
3.9	-0.692227
3.903	-0.694772
3.906	-0.697281
3.909	-0.699754
3.912	-0.702187
3.915	-0.704581
3.918	-0.706933
3.921	-0.709243
3.924	-0.711511
3.927	-0.713735
3.93	-0.715916
3.933	-0.718053
3.936	-0.720147
3.939	-0.722199
3.942	-0.724208
3.945	-0.726175
3.948	-0.728102
3.951	-0.729989
3.954	-0.731838
3.957	-0.733651
3.96	-0.735427
3.963	-0.737171
3.966	-0.738882
3.969	-0.740563
3.972	-0.742217
3.975	-0.743844
3.978	-0.745447
3.981	-0.747028
3.984	-0.74859
3.987	-0.750135
3.99	-0.751664
3.993	-0.75318
3.996	-0.754686
3.999	-0.756184
4.002	-0.757676
4.005	-0.759164
4.008	-0.760651
4.011	-0.762138
4.014	-0.763629
4.017	-0.765125
4.02	-0.766628
4.023	-0.768141
4.026	-0.769664
4.029	-0.771201
4.032	-0.772753
4.035	-0.774321
4.038	-0.775907
4.041	-0.777513
4.044	-0.779139
4.047	-0.780788
4.05	-0.782459
4.053	-0.784155
4.056	-0.785875
4.059	-0.78762
4.062	-0.789391
4.065	-0.791187
4.068	-0.793009
4.071	-0.794857
4.074	-0.79673
4.077	-0.798628
4.08	-0.800549
4.083	-0.802494
4.086	-0.80446
4.089	-0.806447
4.092	-0.808454
4.095	-0.810478
4.098	-0.812517
4.101	-0.814571
4.104	-0.816637
4.107	-0.818712
4.11	-0.820795
4.113	-0.822882
4.116	-0.824973
4.119	-0.827064
4.122	-0.829152
4.125	-0.831236
4.128	-0.833313
4.131	-0.835379
4.134	-0.837434
4.137	-0.839474
4.14	-0.841498
4.143	-0.843502
4.146	-0.845485
4.149	-0.847446
4.152	-0.849381
4.155	-0.85129
4.158	-0.85317
4.161	-0.855021
4.164	-0.856841
4.167	-0.858629
4.17	-0.860385
4.173	-0.862107
4.176	-0.863795
4.179	-0.865449
4.182	-0.867068
4.185	-0.868652
4.188	-0.870201
4.191	-0.871716
4.194	-0.873197
4.197	-0.874645
4.2	-0.87606
4.203	-0.877442
4.206	-0.878793
4.209	-0.880114
4.212	-0.881406
4.215	-0.88267
4.218	-0.883906
4.221	-0.885118
4.224	-0.886305
4.227	-0.887469
4.23	-0.888612
4.233	-0.889735
4.236	-0.89084
4.239	-0.891928
4.242	-0.893
4.245	-0.894059
4.248	-0.895106
4.251	-0.896143
4.254	-0.89717
4.257	-0.898191
4.26	-0.899205
4.263	-0.900215
4.266	-0.901222
4.269	-0.902227
4.272	-0.903232
4.275	-0.904239
4.278	-0.905248
4.281	-0.906261
4.284	-0.907279
4.287	-0.908302
4.29	-0.909333
4.293	-0.910371
4.296	-0.911418
4.299	-0.912475
4.302	-0.913542
4.305	-0.914619
4.308	-0.915708
4.311	-0.916808
4.314	-0.91792
4.317	-0.919043
4.32	-0.920179
4.323	-0.921326
4.326	-0.922486
4.329	-0.923656
4.332	-0.924837
4.335	-0.926029
4.338	-0.92723
4.341	-0.92844
4.344	-0.929658
4.347	-0.930884
4.35	-0.932115
4.353	-0.933351
4.356	-0.934592
4.359	-0.935834
4.362	-0.937078
4.365	-0.938322
4.368	-0.939564
4.371	-0.940804
4.374	-0.942039
4.377	-0.943268
4.38	-0.94449
4.383	-0.945704
4.386	-0.946907
4.389	-0.948099
4.392	-0.949279
4.395	-0.950444
4.398	-0.951595
4.401	-0.952729
4.404	-0.953847
4.407	-0.954945
4.41	-0.956025
4.413	-0.957085
4.416	-0.958125
4.419	-0.959143
4.422	-0.96014
4.425	-0.961114
4.428	-0.962066
4.431	-0.962995
4.434	-0.963901
4.437	-0.964784
4.44	-0.965644
4.443	-0.966482
4.446	-0.967296
4.449	-0.968088
4.452	-0.968858
4.455	-0.969605
4.458	-0.970331
4.461	-0.971036
4.464	-0.971721
4.467	-0.972385
4.47	-0.97303
4.473	-0.973656
4.476	-0.974264
4.479	-0.974855
4.482	-0.975428
4.485	-0.975986
4.488	-0.976528
4.491	-0.977055
4.494	-0.977569
4.497	-0.978069
4.5	-0.978557
4.503	-0.979033
4.506	-0.979498
4.509	-0.979953
4.512	-0.980399
4.515	-0.980835
4.518	-0.981264
4.521	-0.981685
4.524	-0.9821
4.527	-0.982508
4.53	-0.982911
4.533	-0.983308
4.536	-0.983702
4.539	-0.984091
4.542	-0.984477
4.545	-0.984861
4.548	-0.985241
4.551	-0.98562
4.554	-0.985997
4.557	-0.986373
4.56	-0.986747
4.563	-0.987121
4.566	-0.987494
4.569	-0.987867
4.572	-0.988239
4.575	-0.988611
4.578	-0.988983
4.581	-0.989355
4.584	-0.989726
4.587	-0.990097
4.59	-0.990468
4.593	-0.990838
4.596	-0.991207
4.599	-0.991575
4.602	-0.991942
4.605	-0.992307
4.608	-0.99267
4.611	-0.993031
4.614	-0.993389
4.617	-0.993744
4.62	-0.994096
4.623	-0.994444
4.626	-0.994787
4.629	-0.995126
4.632	-0.99546
4.635	-0.995788
4.638	-0.99611
4.641	-0.996426
4.644	-0.996734
4.647	-0.997036
4.65	-0.99733
4.653	-0.997615
4.656	-0.997893
4.659	-0.998161
4.662	-0.998421
4.665	-0.998671
4.668	-0.998911
4.671	-0.999141
4.674	-0.999361
4.677	-0.999571
4.68	-0.99977
4.683	-0.999958
4.686	-1.00014
4.689	-1.0003
4.692	-1.00046
4.695	-1.0006
4.698	-1.00073
4.701	-1.00085
4.704	-1.00096
4.707	-1.00105
4.71	-1.00114
4.713	-1.00121
4.716	-1.00127
4.719	-1.00131
4.722	-1.00135
4.725	-1.00137
4.728	-1.00138
4.731	-1.00137
4.734	-1.00135
4.737	-1.00132
4.74	-1.00128
4.743	-1.00123
4.746	-1.00116
4.749	-1.00107
4.752	-1.00098
4.755	-1.00086
4.758	-1.00074
4.761	-1.0006
4.764	-1.00045
4.767	-1.00028
4.77	-1.0001
4.773	-0.999905
4.776	-0.999695
4.779	-0.99947
4.782	-0.999229
4.785	-0.998974
4.788	-0.998704
4.791	-0.998419
4.794	-0.998118
4.797	-0.997802
4.8	-0.997471
4.803	-0.997125
4.806	-0.996764
4.809	-0.996388
4.812	-0.995996
4.815	-0.99559
4.818	-0.99517
4.821	-0.994735
4.824	-0.994286
4.827	-0.993823
4.83	-0.993347
4.833	-0.992858
4.836	-0.992356
4.839	-0.991842
4.842	-0.991317
4.845	-0.990781
4.848	-0.990234
4.851	-0.989677
4.854	-0.989112
4.857	-0.988538
4.86	-0.987956
4.863	-0.987367
4.866	-0.986772
4.869	-0.986172
4.872	-0.985566
4.875	-0.984957
4.878	-0.984344
4.881	-0.983729
4.884	-0.983113
4.887	-0.982494
4.89	-0.981876
4.893	-0.981258
4.896	-0.98064
4.899	-0.980023
4.902	-0.979409
4.905	-0.978796
4.908	-0.978186
4.911	-0.977579
4.914	-0.976975
4.917	-0.976374
4.92	-0.975777
4.923	-0.975183
4.926	-0.974592
4.929	-0.974005
4.932	-0.973421
4.935	-0.972841
4.938	-0.972263
4.941	-0.971688
4.944	-0.971115
4.947	-0.970544
4.95	-0.969974
4.953	-0.969404
4.956	-0.968835
4.959	-0.968265
4.962	-0.967695
4.965	-0.967122
4.968	-0.966547
4.971	-0.965968
4.974	-0.965385
4.977	-0.964797
4.98	-0.964203
4.983	-0.963602
4.986	-0.962993
4.989	-0.962376
4.992	-0.961748
4.995	-0.961111
4.998	-0.960461
5.001	-0.959799
5.004	-0.959124
5.007	-0.958434
5.01	-0.957728
5.013	-0.957006
5.016	-0.956267
5.019	-0.955509
5.022	-0.954732
5.025	-0.953936
5.028	-0.953118
5.031	-0.952279
5.034	-0.951418
5.037	-0.950534
5.04	-0.949626
5.043	-0.948694
5.046	-0.947738
5.049	-0.946757
5.052	-0.94575
5.055	-0.944718
5.058	-0.94366
5.061	-0.942577
5.064	-0.941467
5.067	-0.940333
5.07	-0.939173
5.073	-0.937988
5.076	-0.936778
5.079	-0.935545
5.082	-0.934288
5.085	-0.93301
5.088	-0.931709
5.091	-0.930388
5.094	-0.929048
5.097	-0.927689
5.1	-0.926314
5.103	-0.924923
5.106	-0.923518
5.109	-0.922101
5.112	-0.920672
5.115	-0.919234
5.118	-0.917788
5.121	-0.916336
5.124	-0.91488
5.127	-0.913421
5.13	-0.91196
5.133	-0.910501
5.136	-0.909043
5.139	-0.907589
5.142	-0.90614
5.145	-0.904698
5.148	-0.903264
5.151	-0.901838
5.154	-0.900423
5.157	-0.899019
5.16	-0.897627
5.163	-0.896248
5.166	-0.894882
5.169	-0.893531
5.172	-0.892194
5.175	-0.890872
5.178	-0.889565
5.181	-0.888272
5.184	-0.886995
5.187	-0.885732
5.19	-0.884483
5.193	-0.883248
5.196	-0.882026
5.199	-0.880816
5.202	-0.879618
5.205	-0.87843
5.208	-0.877252
5.211	-0.876082
5.214	-0.874919
5.217	-0.873762
5.22	-0.87261
5.223	-0.871461
5.226	-0.870314
5.229	-0.869166
5.232	-0.868018
5.235	-0.866866
5.238	-0.865709
5.241	-0.864545
5.244	-0.863373
5.247	-0.862192
5.25	-0.860998
5.253	-0.859791
5.256	-0.858569
5.259	-0.857329
5.262	-0.856071
5.265	-0.854793
5.268	-0.853492
5.271	-0.852167
5.274	-0.850818
5.277	-0.849441
5.28	-0.848036
5.283	-0.846602
5.286	-0.845136
5.289	-0.843639
5.292	-0.842108
5.295	-0.840543
5.298	-0.838944
5.301	-0.837308
5.304	-0.835637
5.307	-0.833928
5.31	-0.832183
5.313	-0.830401
5.316	-0.828581
5.319	-0.826725
5.322	-0.824833
5.325	-0.822905
5.328	-0.820941
5.331	-0.818944
5.334	-0.816914
5.337	-0.814853
5.34	-0.812761
5.343	-0.810641
5.346	-0.808495
5.349	-0.806324
5.352	-0.80413
5.355	-0.801917
5.358	-0.799685
5.361	-0.797439
5.364	-0.795179
5.367	-0.792909
5.37	-0.790632
5.373	-0.78835
5.376	-0.786066
5.379	-0.783782
5.382	-0.781501
5.385	-0.779226
5.388	-0.776959
5.391	-0.774703
5.394	-0.77246
5.397	-0.770231
5.4	-0.76802
5.403	-0.765828
5.406	-0.763656
5.409	-0.761506
5.412	-0.75938
5.415	-0.757279
5.418	-0.755203
5.421	-0.753153
5.424	-0.751131
5.427	-0.749136
5.43	-0.747168
5.433	-0.745227
5.436	-0.743314
5.439	-0.741427
5.442	-0.739567
5.445	-0.737731
5.448	-0.73592
5.451	-0.734133
5.454	-0.732367
5.457	-0.730621
5.46	-0.728895
5.463	-0.727185
5.466	-0.725491
5.469	-0.723811
5.472	-0.722142
5.475	-0.720483
5.478	-0.718831
5.481	-0.717184
5.484	-0.71554
5.487	-0.713896
5.49	-0.71225
5.493	-0.710601
5.496	-0.708944
5.499	-0.707279
5.502	-0.705602
5.505	-0.703911
5.508	-0.702205
5.511	-0.700479
5.514	-0.698733
5.517	-0.696964
5.52	-0.69517
5.523	-0.693348
5.526	-0.691497
5.529	-0.689615
5.532	-0.6877
5.535	-0.685751
5.538	-0.683765
5.541	-0.681741
5.544	-0.679679
5.547	-0.677577
5.55	-0.675433
5.553	-0.673249
5.556	-0.671022
5.559	-0.668752
5.562	-0.66644
5.565	-0.664085
5.568	-0.661688
5.571	-0.65925
5.574	-0.65677
5.577	-0.65425
5.58	-0.651691
5.583	-0.649094
5.586	-0.646462
5.589	-0.643795
5.592	-0.641097
5.595	-0.638368
5.598	-0.635613
5.601	-0.632832
5.604	-0.630029
5.607	-0.627207
5.61	-0.624368
5.613	-0.621516
5.616	-0.618654
5.619	-0.615785
5.622	-0.612912
5.625	-0.610038
5.628	-0.607167
5.631	-0.604301
5.634	-0.601444
5.637	-0.598599
5.64	-0.595768
5.643	-0.592955
5.646	-0.590161
5.649	-0.587389
5.652	-0.584641
5.655	-0.58192
5.658	-0.579228
5.661	-0.576565
5.664	-0.573933
5.667	-0.571334
5.67	-0.568767
5.673	-0.566235
5.676	-0.563737
5.679	-0.561274
5.682	-0.558845
5.685	-0.55645
5.688	-0.554089
5.691	-0.551761
5.694	-0.549465
5.697	-0.5472
5.7	-0.544965
5.703	-0.542757
5.706	-0.540576
5.709	-0.53842
5.712	-0.536286
5.715	-0.534173
5.718	-0.532078
5.721	-0.529998
5.724	-0.527932
5.727	-0.525877
5.73	-0.52383
5.733	-0.521787
5.736	-0.519748
5.739	-0.517708
5.742	-0.515664
5.745	-0.513615
5.748	-0.511556
5.751	-0.509485
5.754	-0.507399
5.757	-0.505296
5.76	-0.503172
5.763	-0.501024
5.766	-0.49885
5.769	-0.496647
5.772	-0.494412
5.775	-0.492144
5.778	-0.489839
5.781	-0.487496
5.784	-0.485113
5.787	-0.482687
5.79	-0.480217
5.793	-0.477701
5.796	-0.475139
5.799	-0.472529
5.802	-0.46987
5.805	-0.467162
5.808	-0.464405
5.811	-0.461598
5.814	-0.458742
5.817	-0.455837
5.82	-0.452885
5.823	-0.449886
5.826	-0.446842
5.829	-0.443755
5.832	-0.440627
5.835	-0.43746
5.838	-0.434257
5.841	-0.43102
5.844	-0.427754
5.847	-0.424462
5.85	-0.421147
5.853	-0.417813
5.856	-0.414465
5.859	-0.411106
5.862	-0.407741
5.865	-0.404375
5.868	-0.401012
5.871	-0.397656
5.874	-0.394313
5.877	-0.390987
5.88	-0.387682
5.883	-0.384404
5.886	-0.381155
5.889	-0.377941
5.892	-0.374766
5.895	-0.371633
5.898	-0.368546
5.901	-0.365509
5.904	-0.362525
5.907	-0.359596
5.91	-0.356726
5.913	-0.353917
5.916	-0.35117
5.919	-0.348489
5.922	-0.345875
5.925	-0.343328
5.928	-0.340851
5.931	-0.338443
5.934	-0.336106
5.937	-0.33384
5.94	-0.331644
5.943	-0.32952
5.946	-0.327466
5.949	-0.325482
5.952	-0.323568
5.955	-0.321723
5.958	-0.319945
5.961	-0.318234
5.964	-0.316588
5.967	-0.315006
5.97	-0.313487
5.973	-0.31203
5.976	-0.310632
5.979	-0.309292
5.982	-0.308009
5.985	-0.306781
5.988	-0.305606
5.991	-0.304483
5.994	-0.303409
5.997	-0.302384
