 Location  Dispersion    Centroids   Volume
0.00164125   0.166176   -0.00166846   1.00028
0.25292   0.164166   0.248625   0.999562
0.496524   0.1666   0.48055   0.999953
0.747914   0.167145   0.68513   1.00002
0.999948   0.165802   0.847207   1.00005
1.24701   0.164848   0.955033   1.00005
1.4997   0.165013   1.0038   1.00011
1.7469   0.165088   0.991229   1.00012
2.00006   0.165649   0.915633   1.00006
2.25185   0.165621   0.783464   1.00001
2.49864   0.166286   0.603724   0.99997
2.74945   0.167677   0.38496   0.999881
2.9997   0.166903   0.143254   0.999903
3.2464   0.167604   -0.106239   0.999962
3.49613   0.167228   -0.348982   0.999926
3.74274   0.166099   -0.570872   0.99993
3.99358   0.166362   -0.757936   0.999976
4.24591   0.165549   -0.89863   1.00008
4.49306   0.165081   -0.98319   1.00012
4.74625   0.165084   -1.00624   1.00012
4.99907   0.164925   -0.965971   1.00008
5.24604   0.165546   -0.866738   1.00001
5.49767   0.166343   -0.713288   1.00006
5.74266   0.164632   -0.51579   0.999748
5.99348   0.165281   -0.282686   1.00003
