 x  	 F(x)  
0	0.0988778
0.003	0.101254
0.006	0.103629
0.009	0.106003
0.012	0.108377
0.015	0.11075
0.018	0.113122
0.021	0.115493
0.024	0.117864
0.027	0.120234
0.03	0.122603
0.033	0.124972
0.036	0.12734
0.039	0.129707
0.042	0.132073
0.045	0.134439
0.048	0.136804
0.051	0.139168
0.054	0.141531
0.057	0.143894
0.06	0.146256
0.063	0.148617
0.066	0.150978
0.069	0.153338
0.072	0.155697
0.075	0.158055
0.078	0.160413
0.081	0.16277
0.084	0.165126
0.087	0.167481
0.09	0.169836
0.093	0.17219
0.096	0.174543
0.099	0.176896
0.102	0.179248
0.105	0.181599
0.108	0.183949
0.111	0.186299
0.114	0.188648
0.117	0.190996
0.12	0.193344
0.123	0.195691
0.126	0.198037
0.129	0.200382
0.132	0.202727
0.135	0.205071
0.138	0.207414
0.141	0.209757
0.144	0.212099
0.147	0.21444
0.15	0.21678
0.153	0.21912
0.156	0.221459
0.159	0.223797
0.162	0.226134
0.165	0.228471
0.168	0.230807
0.171	0.233143
0.174	0.235477
0.177	0.237811
0.18	0.240145
0.183	0.242477
0.186	0.244809
0.189	0.24714
0.192	0.24947
0.195	0.2518
0.198	0.254129
0.201	0.256457
0.204	0.258785
0.207	0.261112
0.21	0.263438
0.213	0.265763
0.216	0.268088
0.219	0.270412
0.222	0.272735
0.225	0.275058
0.228	0.27738
0.231	0.279701
0.234	0.282021
0.237	0.284341
0.24	0.28666
0.243	0.288979
0.246	0.291296
0.249	0.293613
0.252	0.295929
0.255	0.298245
0.258	0.30056
0.261	0.302874
0.264	0.305187
0.267	0.3075
0.27	0.309812
0.273	0.312123
0.276	0.314434
0.279	0.316744
0.282	0.319053
0.285	0.321362
0.288	0.323669
0.291	0.325977
0.294	0.328283
0.297	0.330589
0.3	0.332894
0.303	0.335198
0.306	0.337502
0.309	0.339805
0.312	0.342107
0.315	0.344408
0.318	0.346709
0.321	0.349009
0.324	0.351309
0.327	0.353607
0.33	0.355905
0.333	0.358203
0.336	0.360499
0.339	0.362795
0.342	0.365091
0.345	0.367385
0.348	0.369679
0.351	0.371972
0.354	0.374265
0.357	0.376556
0.36	0.378848
0.363	0.381138
0.366	0.383428
0.369	0.385717
0.372	0.388005
0.375	0.390293
0.378	0.392579
0.381	0.394866
0.384	0.397151
0.387	0.399436
0.39	0.40172
0.393	0.404004
0.396	0.406287
0.399	0.408569
0.402	0.41085
0.405	0.413131
0.408	0.415411
0.411	0.41769
0.414	0.419969
0.417	0.422247
0.42	0.424524
0.423	0.426801
0.426	0.429077
0.429	0.431352
0.432	0.433626
0.435	0.4359
0.438	0.438173
0.441	0.440446
0.444	0.442718
0.447	0.444989
0.45	0.447259
0.453	0.449529
0.456	0.451798
0.459	0.454067
0.462	0.456334
0.465	0.458601
0.468	0.460868
0.471	0.463133
0.474	0.465398
0.477	0.467663
0.48	0.469926
0.483	0.472189
0.486	0.474451
0.489	0.476713
0.492	0.478974
0.495	0.481234
0.498	0.483494
0.501	0.485752
0.504	0.488011
0.507	0.490268
0.51	0.492525
0.513	0.494781
0.516	0.497037
0.519	0.499291
0.522	0.501545
0.525	0.503799
0.528	0.506052
0.531	0.508304
0.534	0.510555
0.537	0.512806
0.54	0.515056
0.543	0.517305
0.546	0.519554
0.549	0.521802
0.552	0.524049
0.555	0.526296
0.558	0.528542
0.561	0.530788
0.564	0.533032
0.567	0.535276
0.57	0.53752
0.573	0.539762
0.576	0.542004
0.579	0.544246
0.582	0.546486
0.585	0.548726
0.588	0.550965
0.591	0.553204
0.594	0.555442
0.597	0.557679
0.6	0.559916
0.603	0.562152
0.606	0.564387
0.609	0.566622
0.612	0.568856
0.615	0.571089
0.618	0.573322
0.621	0.575554
0.624	0.577785
0.627	0.580016
0.63	0.582246
0.633	0.584475
0.636	0.586704
0.639	0.588932
0.642	0.591159
0.645	0.593385
0.648	0.595611
0.651	0.597837
0.654	0.600061
0.657	0.602285
0.66	0.604509
0.663	0.606731
0.666	0.608953
0.669	0.611175
0.672	0.613395
0.675	0.615615
0.678	0.617835
0.681	0.620053
0.684	0.622271
0.687	0.624489
0.69	0.626706
0.693	0.628922
0.696	0.631137
0.699	0.633352
0.702	0.635566
0.705	0.637779
0.708	0.639992
0.711	0.642204
0.714	0.644416
0.717	0.646626
0.72	0.648836
0.723	0.651046
0.726	0.653255
0.729	0.655463
0.732	0.65767
0.735	0.659877
0.738	0.662083
0.741	0.664289
0.744	0.666494
0.747	0.668698
0.75	0.670902
0.753	0.673105
0.756	0.675307
0.759	0.677509
0.762	0.67971
0.765	0.68191
0.768	0.68411
0.771	0.686309
0.774	0.688507
0.777	0.690705
0.78	0.692902
0.783	0.695098
0.786	0.697294
0.789	0.699489
0.792	0.701683
0.795	0.703877
0.798	0.70607
0.801	0.708263
0.804	0.710455
0.807	0.712646
0.81	0.714836
0.813	0.717026
0.816	0.719216
0.819	0.721404
0.822	0.723592
0.825	0.72578
0.828	0.727966
0.831	0.730152
0.834	0.732338
0.837	0.734522
0.84	0.736707
0.843	0.73889
0.846	0.741073
0.849	0.743255
0.852	0.745436
0.855	0.747617
0.858	0.749798
0.861	0.751977
0.864	0.754156
0.867	0.756334
0.87	0.758512
0.873	0.760689
0.876	0.762866
0.879	0.765041
0.882	0.767216
0.885	0.769391
0.888	0.771565
0.891	0.773738
0.894	0.77591
0.897	0.778082
0.9	0.780253
0.903	0.782424
0.906	0.784594
0.909	0.786763
0.912	0.788932
0.915	0.7911
0.918	0.793268
0.921	0.795434
0.924	0.797601
0.927	0.799766
0.93	0.801931
0.933	0.804095
0.936	0.806259
0.939	0.808422
0.942	0.810584
0.945	0.812746
0.948	0.814907
0.951	0.817067
0.954	0.819227
0.957	0.821386
0.96	0.823545
0.963	0.825703
0.966	0.82786
0.969	0.830016
0.972	0.832172
0.975	0.834328
0.978	0.836483
0.981	0.838637
0.984	0.84079
0.987	0.842943
0.99	0.845095
0.993	0.847247
0.996	0.849398
0.999	0.851548
1.002	0.853698
1.005	0.855847
1.008	0.857995
1.011	0.860143
1.014	0.86229
1.017	0.864437
1.02	0.866582
1.023	0.868728
1.026	0.870872
1.029	0.873016
1.032	0.87516
1.035	0.877303
1.038	0.879445
1.041	0.881586
1.044	0.883727
1.047	0.885867
1.05	0.888007
1.053	0.890146
1.056	0.892284
1.059	0.894422
1.062	0.896559
1.065	0.898696
1.068	0.900832
1.071	0.902967
1.074	0.905102
1.077	0.907236
1.08	0.909369
1.083	0.911502
1.086	0.913634
1.089	0.915765
1.092	0.917896
1.095	0.920027
1.098	0.922156
1.101	0.924285
1.104	0.926414
1.107	0.928542
1.11	0.930669
1.113	0.932795
1.116	0.934921
1.119	0.937047
1.122	0.939171
1.125	0.941295
1.128	0.943419
1.131	0.945542
1.134	0.947664
1.137	0.949786
1.14	0.951907
1.143	0.954027
1.146	0.956147
1.149	0.958266
1.152	0.960384
1.155	0.962502
1.158	0.96462
1.161	0.966736
1.164	0.968852
1.167	0.970968
1.17	0.973083
1.173	0.975197
1.176	0.97731
1.179	0.979423
1.182	0.981536
1.185	0.983648
1.188	0.985759
1.191	0.987869
1.194	0.989979
1.197	0.992088
1.2	0.994197
1.203	0.996305
1.206	0.998413
1.209	1.00052
1.212	1.00263
1.215	1.00473
1.218	1.00684
1.221	1.00894
1.224	1.01104
1.227	1.01315
1.23	1.01525
1.233	1.01735
1.236	1.01945
1.239	1.02155
1.242	1.02365
1.245	1.02575
1.248	1.02785
1.251	1.02995
1.254	1.03205
1.257	1.03415
1.26	1.03624
1.263	1.03834
1.266	1.04043
1.269	1.04253
1.272	1.04462
1.275	1.04672
1.278	1.04881
1.281	1.0509
1.284	1.05299
1.287	1.05508
1.29	1.05717
1.293	1.05926
1.296	1.06135
1.299	1.06344
1.302	1.06553
1.305	1.06762
1.308	1.0697
1.311	1.07179
1.314	1.07388
1.317	1.07596
1.32	1.07805
1.323	1.08013
1.326	1.08221
1.329	1.0843
1.332	1.08638
1.335	1.08846
1.338	1.09054
1.341	1.09262
1.344	1.0947
1.347	1.09678
1.35	1.09886
1.353	1.10094
1.356	1.10301
1.359	1.10509
1.362	1.10717
1.365	1.10924
1.368	1.11132
1.371	1.11339
1.374	1.11546
1.377	1.11754
1.38	1.11961
1.383	1.12168
1.386	1.12375
1.389	1.12582
1.392	1.12789
1.395	1.12996
1.398	1.13203
1.401	1.1341
1.404	1.13617
1.407	1.13823
1.41	1.1403
1.413	1.14237
1.416	1.14443
1.419	1.1465
1.422	1.14856
1.425	1.15062
1.428	1.15269
1.431	1.15475
1.434	1.15681
1.437	1.15887
1.44	1.16093
1.443	1.16299
1.446	1.16505
1.449	1.16711
1.452	1.16917
1.455	1.17123
1.458	1.17328
1.461	1.17534
1.464	1.1774
1.467	1.17838
1.47	1.17838
1.473	1.17838
1.476	1.17838
1.479	1.17838
1.482	1.17838
1.485	1.17838
1.488	1.17838
1.491	1.17838
1.494	1.17838
1.497	1.17838
1.5	1.17838
1.503	1.17838
1.506	1.17838
1.509	1.17838
1.512	1.17838
1.515	1.17838
1.518	1.17838
1.521	1.17838
1.524	1.17767
1.527	1.17597
1.53	1.17426
1.533	1.17255
1.536	1.17084
1.539	1.16913
1.542	1.16742
1.545	1.1657
1.548	1.16399
1.551	1.16228
1.554	1.16056
1.557	1.15885
1.56	1.15713
1.563	1.15542
1.566	1.1537
1.569	1.15198
1.572	1.15026
1.575	1.14854
1.578	1.14682
1.581	1.1451
1.584	1.14338
1.587	1.14166
1.59	1.13994
1.593	1.13822
1.596	1.13649
1.599	1.13477
1.602	1.13304
1.605	1.13132
1.608	1.12959
1.611	1.12786
1.614	1.12614
1.617	1.12441
1.62	1.12268
1.623	1.12095
1.626	1.11922
1.629	1.11749
1.632	1.11575
1.635	1.11402
1.638	1.11229
1.641	1.11055
1.644	1.10882
1.647	1.10708
1.65	1.10535
1.653	1.10361
1.656	1.10187
1.659	1.10014
1.662	1.0984
1.665	1.09666
1.668	1.09492
1.671	1.09318
1.674	1.09143
1.677	1.08969
1.68	1.08795
1.683	1.08621
1.686	1.08446
1.689	1.08272
1.692	1.08097
1.695	1.07922
1.698	1.07748
1.701	1.07573
1.704	1.07398
1.707	1.07223
1.71	1.07048
1.713	1.06873
1.716	1.06698
1.719	1.06523
1.722	1.06347
1.725	1.06172
1.728	1.05997
1.731	1.05821
1.734	1.05646
1.737	1.0547
1.74	1.05294
1.743	1.05119
1.746	1.04943
1.749	1.04767
1.752	1.04591
1.755	1.04415
1.758	1.04239
1.761	1.04063
1.764	1.03886
1.767	1.0371
1.77	1.03534
1.773	1.03357
1.776	1.03181
1.779	1.03004
1.782	1.02827
1.785	1.02651
1.788	1.02474
1.791	1.02297
1.794	1.0212
1.797	1.01943
1.8	1.01766
1.803	1.01589
1.806	1.01411
1.809	1.01234
1.812	1.01057
1.815	1.00879
1.818	1.00702
1.821	1.00524
1.824	1.00346
1.827	1.00169
1.83	0.999907
1.833	0.998128
1.836	0.996349
1.839	0.994569
1.842	0.992787
1.845	0.991006
1.848	0.989223
1.851	0.98744
1.854	0.985656
1.857	0.983872
1.86	0.982086
1.863	0.9803
1.866	0.978513
1.869	0.976726
1.872	0.974938
1.875	0.973149
1.878	0.971359
1.881	0.969569
1.884	0.967778
1.887	0.965986
1.89	0.964193
1.893	0.9624
1.896	0.960606
1.899	0.958811
1.902	0.957016
1.905	0.95522
1.908	0.953423
1.911	0.951625
1.914	0.949827
1.917	0.948028
1.92	0.946228
1.923	0.944427
1.926	0.942626
1.929	0.940824
1.932	0.939021
1.935	0.937218
1.938	0.935414
1.941	0.933609
1.944	0.931803
1.947	0.929997
1.95	0.92819
1.953	0.926382
1.956	0.924573
1.959	0.922764
1.962	0.920954
1.965	0.919143
1.968	0.917332
1.971	0.915519
1.974	0.913706
1.977	0.911893
1.98	0.910078
1.983	0.908263
1.986	0.906447
1.989	0.90463
1.992	0.902813
1.995	0.900995
1.998	0.899176
2.001	0.897356
2.004	0.895536
2.007	0.893715
2.01	0.891893
2.013	0.890071
2.016	0.888247
2.019	0.886423
2.022	0.884598
2.025	0.882773
2.028	0.880946
2.031	0.879119
2.034	0.877292
2.037	0.875463
2.04	0.873634
2.043	0.871804
2.046	0.869973
2.049	0.868142
2.052	0.866309
2.055	0.864476
2.058	0.862643
2.061	0.860808
2.064	0.858973
2.067	0.857137
2.07	0.8553
2.073	0.853463
2.076	0.851624
2.079	0.849785
2.082	0.847946
2.085	0.846105
2.088	0.844264
2.091	0.842422
2.094	0.840579
2.097	0.838736
2.1	0.836891
2.103	0.835046
2.106	0.8332
2.109	0.831354
2.112	0.829507
2.115	0.827659
2.118	0.82581
2.121	0.82396
2.124	0.82211
2.127	0.820259
2.13	0.818407
2.133	0.816554
2.136	0.814701
2.139	0.812847
2.142	0.810992
2.145	0.809136
2.148	0.80728
2.151	0.805423
2.154	0.803565
2.157	0.801706
2.16	0.799847
2.163	0.797987
2.166	0.796126
2.169	0.794264
2.172	0.792401
2.175	0.790538
2.178	0.788674
2.181	0.786809
2.184	0.784944
2.187	0.783077
2.19	0.78121
2.193	0.779342
2.196	0.777473
2.199	0.775604
2.202	0.773734
2.205	0.771863
2.208	0.769991
2.211	0.768119
2.214	0.766245
2.217	0.764371
2.22	0.762496
2.223	0.760621
2.226	0.758744
2.229	0.756867
2.232	0.754989
2.235	0.753111
2.238	0.751231
2.241	0.749351
2.244	0.74747
2.247	0.745588
2.25	0.743705
2.253	0.741822
2.256	0.739938
2.259	0.738053
2.262	0.736167
2.265	0.734281
2.268	0.732394
2.271	0.730505
2.274	0.728617
2.277	0.726727
2.28	0.724837
2.283	0.722945
2.286	0.721053
2.289	0.719161
2.292	0.717267
2.295	0.715373
2.298	0.713478
2.301	0.711582
2.304	0.709685
2.307	0.707788
2.31	0.705889
2.313	0.70399
2.316	0.702091
2.319	0.70019
2.322	0.698288
2.325	0.696386
2.328	0.694483
2.331	0.692579
2.334	0.690675
2.337	0.68877
2.34	0.686863
2.343	0.684956
2.346	0.683049
2.349	0.68114
2.352	0.679231
2.355	0.677321
2.358	0.67541
2.361	0.673498
2.364	0.671585
2.367	0.669672
2.37	0.667758
2.373	0.665843
2.376	0.663927
2.379	0.662011
2.382	0.660094
2.385	0.658175
2.388	0.656257
2.391	0.654337
2.394	0.652416
2.397	0.650495
2.4	0.648573
2.403	0.64665
2.406	0.644726
2.409	0.642802
2.412	0.640876
2.415	0.63895
2.418	0.637023
2.421	0.635095
2.424	0.633167
2.427	0.631238
2.43	0.629307
2.433	0.627376
2.436	0.625445
2.439	0.623512
2.442	0.621579
2.445	0.619644
2.448	0.617709
2.451	0.615773
2.454	0.613837
2.457	0.611899
2.46	0.609961
2.463	0.608022
2.466	0.606082
2.469	0.604141
2.472	0.6022
2.475	0.600257
2.478	0.598314
2.481	0.59637
2.484	0.594425
2.487	0.59248
2.49	0.590533
2.493	0.588586
2.496	0.586638
2.499	0.584689
2.502	0.582739
2.505	0.580789
2.508	0.578837
2.511	0.576885
2.514	0.574932
2.517	0.572978
2.52	0.571024
2.523	0.569068
2.526	0.567112
2.529	0.565155
2.532	0.563197
2.535	0.561238
2.538	0.559279
2.541	0.557318
2.544	0.555357
2.547	0.553395
2.55	0.551432
2.553	0.549468
2.556	0.547504
2.559	0.545538
2.562	0.543572
2.565	0.541605
2.568	0.539637
2.571	0.537668
2.574	0.535699
2.577	0.533728
2.58	0.531757
2.583	0.529785
2.586	0.527812
2.589	0.525838
2.592	0.523864
2.595	0.521888
2.598	0.519912
2.601	0.517935
2.604	0.515957
2.607	0.513978
2.61	0.511999
2.613	0.510018
2.616	0.508037
2.619	0.506055
2.622	0.504072
2.625	0.502088
2.628	0.500104
2.631	0.498118
2.634	0.496132
2.637	0.494145
2.64	0.492157
2.643	0.490168
2.646	0.488178
2.649	0.486187
2.652	0.484196
2.655	0.482204
2.658	0.480211
2.661	0.478217
2.664	0.476222
2.667	0.474226
2.67	0.47223
2.673	0.470233
2.676	0.468234
2.679	0.466235
2.682	0.464235
2.685	0.462235
2.688	0.460233
2.691	0.458231
2.694	0.456227
2.697	0.454223
2.7	0.452218
2.703	0.450212
2.706	0.448206
2.709	0.446198
2.712	0.44419
2.715	0.44218
2.718	0.44017
2.721	0.438159
2.724	0.436147
2.727	0.434134
2.73	0.432121
2.733	0.430106
2.736	0.428091
2.739	0.426075
2.742	0.424058
2.745	0.42204
2.748	0.420021
2.751	0.418002
2.754	0.415981
2.757	0.41396
2.76	0.411937
2.763	0.409914
2.766	0.40789
2.769	0.405866
2.772	0.40384
2.775	0.401813
2.778	0.399786
2.781	0.397757
2.784	0.395728
2.787	0.393698
2.79	0.391667
2.793	0.389635
2.796	0.387603
2.799	0.385569
2.802	0.383535
2.805	0.3815
2.808	0.379463
2.811	0.377426
2.814	0.375388
2.817	0.37335
2.82	0.37131
2.823	0.369269
2.826	0.367228
2.829	0.365186
2.832	0.363142
2.835	0.361098
2.838	0.359053
2.841	0.357008
2.844	0.354961
2.847	0.352913
2.85	0.350865
2.853	0.348815
2.856	0.346765
2.859	0.344714
2.862	0.342662
2.865	0.340609
2.868	0.338555
2.871	0.336501
2.874	0.334445
2.877	0.332389
2.88	0.330331
2.883	0.328273
2.886	0.326214
2.889	0.324154
2.892	0.322093
2.895	0.320031
2.898	0.317968
2.901	0.315905
2.904	0.31384
2.907	0.311775
2.91	0.309709
2.913	0.307642
2.916	0.305573
2.919	0.303504
2.922	0.301435
2.925	0.299364
2.928	0.297292
2.931	0.29522
2.934	0.293146
2.937	0.291072
2.94	0.288997
2.943	0.28692
2.946	0.284843
2.949	0.282765
2.952	0.280687
2.955	0.278607
2.958	0.276526
2.961	0.274445
2.964	0.269765
2.967	0.264784
2.97	0.259822
2.973	0.25488
2.976	0.249957
2.979	0.245054
2.982	0.240169
2.985	0.235304
2.988	0.230458
2.991	0.225631
2.994	0.220823
2.997	0.216033
3	0.211246
3.003	0.206389
3.006	0.201513
3.009	0.196618
3.012	0.191704
3.015	0.186771
3.018	0.181818
3.021	0.176845
3.024	0.173697
3.027	0.170905
3.03	0.168115
3.033	0.165326
3.036	0.162538
3.039	0.159751
3.042	0.156965
3.045	0.154181
3.048	0.151397
3.051	0.148615
3.054	0.145834
3.057	0.143054
3.06	0.140276
3.063	0.137498
3.066	0.134722
3.069	0.131946
3.072	0.129172
3.075	0.126399
3.078	0.123628
3.081	0.120857
3.084	0.118088
3.087	0.115319
3.09	0.112552
3.093	0.109786
3.096	0.107022
3.099	0.104258
3.102	0.101495
3.105	0.098734
3.108	0.0959739
3.111	0.0932148
3.114	0.0904569
3.117	0.0877002
3.12	0.0849446
3.123	0.0821901
3.126	0.0794368
3.129	0.0766847
3.132	0.0739337
3.135	0.0711838
3.138	0.0684351
3.141	0.0656875
3.144	0.0629411
3.147	0.0601958
3.15	0.0574517
3.153	0.0547087
3.156	0.0519668
3.159	0.0492261
3.162	0.0464865
3.165	0.0437481
3.168	0.0410108
3.171	0.0382746
3.174	0.0355396
3.177	0.0328057
3.18	0.0300729
3.183	0.0273413
3.186	0.0246108
3.189	0.0218814
3.192	0.0191532
3.195	0.0164261
3.198	0.0137001
3.201	0.0109753
3.204	0.00825155
3.207	0.00552897
3.21	0.00280751
3.213	8.71811e-05
3.216	-0.00263202
3.219	-0.0053501
3.222	-0.00806705
3.225	-0.0107829
3.228	-0.0134976
3.231	-0.0162112
3.234	-0.0189236
3.237	-0.021635
3.24	-0.0243452
3.243	-0.0270543
3.246	-0.0297623
3.249	-0.0324691
3.252	-0.0351749
3.255	-0.0378795
3.258	-0.040583
3.261	-0.0432854
3.264	-0.0459867
3.267	-0.0486868
3.27	-0.0513859
3.273	-0.0540838
3.276	-0.0567806
3.279	-0.0594764
3.282	-0.062171
3.285	-0.0648644
3.288	-0.0675568
3.291	-0.0702481
3.294	-0.0729383
3.297	-0.0756273
3.3	-0.0783153
3.303	-0.0810021
3.306	-0.0836878
3.309	-0.0863725
3.312	-0.089056
3.315	-0.0917384
3.318	-0.0944198
3.321	-0.0971
3.324	-0.0997791
3.327	-0.102457
3.33	-0.105134
3.333	-0.10781
3.336	-0.110485
3.339	-0.113158
3.342	-0.115831
3.345	-0.118502
3.348	-0.121172
3.351	-0.123842
3.354	-0.12651
3.357	-0.129177
3.36	-0.131843
3.363	-0.134508
3.366	-0.137171
3.369	-0.139834
3.372	-0.142496
3.375	-0.145156
3.378	-0.147816
3.381	-0.150474
3.384	-0.153131
3.387	-0.155787
3.39	-0.158442
3.393	-0.161096
3.396	-0.163749
3.399	-0.166401
3.402	-0.169052
3.405	-0.171701
3.408	-0.17435
3.411	-0.176997
3.414	-0.179644
3.417	-0.182289
3.42	-0.184933
3.423	-0.187577
3.426	-0.190219
3.429	-0.19286
3.432	-0.195499
3.435	-0.198138
3.438	-0.200776
3.441	-0.203413
3.444	-0.206048
3.447	-0.208683
3.45	-0.211316
3.453	-0.213949
3.456	-0.21658
3.459	-0.21921
3.462	-0.22184
3.465	-0.224468
3.468	-0.227095
3.471	-0.229721
3.474	-0.232346
3.477	-0.234969
3.48	-0.237592
3.483	-0.240214
3.486	-0.242834
3.489	-0.245454
3.492	-0.248073
3.495	-0.25069
3.498	-0.253306
3.501	-0.255922
3.504	-0.258536
3.507	-0.261149
3.51	-0.263761
3.513	-0.266372
3.516	-0.268982
3.519	-0.271591
3.522	-0.274199
3.525	-0.276806
3.528	-0.279412
3.531	-0.282017
3.534	-0.28462
3.537	-0.287223
3.54	-0.289824
3.543	-0.292425
3.546	-0.295024
3.549	-0.297623
3.552	-0.30022
3.555	-0.302816
3.558	-0.305412
3.561	-0.308006
3.564	-0.310599
3.567	-0.313191
3.57	-0.315782
3.573	-0.318372
3.576	-0.320961
3.579	-0.323549
3.582	-0.326136
3.585	-0.328722
3.588	-0.331307
3.591	-0.33389
3.594	-0.336473
3.597	-0.339055
3.6	-0.341635
3.603	-0.344215
3.606	-0.346793
3.609	-0.349371
3.612	-0.351947
3.615	-0.354523
3.618	-0.357097
3.621	-0.359671
3.624	-0.362243
3.627	-0.364814
3.63	-0.367384
3.633	-0.369954
3.636	-0.372522
3.639	-0.375089
3.642	-0.377655
3.645	-0.38022
3.648	-0.382784
3.651	-0.385347
3.654	-0.387909
3.657	-0.39047
3.66	-0.39303
3.663	-0.395589
3.666	-0.398147
3.669	-0.400704
3.672	-0.403259
3.675	-0.405814
3.678	-0.408368
3.681	-0.410921
3.684	-0.413473
3.687	-0.416023
3.69	-0.418573
3.693	-0.421122
3.696	-0.423669
3.699	-0.426216
3.702	-0.428761
3.705	-0.431306
3.708	-0.433849
3.711	-0.436392
3.714	-0.438934
3.717	-0.441474
3.72	-0.444013
3.723	-0.446552
3.726	-0.449089
3.729	-0.451626
3.732	-0.454161
3.735	-0.456696
3.738	-0.459229
3.741	-0.461761
3.744	-0.464293
3.747	-0.466823
3.75	-0.469353
3.753	-0.471881
3.756	-0.474408
3.759	-0.476935
3.762	-0.47946
3.765	-0.481984
3.768	-0.484507
3.771	-0.48703
3.774	-0.489551
3.777	-0.492071
3.78	-0.494591
3.783	-0.497109
3.786	-0.499626
3.789	-0.502142
3.792	-0.504658
3.795	-0.507172
3.798	-0.509685
3.801	-0.512197
3.804	-0.514709
3.807	-0.517219
3.81	-0.519728
3.813	-0.522237
3.816	-0.524744
3.819	-0.52725
3.822	-0.529755
3.825	-0.53226
3.828	-0.534763
3.831	-0.537265
3.834	-0.539767
3.837	-0.542267
3.84	-0.544766
3.843	-0.547264
3.846	-0.549762
3.849	-0.552258
3.852	-0.554753
3.855	-0.557248
3.858	-0.559741
3.861	-0.562234
3.864	-0.564725
3.867	-0.567215
3.87	-0.569705
3.873	-0.572193
3.876	-0.574681
3.879	-0.577167
3.882	-0.579653
3.885	-0.582137
3.888	-0.584621
3.891	-0.587103
3.894	-0.589585
3.897	-0.592065
3.9	-0.594545
3.903	-0.597024
3.906	-0.599501
3.909	-0.601978
3.912	-0.604454
3.915	-0.606928
3.918	-0.609402
3.921	-0.611875
3.924	-0.614346
3.927	-0.616817
3.93	-0.619287
3.933	-0.621756
3.936	-0.624224
3.939	-0.626691
3.942	-0.629157
3.945	-0.631622
3.948	-0.634086
3.951	-0.636549
3.954	-0.639011
3.957	-0.641472
3.96	-0.643932
3.963	-0.646391
3.966	-0.648849
3.969	-0.651306
3.972	-0.653762
3.975	-0.656218
3.978	-0.658672
3.981	-0.661125
3.984	-0.663578
3.987	-0.666029
3.99	-0.66848
3.993	-0.670929
3.996	-0.673378
3.999	-0.675825
4.002	-0.678272
4.005	-0.680717
4.008	-0.683162
4.011	-0.685606
4.014	-0.688048
4.017	-0.69049
4.02	-0.692931
4.023	-0.695371
4.026	-0.69781
4.029	-0.700248
4.032	-0.702685
4.035	-0.705121
4.038	-0.707556
4.041	-0.70999
4.044	-0.712423
4.047	-0.714856
4.05	-0.717287
4.053	-0.719717
4.056	-0.722147
4.059	-0.724575
4.062	-0.727003
4.065	-0.729429
4.068	-0.731855
4.071	-0.734279
4.074	-0.736703
4.077	-0.739126
4.08	-0.741547
4.083	-0.743968
4.086	-0.746388
4.089	-0.748807
4.092	-0.751225
4.095	-0.753642
4.098	-0.756058
4.101	-0.758474
4.104	-0.760888
4.107	-0.763301
4.11	-0.765714
4.113	-0.768125
4.116	-0.770535
4.119	-0.772945
4.122	-0.775354
4.125	-0.777761
4.128	-0.780168
4.131	-0.782574
4.134	-0.784979
4.137	-0.787383
4.14	-0.789785
4.143	-0.792188
4.146	-0.794589
4.149	-0.796989
4.152	-0.799388
4.155	-0.801786
4.158	-0.804184
4.161	-0.80658
4.164	-0.808976
4.167	-0.81137
4.17	-0.813764
4.173	-0.816157
4.176	-0.818548
4.179	-0.820939
4.182	-0.823329
4.185	-0.825718
4.188	-0.828106
4.191	-0.830494
4.194	-0.83288
4.197	-0.835265
4.2	-0.837649
4.203	-0.840033
4.206	-0.842415
4.209	-0.844797
4.212	-0.847178
4.215	-0.849558
4.218	-0.851936
4.221	-0.854314
4.224	-0.856691
4.227	-0.859067
4.23	-0.861443
4.233	-0.863817
4.236	-0.86619
4.239	-0.868563
4.242	-0.870934
4.245	-0.873305
4.248	-0.875674
4.251	-0.878043
4.254	-0.880411
4.257	-0.882778
4.26	-0.885144
4.263	-0.887509
4.266	-0.889873
4.269	-0.892236
4.272	-0.894599
4.275	-0.89696
4.278	-0.899321
4.281	-0.90168
4.284	-0.904039
4.287	-0.906397
4.29	-0.908754
4.293	-0.91111
4.296	-0.913465
4.299	-0.915819
4.302	-0.918172
4.305	-0.920524
4.308	-0.922876
4.311	-0.925226
4.314	-0.927576
4.317	-0.929925
4.32	-0.932273
4.323	-0.93462
4.326	-0.936966
4.329	-0.939311
4.332	-0.941655
4.335	-0.943998
4.338	-0.946341
4.341	-0.948682
4.344	-0.951023
4.347	-0.953362
4.35	-0.955701
4.353	-0.958039
4.356	-0.960376
4.359	-0.962712
4.362	-0.965048
4.365	-0.967382
4.368	-0.969715
4.371	-0.972048
4.374	-0.97438
4.377	-0.97671
4.38	-0.97904
4.383	-0.981369
4.386	-0.983697
4.389	-0.986024
4.392	-0.988351
4.395	-0.990676
4.398	-0.993001
4.401	-0.995324
4.404	-0.997647
4.407	-0.999969
4.41	-1.00229
4.413	-1.00461
4.416	-1.00693
4.419	-1.00925
4.422	-1.01156
4.425	-1.01388
4.428	-1.0162
4.431	-1.01851
4.434	-1.02083
4.437	-1.02314
4.44	-1.02545
4.443	-1.02776
4.446	-1.03007
4.449	-1.03238
4.452	-1.03469
4.455	-1.037
4.458	-1.0393
4.461	-1.04161
4.464	-1.04392
4.467	-1.04622
4.47	-1.04852
4.473	-1.05083
4.476	-1.05313
4.479	-1.05316
4.482	-1.05316
4.485	-1.05316
4.488	-1.05316
4.491	-1.05316
4.494	-1.05316
4.497	-1.05316
4.5	-1.05316
4.503	-1.05316
4.506	-1.05316
4.509	-1.05316
4.512	-1.05316
4.515	-1.05316
4.518	-1.05316
4.521	-1.05316
4.524	-1.05316
4.527	-1.05199
4.53	-1.05062
4.533	-1.04926
4.536	-1.04789
4.539	-1.04653
4.542	-1.04516
4.545	-1.0438
4.548	-1.04243
4.551	-1.04106
4.554	-1.03969
4.557	-1.03833
4.56	-1.03696
4.563	-1.03559
4.566	-1.03422
4.569	-1.03285
4.572	-1.03148
4.575	-1.03011
4.578	-1.02874
4.581	-1.02737
4.584	-1.026
4.587	-1.02463
4.59	-1.02326
4.593	-1.02188
4.596	-1.02051
4.599	-1.01914
4.602	-1.01777
4.605	-1.01639
4.608	-1.01502
4.611	-1.01364
4.614	-1.01227
4.617	-1.0109
4.62	-1.00952
4.623	-1.00815
4.626	-1.00677
4.629	-1.00539
4.632	-1.00402
4.635	-1.00264
4.638	-1.00126
4.641	-0.999885
4.644	-0.998507
4.647	-0.997129
4.65	-0.995751
4.653	-0.994372
4.656	-0.992992
4.659	-0.991613
4.662	-0.990233
4.665	-0.988853
4.668	-0.987472
4.671	-0.986091
4.674	-0.98471
4.677	-0.983328
4.68	-0.981946
4.683	-0.980564
4.686	-0.979181
4.689	-0.977798
4.692	-0.976414
4.695	-0.975031
4.698	-0.973647
4.701	-0.972262
4.704	-0.970877
4.707	-0.969492
4.71	-0.968107
4.713	-0.966721
4.716	-0.965335
4.719	-0.963948
4.722	-0.962561
4.725	-0.961174
4.728	-0.959787
4.731	-0.958399
4.734	-0.95701
4.737	-0.955622
4.74	-0.954233
4.743	-0.952843
4.746	-0.951454
4.749	-0.950064
4.752	-0.948673
4.755	-0.947283
4.758	-0.945892
4.761	-0.9445
4.764	-0.943108
4.767	-0.941716
4.77	-0.940324
4.773	-0.938931
4.776	-0.937538
4.779	-0.936144
4.782	-0.93475
4.785	-0.933356
4.788	-0.931962
4.791	-0.930567
4.794	-0.929171
4.797	-0.927776
4.8	-0.92638
4.803	-0.924983
4.806	-0.923587
4.809	-0.92219
4.812	-0.920792
4.815	-0.919395
4.818	-0.917996
4.821	-0.916598
4.824	-0.915199
4.827	-0.9138
4.83	-0.912401
4.833	-0.911001
4.836	-0.909601
4.839	-0.9082
4.842	-0.906799
4.845	-0.905398
4.848	-0.903996
4.851	-0.902594
4.854	-0.901192
4.857	-0.899789
4.86	-0.898386
4.863	-0.896983
4.866	-0.895579
4.869	-0.894175
4.872	-0.89277
4.875	-0.891366
4.878	-0.88996
4.881	-0.888555
4.884	-0.887149
4.887	-0.885743
4.89	-0.884336
4.893	-0.882929
4.896	-0.881522
4.899	-0.880114
4.902	-0.878706
4.905	-0.877298
4.908	-0.875889
4.911	-0.87448
4.914	-0.87307
4.917	-0.871661
4.92	-0.87025
4.923	-0.86884
4.926	-0.867429
4.929	-0.866018
4.932	-0.864606
4.935	-0.863194
4.938	-0.861782
4.941	-0.860369
4.944	-0.858956
4.947	-0.857543
4.95	-0.856129
4.953	-0.854715
4.956	-0.853301
4.959	-0.851886
4.962	-0.850471
4.965	-0.849055
4.968	-0.847639
4.971	-0.846223
4.974	-0.844806
4.977	-0.843389
4.98	-0.841972
4.983	-0.840554
4.986	-0.839136
4.989	-0.837718
4.992	-0.836299
4.995	-0.83488
4.998	-0.83346
5.001	-0.832041
5.004	-0.83062
5.007	-0.8292
5.01	-0.827779
5.013	-0.826358
5.016	-0.824936
5.019	-0.823514
5.022	-0.822091
5.025	-0.820669
5.028	-0.819246
5.031	-0.817822
5.034	-0.816398
5.037	-0.814974
5.04	-0.81355
5.043	-0.812125
5.046	-0.810699
5.049	-0.809274
5.052	-0.807848
5.055	-0.806421
5.058	-0.804995
5.061	-0.803567
5.064	-0.80214
5.067	-0.800712
5.07	-0.799284
5.073	-0.797855
5.076	-0.796427
5.079	-0.794997
5.082	-0.793568
5.085	-0.792138
5.088	-0.790707
5.091	-0.789276
5.094	-0.787845
5.097	-0.786414
5.1	-0.784982
5.103	-0.78355
5.106	-0.782117
5.109	-0.780684
5.112	-0.779251
5.115	-0.777817
5.118	-0.776383
5.121	-0.774949
5.124	-0.773514
5.127	-0.772079
5.13	-0.770643
5.133	-0.769208
5.136	-0.767771
5.139	-0.766335
5.142	-0.764898
5.145	-0.76346
5.148	-0.762023
5.151	-0.760585
5.154	-0.759146
5.157	-0.757707
5.16	-0.756268
5.163	-0.754829
5.166	-0.753389
5.169	-0.751948
5.172	-0.750508
5.175	-0.749067
5.178	-0.747625
5.181	-0.746184
5.184	-0.744742
5.187	-0.743299
5.19	-0.741856
5.193	-0.740413
5.196	-0.738969
5.199	-0.737525
5.202	-0.736081
5.205	-0.734636
5.208	-0.733191
5.211	-0.731746
5.214	-0.7303
5.217	-0.728854
5.22	-0.727407
5.223	-0.72596
5.226	-0.724513
5.229	-0.723065
5.232	-0.721617
5.235	-0.720169
5.238	-0.71872
5.241	-0.717271
5.244	-0.715821
5.247	-0.714371
5.25	-0.712921
5.253	-0.71147
5.256	-0.710019
5.259	-0.708568
5.262	-0.707116
5.265	-0.705664
5.268	-0.704211
5.271	-0.702758
5.274	-0.701305
5.277	-0.699852
5.28	-0.698398
5.283	-0.696943
5.286	-0.695488
5.289	-0.694033
5.292	-0.692578
5.295	-0.691122
5.298	-0.689665
5.301	-0.688209
5.304	-0.686752
5.307	-0.685294
5.31	-0.683837
5.313	-0.682379
5.316	-0.68092
5.319	-0.679461
5.322	-0.678002
5.325	-0.676542
5.328	-0.675082
5.331	-0.673622
5.334	-0.672161
5.337	-0.6707
5.34	-0.669238
5.343	-0.667776
5.346	-0.666314
5.349	-0.664851
5.352	-0.663388
5.355	-0.661925
5.358	-0.660461
5.361	-0.658997
5.364	-0.657532
5.367	-0.656067
5.37	-0.654602
5.373	-0.653136
5.376	-0.65167
5.379	-0.650204
5.382	-0.648737
5.385	-0.64727
5.388	-0.645802
5.391	-0.644334
5.394	-0.642866
5.397	-0.641397
5.4	-0.639928
5.403	-0.638459
5.406	-0.636989
5.409	-0.635519
5.412	-0.634048
5.415	-0.632577
5.418	-0.631106
5.421	-0.629634
5.424	-0.628162
5.427	-0.626689
5.43	-0.625216
5.433	-0.623743
5.436	-0.622269
5.439	-0.620795
5.442	-0.619321
5.445	-0.617846
5.448	-0.616371
5.451	-0.614895
5.454	-0.613419
5.457	-0.611943
5.46	-0.610466
5.463	-0.608989
5.466	-0.607512
5.469	-0.606034
5.472	-0.604556
5.475	-0.603077
5.478	-0.601598
5.481	-0.600118
5.484	-0.598639
5.487	-0.597158
5.49	-0.595678
5.493	-0.594197
5.496	-0.592716
5.499	-0.591234
5.502	-0.589752
5.505	-0.588269
5.508	-0.586786
5.511	-0.585303
5.514	-0.58382
5.517	-0.582336
5.52	-0.580851
5.523	-0.579366
5.526	-0.577881
5.529	-0.576396
5.532	-0.57491
5.535	-0.573423
5.538	-0.571937
5.541	-0.570449
5.544	-0.568962
5.547	-0.567474
5.55	-0.565986
5.553	-0.564497
5.556	-0.563008
5.559	-0.561519
5.562	-0.560029
5.565	-0.558539
5.568	-0.557048
5.571	-0.555557
5.574	-0.554066
5.577	-0.552574
5.58	-0.551082
5.583	-0.549589
5.586	-0.548096
5.589	-0.546603
5.592	-0.545109
5.595	-0.543615
5.598	-0.542121
5.601	-0.540626
5.604	-0.53913
5.607	-0.537635
5.61	-0.536139
5.613	-0.534642
5.616	-0.533145
5.619	-0.531648
5.622	-0.530151
5.625	-0.528653
5.628	-0.527154
5.631	-0.525655
5.634	-0.524156
5.637	-0.522657
5.64	-0.521157
5.643	-0.519656
5.646	-0.518156
5.649	-0.516654
5.652	-0.515153
5.655	-0.513651
5.658	-0.512149
5.661	-0.510646
5.664	-0.509143
5.667	-0.507639
5.67	-0.506135
5.673	-0.504631
5.676	-0.503126
5.679	-0.501621
5.682	-0.500116
5.685	-0.49861
5.688	-0.497104
5.691	-0.495597
5.694	-0.49409
5.697	-0.492583
5.7	-0.491075
5.703	-0.489567
5.706	-0.488058
5.709	-0.486549
5.712	-0.48504
5.715	-0.48353
5.718	-0.48202
5.721	-0.480509
5.724	-0.478998
5.727	-0.477487
5.73	-0.475975
5.733	-0.474463
5.736	-0.47295
5.739	-0.471437
5.742	-0.469924
5.745	-0.46841
5.748	-0.466896
5.751	-0.465381
5.754	-0.463866
5.757	-0.462351
5.76	-0.460835
5.763	-0.459319
5.766	-0.457802
5.769	-0.456285
5.772	-0.454768
5.775	-0.45325
5.778	-0.451732
5.781	-0.450214
5.784	-0.448695
5.787	-0.447175
5.79	-0.445656
5.793	-0.444135
5.796	-0.442615
5.799	-0.441094
5.802	-0.439573
5.805	-0.438051
5.808	-0.436529
5.811	-0.435006
5.814	-0.433483
5.817	-0.43196
5.82	-0.430436
5.823	-0.428912
5.826	-0.427387
5.829	-0.425862
5.832	-0.424337
5.835	-0.422811
5.838	-0.421285
5.841	-0.419758
5.844	-0.418231
5.847	-0.416704
5.85	-0.415176
5.853	-0.413648
5.856	-0.41212
5.859	-0.410591
5.862	-0.409061
5.865	-0.407531
5.868	-0.406001
5.871	-0.404471
5.874	-0.40294
5.877	-0.401408
5.88	-0.399876
5.883	-0.398344
5.886	-0.396812
5.889	-0.395279
5.892	-0.393745
5.895	-0.392211
5.898	-0.390677
5.901	-0.389142
5.904	-0.387607
5.907	-0.386072
5.91	-0.384536
5.913	-0.383
5.916	-0.381463
5.919	-0.379926
5.922	-0.378389
5.925	-0.376851
5.928	-0.375312
5.931	-0.373774
5.934	-0.372234
5.937	-0.370695
5.94	-0.369155
5.943	-0.367615
5.946	-0.366074
5.949	-0.364533
5.952	-0.362991
5.955	-0.361449
5.958	-0.359907
5.961	-0.358364
5.964	-0.356821
5.967	-0.355277
5.97	-0.353733
5.973	-0.352189
5.976	-0.350644
5.979	-0.349099
5.982	-0.347553
5.985	-0.346007
5.988	-0.344461
5.991	-0.342914
5.994	-0.341366
5.997	-0.339819
