 x 	V[Y|X = x] 
0	0.00223613
0.003	0.00240372
0.006	0.00255968
0.009	0.00270081
0.012	0.00282492
0.015	0.00293077
0.018	0.00301788
0.021	0.00308629
0.024	0.00313623
0.027	0.00316789
0.03	0.00318122
0.033	0.00317578
0.036	0.00315077
0.039	0.00310516
0.042	0.00303792
0.045	0.00294846
0.048	0.00283707
0.051	0.00270538
0.054	0.00255675
0.057	0.00239623
0.06	0.00223027
0.063	0.00206609
0.066	0.00191081
0.069	0.00177078
0.072	0.001651
0.075	0.00155499
0.078	0.00148495
0.081	0.00144209
0.084	0.00142704
0.087	0.00144024
0.09	0.00148213
0.093	0.00155325
0.096	0.00165405
0.099	0.00178463
0.102	0.00194428
0.105	0.00213102
0.108	0.00234115
0.111	0.00256915
0.114	0.00280779
0.117	0.00304874
0.12	0.00328343
0.123	0.00350405
0.126	0.00370438
0.129	0.0038803
0.132	0.00402981
0.135	0.00415274
0.138	0.00425024
0.141	0.00432414
0.144	0.00437643
0.147	0.00440886
0.15	0.00442263
0.153	0.00441821
0.156	0.0043953
0.159	0.00435285
0.162	0.00428923
0.165	0.00420243
0.168	0.00409057
0.171	0.00395233
0.174	0.00378769
0.177	0.00359834
0.18	0.00338814
0.183	0.00316297
0.186	0.00293025
0.189	0.00269809
0.192	0.00247423
0.195	0.00226518
0.198	0.00207558
0.201	0.00190803
0.204	0.00176326
0.207	0.00164046
0.21	0.00153774
0.213	0.00145257
0.216	0.00138213
0.219	0.00132356
0.222	0.00127409
0.225	0.0012312
0.228	0.00119265
0.231	0.00115656
0.234	0.00112146
0.237	0.00108636
0.24	0.00105079
0.243	0.00101475
0.246	0.000978648
0.249	0.000943168
0.252	0.000909084
0.255	0.000877111
0.258	0.000847779
0.261	0.00082138
0.264	0.000797953
0.267	0.000777322
0.27	0.000759147
0.273	0.000742979
0.276	0.000728315
0.279	0.000714642
0.282	0.000701474
0.285	0.00068839
0.288	0.000675071
0.291	0.000661333
0.294	0.000647162
0.297	0.000632741
0.3	0.000618452
0.303	0.000604865
0.306	0.000592698
0.309	0.000582771
0.312	0.000575958
0.315	0.000573171
0.318	0.000575361
0.321	0.00058356
0.324	0.000598943
0.327	0.000622889
0.33	0.000657046
0.333	0.000703348
0.336	0.000763993
0.339	0.000841338
0.342	0.000937702
0.345	0.00105505
0.348	0.00119462
0.351	0.00135643
0.354	0.0015389
0.357	0.00173867
0.36	0.00195056
0.363	0.0021681
0.366	0.00238411
0.369	0.0025916
0.372	0.00278451
0.375	0.00295823
0.378	0.00310979
0.381	0.00323771
0.384	0.0033417
0.387	0.00342217
0.39	0.00347985
0.393	0.00351534
0.396	0.00352889
0.399	0.00352028
0.402	0.00348874
0.405	0.00343313
0.408	0.00335225
0.411	0.00324521
0.414	0.00311201
0.417	0.00295407
0.42	0.00277464
0.423	0.00257891
0.426	0.00237375
0.429	0.00216701
0.432	0.00196661
0.435	0.00177962
0.438	0.00161156
0.441	0.00146608
0.444	0.00134505
0.447	0.00124884
0.45	0.00117688
0.453	0.00112811
0.456	0.00110141
0.459	0.00109586
0.462	0.00111087
0.465	0.00114616
0.468	0.0012016
0.471	0.00127695
0.474	0.00137151
0.477	0.00148374
0.48	0.00161101
0.483	0.0017495
0.486	0.00189431
0.489	0.00204
0.492	0.00218109
0.495	0.00231283
0.498	0.00243164
0.501	0.00253541
0.504	0.00262342
0.507	0.00269616
0.51	0.00275493
0.513	0.00280144
0.516	0.00283752
0.519	0.0028648
0.522	0.0028846
0.525	0.00289773
0.528	0.00290444
0.531	0.0029044
0.534	0.00289674
0.537	0.00288014
0.54	0.00285314
0.543	0.00281444
0.546	0.00276334
0.549	0.00270005
0.552	0.00262591
0.555	0.00254328
0.558	0.00245523
0.561	0.00236503
0.564	0.00227567
0.567	0.00218944
0.57	0.0021077
0.573	0.00203083
0.576	0.00195836
0.579	0.0018891
0.582	0.0018214
0.585	0.00175335
0.588	0.00168301
0.591	0.00160871
0.594	0.0015292
0.597	0.00144398
0.6	0.00135341
0.603	0.00125879
0.606	0.00116226
0.609	0.00106657
0.612	0.00097461
0.615	0.000889092
0.618	0.000812155
0.621	0.000745198
0.624	0.000688863
0.627	0.00064315
0.63	0.000607617
0.633	0.000581583
0.636	0.00056431
0.639	0.000555129
0.642	0.000553507
0.645	0.000559057
0.648	0.000571502
0.651	0.000590583
0.654	0.000615954
0.657	0.000647061
0.66	0.000683045
0.663	0.000722704
0.666	0.000764529
0.669	0.000806832
0.672	0.000847918
0.675	0.000886272
0.678	0.000920697
0.681	0.000950378
0.684	0.000974866
0.687	0.000994005
0.69	0.00100782
0.693	0.00101643
0.696	0.00101992
0.699	0.00101833
0.702	0.00101162
0.705	0.000999681
0.708	0.000982375
0.711	0.000959646
0.714	0.000931611
0.717	0.000898671
0.72	0.00086159
0.723	0.000821515
0.726	0.000779915
0.729	0.000738442
0.732	0.000698742
0.735	0.000662278
0.738	0.000630191
0.741	0.000603258
0.744	0.000581907
0.747	0.000566306
0.75	0.000556463
0.753	0.000552323
0.756	0.000553843
0.759	0.000561033
0.762	0.000573957
0.765	0.0005927
0.768	0.000617296
0.771	0.000647647
0.774	0.000683424
0.777	0.000723999
0.78	0.00076842
0.783	0.00081546
0.786	0.00086374
0.789	0.000911908
0.792	0.000958832
0.795	0.00100376
0.798	0.00104642
0.801	0.00108702
0.804	0.00112623
0.807	0.00116507
0.81	0.00120485
0.813	0.00124701
0.816	0.00129302
0.819	0.0013443
0.822	0.00140203
0.825	0.001467
0.828	0.00153945
0.831	0.00161885
0.834	0.0017039
0.837	0.00179241
0.84	0.0018816
0.843	0.00196833
0.846	0.00204957
0.849	0.00212277
0.852	0.00218624
0.855	0.00223916
0.858	0.00228156
0.861	0.00231406
0.864	0.00233764
0.867	0.00235331
0.87	0.00236194
0.873	0.00236414
0.876	0.00236016
0.879	0.00234987
0.882	0.00233277
0.885	0.00230806
0.888	0.0022747
0.891	0.00223159
0.894	0.00217773
0.897	0.00211254
0.9	0.00203607
0.903	0.00194926
0.906	0.00185405
0.909	0.00175322
0.912	0.00165019
0.915	0.00154855
0.918	0.00145157
0.921	0.0013619
0.924	0.00128132
0.927	0.0012107
0.93	0.00115014
0.933	0.00109911
0.936	0.00105673
0.939	0.00102187
0.942	0.000993377
0.945	0.000970132
0.948	0.000951114
0.951	0.000935435
0.954	0.000922335
0.957	0.000911182
0.96	0.000901451
0.963	0.000892714
0.966	0.000884628
0.969	0.000876933
0.972	0.000869445
0.975	0.000862056
0.978	0.000854718
0.981	0.000847424
0.984	0.000840182
0.987	0.000832988
0.99	0.000825799
0.993	0.000818522
0.996	0.000811009
0.999	0.000803054
1.002	0.00079441
1.005	0.000784797
1.008	0.000773933
1.011	0.000761559
1.014	0.000747477
1.017	0.000731596
1.02	0.000713969
1.023	0.000694825
1.026	0.000674567
1.029	0.00065375
1.032	0.000633018
1.035	0.000613021
1.038	0.000594334
1.041	0.000577389
1.044	0.000562444
1.047	0.000549579
1.05	0.000538727
1.053	0.00052971
1.056	0.000522286
1.059	0.000516183
1.062	0.000511132
1.065	0.000506884
1.068	0.000503223
1.071	0.000499973
1.074	0.000497006
1.077	0.00049424
1.08	0.000491644
1.083	0.000489236
1.086	0.000487073
1.089	0.000485245
1.092	0.000483855
1.095	0.000483015
1.098	0.00048283
1.101	0.000483404
1.104	0.000484847
1.107	0.000487299
1.11	0.000490943
1.113	0.000496031
1.116	0.000502905
1.119	0.000512008
1.122	0.000523892
1.125	0.000539213
1.128	0.000558711
1.131	0.000583163
1.134	0.000613305
1.137	0.000649718
1.14	0.000692695
1.143	0.00074209
1.146	0.000797207
1.149	0.000856761
1.152	0.000918942
1.155	0.000981594
1.158	0.00104247
1.161	0.00109949
1.164	0.00115097
1.167	0.00119572
1.17	0.00123305
1.173	0.00126267
1.176	0.00128456
1.179	0.00129884
1.182	0.00130564
1.185	0.00130498
1.188	0.0012968
1.191	0.00128091
1.194	0.00125709
1.197	0.00122518
1.2	0.00118527
1.203	0.00113779
1.206	0.00108371
1.209	0.00102452
1.212	0.000962189
1.215	0.000899011
1.218	0.000837292
1.221	0.000779104
1.224	0.000726051
1.227	0.000679163
1.23	0.000638891
1.233	0.000605198
1.236	0.000577695
1.239	0.000555785
1.242	0.000538786
1.245	0.000526028
1.248	0.000516909
1.251	0.000510926
1.254	0.000507685
1.257	0.000506881
1.26	0.000508282
1.263	0.00051169
1.266	0.000516909
1.269	0.000523722
1.272	0.000531878
1.275	0.000541101
1.278	0.000551128
1.281	0.000561748
1.284	0.000572855
1.287	0.000584492
1.29	0.000596875
1.293	0.000610413
1.296	0.000625711
1.299	0.000643568
1.302	0.000664965
1.305	0.000691037
1.308	0.00072303
1.311	0.00076222
1.314	0.000809782
1.317	0.000866622
1.32	0.000933163
1.323	0.00100914
1.326	0.00109342
1.329	0.00118402
1.332	0.00127815
1.335	0.00137254
1.338	0.00146382
1.341	0.00154888
1.344	0.0016252
1.347	0.00169097
1.35	0.00174508
1.353	0.00178701
1.356	0.0018166
1.359	0.00183389
1.362	0.00183891
1.365	0.00183158
1.368	0.00181171
1.371	0.00177901
1.374	0.00173323
1.377	0.00167434
1.38	0.00160277
1.383	0.00151965
1.386	0.0014269
1.389	0.00132732
1.392	0.00122434
1.395	0.00112171
1.398	0.00102307
1.401	0.000931495
1.404	0.000849208
1.407	0.000777461
1.41	0.000716586
1.413	0.000666183
1.416	0.000625357
1.419	0.000592947
1.422	0.000567716
1.425	0.000548484
1.428	0.000534207
1.431	0.000524013
1.434	0.000517203
1.437	0.00051324
1.44	0.000511706
1.443	0.00051227
1.446	0.000514636
1.449	0.000518511
1.452	0.000523569
1.455	0.000529454
1.458	0.000535782
1.461	0.000542177
1.464	0.000548294
1.467	0.000553851
1.47	0.000558637
1.473	0.000562513
1.476	0.000565404
1.479	0.000567282
1.482	0.000568152
1.485	0.000568044
1.488	0.000567005
1.491	0.000565106
1.494	0.000562447
1.497	0.000559167
1.5	0.000555446
1.503	0.000551509
1.506	0.000547603
1.509	0.000543981
1.512	0.000540857
1.515	0.000538382
1.518	0.000536622
1.521	0.000535549
1.524	0.000535065
1.527	0.000535018
1.53	0.000535238
1.533	0.000535552
1.536	0.000535804
1.539	0.000535857
1.542	0.000535593
1.545	0.000534908
1.548	0.00053371
1.551	0.000531913
1.554	0.000529446
1.557	0.000526256
1.56	0.000522322
1.563	0.000517664
1.566	0.000512362
1.569	0.000506552
1.572	0.000500425
1.575	0.000494208
1.578	0.000488142
1.581	0.000482449
1.584	0.000477312
1.587	0.000472869
1.59	0.000469205
1.593	0.000466367
1.596	0.000464382
1.599	0.000463269
1.602	0.000463058
1.605	0.000463805
1.608	0.000465596
1.611	0.00046855
1.614	0.000472818
1.617	0.000478562
1.62	0.000485937
1.623	0.000495054
1.626	0.000505938
1.629	0.000518493
1.632	0.000532471
1.635	0.00054747
1.638	0.000562964
1.641	0.000578358
1.644	0.000593052
1.647	0.000606513
1.65	0.000618315
1.653	0.000628162
1.656	0.000635876
1.659	0.000641371
1.662	0.000644625
1.665	0.000645647
1.668	0.000644456
1.671	0.000641083
1.674	0.00063557
1.677	0.000627995
1.68	0.000618498
1.683	0.000607311
1.686	0.000594776
1.689	0.000581342
1.692	0.000567543
1.695	0.000553939
1.698	0.000541058
1.701	0.000529326
1.704	0.000519026
1.707	0.000510283
1.71	0.000503081
1.713	0.000497293
1.716	0.000492728
1.719	0.000489163
1.722	0.000486376
1.725	0.000484159
1.728	0.000482332
1.731	0.00048074
1.734	0.000479256
1.737	0.000477778
1.74	0.000476227
1.743	0.000474552
1.746	0.000472725
1.749	0.000470752
1.752	0.000468665
1.755	0.000466527
1.758	0.000464423
1.761	0.000462454
1.764	0.000460727
1.767	0.000459344
1.77	0.000458403
1.773	0.000457997
1.776	0.000458217
1.779	0.000459161
1.782	0.000460944
1.785	0.000463705
1.788	0.000467608
1.791	0.000472844
1.794	0.000479622
1.797	0.000488148
1.8	0.000498604
1.803	0.000511103
1.806	0.000525655
1.809	0.000542127
1.812	0.000560223
1.815	0.000579489
1.818	0.000599356
1.821	0.000619208
1.824	0.000638467
1.827	0.000656668
1.83	0.000673516
1.833	0.000688902
1.836	0.000702899
1.839	0.000715722
1.842	0.000727695
1.845	0.000739199
1.848	0.000750634
1.851	0.000762381
1.854	0.00077476
1.857	0.000787991
1.86	0.000802155
1.863	0.000817161
1.866	0.000832727
1.869	0.000848392
1.872	0.00086356
1.875	0.000877587
1.878	0.000889878
1.881	0.000899987
1.884	0.000907677
1.887	0.000912927
1.89	0.000915892
1.893	0.000916833
1.896	0.000916033
1.899	0.000913735
1.902	0.000910088
1.905	0.000905134
1.908	0.000898797
1.911	0.000890893
1.914	0.000881158
1.917	0.000869273
1.92	0.000854911
1.923	0.000837795
1.926	0.000817767
1.929	0.000794852
1.932	0.000769321
1.935	0.000741707
1.938	0.000712784
1.941	0.000683485
1.944	0.000654789
1.947	0.000627595
1.95	0.000602617
1.953	0.000580323
1.956	0.000560929
1.959	0.000544424
1.962	0.000530628
1.965	0.000519252
1.968	0.000509951
1.971	0.000502369
1.974	0.000496169
1.977	0.000491051
1.98	0.000486768
1.983	0.000483133
1.986	0.000480023
1.989	0.00047739
1.992	0.00047526
1.995	0.000473745
1.998	0.000473034
2.001	0.000473406
2.004	0.000475226
2.007	0.000478958
2.01	0.000485179
2.013	0.000494609
2.016	0.000508145
2.019	0.000526901
2.022	0.000552253
2.025	0.000585871
2.028	0.000629727
2.031	0.000686071
2.034	0.000757337
2.037	0.000845965
2.04	0.000954126
2.043	0.00108333
2.046	0.00123399
2.049	0.00140498
2.052	0.00159332
2.055	0.00179417
2.058	0.00200116
2.061	0.00220702
2.064	0.00240445
2.067	0.002587
2.07	0.00274962
2.073	0.00288898
2.076	0.00300335
2.079	0.00309224
2.082	0.00315597
2.085	0.00319514
2.088	0.00321031
2.091	0.00320172
2.094	0.0031692
2.097	0.00311221
2.1	0.00303011
2.103	0.00292248
2.106	0.00278959
2.109	0.00263288
2.112	0.00245534
2.115	0.0022617
2.118	0.00205821
2.121	0.00185211
2.124	0.00165082
2.127	0.00146108
2.13	0.00128824
2.133	0.00113589
2.136	0.00100579
2.139	0.000898175
2.142	0.000812171
2.145	0.00074625
2.148	0.000698654
2.151	0.000667691
2.154	0.000651927
2.157	0.00065025
2.16	0.000661846
2.163	0.000686076
2.166	0.000722299
2.169	0.000769656
2.172	0.000826865
2.175	0.000892084
2.178	0.000962896
2.181	0.00103645
2.184	0.00110972
2.187	0.00117983
2.19	0.00124439
2.193	0.00130164
2.196	0.00135053
2.199	0.00139066
2.202	0.00142206
2.205	0.00144507
2.208	0.0014601
2.211	0.00146748
2.214	0.00146743
2.217	0.00145997
2.22	0.00144495
2.223	0.00142211
2.226	0.00139125
2.229	0.00135232
2.232	0.00130568
2.235	0.00125215
2.238	0.00119315
2.241	0.00113061
2.244	0.00106677
2.247	0.00100398
2.25	0.000944371
2.253	0.000889628
2.256	0.000840897
2.259	0.00079876
2.262	0.00076331
2.265	0.000734283
2.268	0.000711189
2.271	0.000693437
2.274	0.000680421
2.277	0.000671576
2.28	0.000666409
2.283	0.000664492
2.286	0.000665453
2.289	0.000668939
2.292	0.000674588
2.295	0.000682004
2.298	0.000690743
2.301	0.000700328
2.304	0.00071027
2.307	0.000720112
2.31	0.000729468
2.313	0.000738044
2.316	0.000745656
2.319	0.000752218
2.322	0.000757729
2.325	0.000762241
2.328	0.000765844
2.331	0.000768643
2.334	0.000770742
2.337	0.000772237
2.34	0.000773212
2.343	0.000773734
2.346	0.000773854
2.349	0.000773614
2.352	0.000773051
2.355	0.000772204
2.358	0.00077113
2.361	0.000769907
2.364	0.000768641
2.367	0.000767464
2.37	0.000766525
2.373	0.000765981
2.376	0.000765992
2.379	0.000766711
2.382	0.000768293
2.385	0.000770895
2.388	0.000774691
2.391	0.000779871
2.394	0.00078664
2.397	0.000795212
2.4	0.000805782
2.403	0.000818495
2.406	0.000833399
2.409	0.000850393
2.412	0.000869187
2.415	0.000889278
2.418	0.000909969
2.421	0.000930437
2.424	0.000949839
2.427	0.000967445
2.43	0.000982745
2.433	0.000995518
2.436	0.00100583
2.439	0.00101397
2.442	0.0010204
2.445	0.00102562
2.448	0.00103012
2.451	0.00103435
2.454	0.00103863
2.457	0.00104316
2.46	0.00104804
2.463	0.00105318
2.466	0.00105838
2.469	0.00106327
2.472	0.00106738
2.475	0.00107019
2.478	0.00107123
2.481	0.0010702
2.484	0.00106706
2.487	0.00106214
2.49	0.00105608
2.493	0.00104985
2.496	0.00104457
2.499	0.00104148
2.502	0.0010418
2.505	0.00104679
2.508	0.00105765
2.511	0.00107564
2.514	0.00110204
2.517	0.00113819
2.52	0.0011854
2.523	0.00124482
2.526	0.0013173
2.529	0.00140306
2.532	0.00150148
2.535	0.00161085
2.538	0.0017283
2.541	0.00184992
2.544	0.00197116
2.547	0.00208733
2.55	0.00219416
2.553	0.00228834
2.556	0.00236767
2.559	0.00243107
2.562	0.00247837
2.565	0.00250991
2.568	0.00252624
2.571	0.00252781
2.574	0.00251478
2.577	0.00248696
2.58	0.00244384
2.583	0.00238469
2.586	0.00230884
2.589	0.00221597
2.592	0.00210647
2.595	0.00198179
2.598	0.00184465
2.601	0.00169907
2.604	0.00155009
2.607	0.00140334
2.61	0.00126437
2.613	0.00113803
2.616	0.00102816
2.619	0.000937376
2.622	0.00086723
2.625	0.000818553
2.628	0.000791837
2.631	0.000787621
2.634	0.000806782
2.637	0.000850709
2.64	0.000921307
2.643	0.00102084
2.646	0.00115157
2.649	0.00131522
2.652	0.0015123
2.655	0.0017414
2.658	0.00199862
2.661	0.00227737
2.664	0.00256868
2.667	0.00286201
2.67	0.00314651
2.673	0.00341225
2.676	0.00365123
2.679	0.00385792
2.682	0.00402919
2.685	0.0041639
2.688	0.00426219
2.691	0.00432482
2.694	0.00435255
2.697	0.00434573
2.7	0.00430415
2.703	0.00422709
2.706	0.00411361
2.709	0.00396312
2.712	0.003776
2.715	0.00355436
2.718	0.00330263
2.721	0.00302772
2.724	0.00273881
2.727	0.00244638
2.73	0.00216111
2.733	0.00189248
2.736	0.00164783
2.739	0.00143177
2.742	0.00124623
2.745	0.00109085
2.748	0.000963616
2.751	0.000861509
2.754	0.000781091
2.757	0.000718901
2.76	0.000671722
2.763	0.000636711
2.766	0.00061144
2.769	0.000593875
2.772	0.000582333
2.775	0.000575423
2.778	0.000572001
2.781	0.000571142
2.784	0.000572122
2.787	0.000574419
2.79	0.00057771
2.793	0.000581867
2.796	0.00058694
2.799	0.000593142
2.802	0.00060082
2.805	0.000610436
2.808	0.000622551
2.811	0.000637805
2.814	0.00065689
2.817	0.000680514
2.82	0.000709334
2.823	0.00074387
2.826	0.000784395
2.829	0.000830812
2.832	0.000882549
2.835	0.000938514
2.838	0.000997131
2.841	0.00105649
2.844	0.00111458
2.847	0.00116956
2.85	0.00121999
2.853	0.00126499
2.856	0.00130426
2.859	0.001338
2.862	0.00136682
2.865	0.00139151
2.868	0.00141298
2.871	0.00143208
2.874	0.00144954
2.877	0.00146589
2.88	0.00148141
2.883	0.00149607
2.886	0.00150954
2.889	0.00152118
2.892	0.00153012
2.895	0.00153544
2.898	0.00153632
2.901	0.00153229
2.904	0.00152339
2.907	0.00151021
2.91	0.00149385
2.913	0.00147571
2.916	0.0014573
2.919	0.00144004
2.922	0.00142512
2.925	0.0014135
2.928	0.0014059
2.931	0.00140288
2.934	0.00140491
2.937	0.00141243
2.94	0.00142589
2.943	0.00144569
2.946	0.00147219
2.949	0.00150559
2.952	0.00154583
2.955	0.00159249
2.958	0.00164472
2.961	0.00170125
2.964	0.0017605
2.967	0.00182069
2.97	0.00188014
2.973	0.0019374
2.976	0.00199146
2.979	0.00204181
2.982	0.00208842
2.985	0.00213168
2.988	0.00217228
2.991	0.00221111
2.994	0.00224911
2.997	0.00228723
3	0.00232628
3.003	0.0023669
3.006	0.00240945
3.009	0.00245401
3.012	0.00250035
3.015	0.00254792
3.018	0.00259602
3.021	0.00264383
3.024	0.00269057
3.027	0.00273561
3.03	0.00277853
3.033	0.00281911
3.036	0.00285733
3.039	0.0028933
3.042	0.00292724
3.045	0.00295945
3.048	0.00299027
3.051	0.00302013
3.054	0.00304946
3.057	0.00307872
3.06	0.00310827
3.063	0.0031384
3.066	0.00316909
3.069	0.0032
3.072	0.00323028
3.075	0.00325855
3.078	0.00328284
3.081	0.00330081
3.084	0.00331
3.087	0.0033083
3.09	0.00329434
3.093	0.00326793
3.096	0.00323012
3.099	0.00318307
3.102	0.00312964
3.105	0.00307291
3.108	0.00301564
3.111	0.00295999
3.114	0.00290731
3.117	0.00285816
3.12	0.00281236
3.123	0.00276913
3.126	0.00272723
3.129	0.00268504
3.132	0.00264071
3.135	0.00259224
3.138	0.00253761
3.141	0.00247502
3.144	0.00240309
3.147	0.00232116
3.15	0.00222953
3.153	0.00212958
3.156	0.00202375
3.159	0.00191526
3.162	0.00180772
3.165	0.00170469
3.168	0.00160923
3.171	0.00152369
3.174	0.00144961
3.177	0.00138775
3.18	0.00133826
3.183	0.00130084
3.186	0.0012749
3.189	0.00125965
3.192	0.00125417
3.195	0.00125738
3.198	0.00126804
3.201	0.00128466
3.204	0.00130559
3.207	0.00132903
3.21	0.00135317
3.213	0.00137643
3.216	0.00139761
3.219	0.00141604
3.222	0.00143161
3.225	0.00144474
3.228	0.00145622
3.231	0.00146712
3.234	0.0014786
3.237	0.00149188
3.24	0.00150811
3.243	0.00152837
3.246	0.00155363
3.249	0.00158462
3.252	0.00162178
3.255	0.00166512
3.258	0.00171407
3.261	0.00176742
3.264	0.00182329
3.267	0.0018793
3.27	0.0019328
3.273	0.0019813
3.276	0.00202278
3.279	0.00205596
3.282	0.00208039
3.285	0.00209627
3.288	0.00210427
3.291	0.00210521
3.294	0.0020998
3.297	0.0020885
3.3	0.00207136
3.303	0.00204806
3.306	0.00201788
3.309	0.00197981
3.312	0.00193271
3.315	0.00187545
3.318	0.00180718
3.321	0.00172762
3.324	0.0016373
3.327	0.00153776
3.33	0.00143157
3.333	0.00132211
3.336	0.00121323
3.339	0.00110872
3.342	0.0010119
3.345	0.000925209
3.348	0.000850164
3.351	0.000787362
3.354	0.000736683
3.357	0.000697527
3.36	0.000669048
3.363	0.000650326
3.366	0.000640486
3.369	0.000638743
3.372	0.000644389
3.375	0.000656741
3.378	0.000675064
3.381	0.000698494
3.384	0.000725994
3.387	0.000756365
3.39	0.000788318
3.393	0.000820604
3.396	0.000852163
3.399	0.000882249
3.402	0.000910506
3.405	0.00093698
3.408	0.000962072
3.411	0.000986462
3.414	0.00101102
3.417	0.00103671
3.42	0.00106452
3.423	0.00109539
3.426	0.00113009
3.429	0.00116915
3.432	0.00121274
3.435	0.00126061
3.438	0.00131197
3.441	0.00136559
3.444	0.00141987
3.447	0.00147308
3.45	0.00152365
3.453	0.00157042
3.456	0.00161285
3.459	0.00165109
3.462	0.00168588
3.465	0.00171848
3.468	0.00175047
3.471	0.0017836
3.474	0.00181968
3.477	0.00186049
3.48	0.00190766
3.483	0.00196265
3.486	0.0020265
3.489	0.00209978
3.492	0.00218228
3.495	0.00227292
3.498	0.0023696
3.501	0.00246929
3.504	0.00256828
3.507	0.00266263
3.51	0.0027487
3.513	0.00282368
3.516	0.00288586
3.519	0.00293472
3.522	0.0029707
3.525	0.00299487
3.528	0.00300851
3.531	0.0030128
3.534	0.00300853
3.537	0.002996
3.54	0.00297496
3.543	0.00294461
3.546	0.0029037
3.549	0.00285064
3.552	0.00278371
3.555	0.00270134
3.558	0.00260244
3.561	0.00248683
3.564	0.00235553
3.567	0.00221101
3.57	0.00205715
3.573	0.00189889
3.576	0.0017417
3.579	0.00159089
3.582	0.00145096
3.585	0.00132525
3.588	0.00121574
3.591	0.00112318
3.594	0.00104734
3.597	0.000987362
3.6	0.000942063
3.603	0.000910204
3.606	0.000890668
3.609	0.000882568
3.612	0.000885257
3.615	0.000898296
3.618	0.000921343
3.621	0.00095402
3.624	0.000995742
3.627	0.00104557
3.63	0.00110213
3.633	0.00116358
3.636	0.00122772
3.639	0.00129221
3.642	0.0013548
3.645	0.00141356
3.648	0.00146706
3.651	0.00151446
3.654	0.00155546
3.657	0.00159024
3.66	0.00161931
3.663	0.00164344
3.666	0.00166349
3.669	0.00168036
3.672	0.00169493
3.675	0.001708
3.678	0.00172028
3.681	0.00173229
3.684	0.00174443
3.687	0.00175687
3.69	0.0017696
3.693	0.00178244
3.696	0.00179511
3.699	0.00180726
3.702	0.00181856
3.705	0.00182873
3.708	0.00183754
3.711	0.00184486
3.714	0.00185056
3.717	0.00185456
3.72	0.00185672
3.723	0.00185687
3.726	0.00185475
3.729	0.00184997
3.732	0.001842
3.735	0.00183016
3.738	0.00181361
3.741	0.00179137
3.744	0.00176244
3.747	0.00172592
3.75	0.00168117
3.753	0.00162805
3.756	0.00156708
3.759	0.00149956
3.762	0.00142744
3.765	0.00135316
3.768	0.00127932
3.771	0.00120828
3.774	0.00114192
3.777	0.00108144
3.78	0.00102738
3.783	0.000979633
3.786	0.000937647
3.789	0.00090054
3.792	0.000867267
3.795	0.000836743
3.798	0.000807957
3.801	0.000780053
3.804	0.000752406
3.807	0.00072468
3.81	0.000696844
3.813	0.000669169
3.816	0.000642163
3.819	0.000616475
3.822	0.000592783
3.825	0.000571682
3.828	0.000553616
3.831	0.000538855
3.834	0.000527515
3.837	0.000519613
3.84	0.000515129
3.843	0.000514066
3.846	0.000516501
3.849	0.000522605
3.852	0.000532655
3.855	0.00054701
3.858	0.000566061
3.861	0.000590157
3.864	0.000619506
3.867	0.000654064
3.87	0.000693449
3.873	0.000736892
3.876	0.000783279
3.879	0.000831271
3.882	0.000879489
3.885	0.000926726
3.888	0.000972129
3.891	0.00101531
3.894	0.00105637
3.897	0.00109586
3.9	0.00113474
3.903	0.00117419
3.906	0.00121557
3.909	0.00126025
3.912	0.00130954
3.915	0.00136447
3.918	0.00142568
3.921	0.00149324
3.924	0.00156653
3.927	0.00164419
3.93	0.00172414
3.933	0.00180386
3.936	0.00188067
3.939	0.00195214
3.942	0.00201642
3.945	0.00207246
3.948	0.00212
3.951	0.00215951
3.954	0.00219194
3.957	0.00221849
3.96	0.00224043
3.963	0.00225889
3.966	0.00227483
3.969	0.00228887
3.972	0.0023013
3.975	0.00231204
3.978	0.00232055
3.981	0.00232589
3.984	0.00232678
3.987	0.00232174
3.99	0.00230932
3.993	0.00228847
3.996	0.00225874
3.999	0.00222057
4.002	0.00217522
4.005	0.00212462
4.008	0.00207101
4.011	0.00201652
4.014	0.00196287
4.017	0.00191116
4.02	0.00186179
4.023	0.0018145
4.026	0.0017685
4.029	0.00172261
4.032	0.0016754
4.035	0.00162534
4.038	0.00157099
4.041	0.00151116
4.044	0.00144507
4.047	0.00137257
4.05	0.00129422
4.053	0.00121137
4.056	0.00112603
4.059	0.00104071
4.062	0.000958013
4.065	0.000880374
4.068	0.000809724
4.071	0.000747342
4.074	0.000693823
4.077	0.000649174
4.08	0.000612964
4.083	0.000584506
4.086	0.000563014
4.089	0.000547721
4.092	0.000537964
4.095	0.000533211
4.098	0.000533068
4.101	0.000537242
4.104	0.000545485
4.107	0.000557524
4.11	0.000572979
4.113	0.000591309
4.116	0.000611789
4.119	0.000633532
4.122	0.000655566
4.125	0.000676932
4.128	0.000696783
4.131	0.000714455
4.134	0.00072949
4.137	0.000741626
4.14	0.000750746
4.143	0.000756826
4.146	0.00075988
4.149	0.000759919
4.152	0.000756934
4.155	0.000750893
4.158	0.000741769
4.161	0.000729576
4.164	0.000714431
4.167	0.000696608
4.17	0.000676586
4.173	0.000655063
4.176	0.000632931
4.179	0.000611211
4.182	0.000590967
4.185	0.000573214
4.188	0.000558862
4.191	0.000548699
4.194	0.000543421
4.197	0.000543692
4.2	0.000550221
4.203	0.000563833
4.206	0.000585518
4.209	0.000616443
4.212	0.000657908
4.215	0.00071125
4.218	0.000777651
4.221	0.0008579
4.224	0.000952088
4.227	0.00105933
4.23	0.00117756
4.233	0.00130354
4.236	0.00143305
4.239	0.00156136
4.242	0.00168379
4.245	0.00179621
4.248	0.00189551
4.251	0.00197967
4.254	0.0020477
4.257	0.00209944
4.26	0.00213522
4.263	0.00215556
4.266	0.00216099
4.269	0.00215188
4.272	0.00212844
4.275	0.00209075
4.278	0.00203894
4.281	0.00197343
4.284	0.00189514
4.287	0.00180576
4.29	0.00170786
4.293	0.00160492
4.296	0.001501
4.299	0.00140037
4.302	0.0013069
4.305	0.00122357
4.308	0.00115217
4.311	0.00109318
4.314	0.00104601
4.317	0.00100927
4.32	0.000981185
4.323	0.000959926
4.326	0.000943828
4.329	0.000931553
4.332	0.000922173
4.335	0.000915196
4.338	0.000910572
4.341	0.000908662
4.344	0.000910173
4.347	0.000916044
4.35	0.000927259
4.353	0.000944619
4.356	0.000968496
4.359	0.000998635
4.362	0.00103408
4.365	0.00107324
4.368	0.00111411
4.371	0.00115455
4.374	0.00119256
4.377	0.00122645
4.38	0.00125495
4.383	0.0012772
4.386	0.00129266
4.389	0.00130099
4.392	0.00130202
4.395	0.00129563
4.398	0.00128177
4.401	0.00126053
4.404	0.00123215
4.407	0.00119721
4.41	0.00115667
4.413	0.00111194
4.416	0.00106485
4.419	0.00101753
4.422	0.000972107
4.425	0.000930524
4.428	0.00089424
4.431	0.000864132
4.434	0.000840501
4.437	0.000823188
4.44	0.000811765
4.443	0.000805727
4.446	0.000804655
4.449	0.000808329
4.452	0.000816791
4.455	0.000830364
4.458	0.000849628
4.461	0.000875355
4.464	0.000908407
4.467	0.000949577
4.47	0.000999393
4.473	0.00105791
4.476	0.0011245
4.479	0.00119779
4.482	0.00127564
4.485	0.00135535
4.488	0.00143396
4.491	0.00150858
4.494	0.00157668
4.497	0.00163629
4.5	0.00168603
4.503	0.00172505
4.506	0.00175286
4.509	0.0017692
4.512	0.00177382
4.515	0.00176645
4.518	0.00174674
4.521	0.00171427
4.524	0.00166873
4.527	0.00161008
4.53	0.00153881
4.533	0.00145611
4.536	0.00136406
4.539	0.00126556
4.542	0.00116418
4.545	0.0010637
4.548	0.000967726
4.551	0.000879225
4.554	0.00080025
4.557	0.000731858
4.56	0.000674198
4.563	0.000626711
4.566	0.00058838
4.569	0.000557958
4.572	0.000534142
4.575	0.000515699
4.578	0.000501528
4.581	0.000490695
4.584	0.000482431
4.587	0.000476124
4.59	0.000471299
4.593	0.000467597
4.596	0.000464749
4.599	0.000462563
4.602	0.000460894
4.605	0.000459637
4.608	0.000458709
4.611	0.000458041
4.614	0.000457575
4.617	0.000457259
4.62	0.00045705
4.623	0.000456911
4.626	0.000456814
4.629	0.000456737
4.632	0.000456665
4.635	0.00045659
4.638	0.000456508
4.641	0.000456422
4.644	0.000456341
4.647	0.00045628
4.65	0.000456262
4.653	0.000456315
4.656	0.000456472
4.659	0.000456772
4.662	0.000457256
4.665	0.00045797
4.668	0.000458965
4.671	0.000460304
4.674	0.000462068
4.677	0.000464367
4.68	0.000467342
4.683	0.000471181
4.686	0.000476124
4.689	0.000482464
4.692	0.000490551
4.695	0.000500779
4.698	0.000513576
4.701	0.00052936
4.704	0.000548494
4.707	0.000571216
4.71	0.000597556
4.713	0.000627268
4.716	0.000659776
4.719	0.000694183
4.722	0.000729332
4.725	0.000763937
4.728	0.000796737
4.731	0.000826644
4.734	0.000852846
4.737	0.000874844
4.74	0.000892429
4.743	0.000905616
4.746	0.000914565
4.749	0.000919505
4.752	0.000920687
4.755	0.000918357
4.758	0.000912758
4.761	0.000904158
4.764	0.000892888
4.767	0.000879391
4.77	0.00086425
4.773	0.000848198
4.776	0.000832082
4.779	0.000816779
4.782	0.000803087
4.785	0.000791608
4.788	0.000782662
4.791	0.000776263
4.794	0.000772146
4.797	0.000769847
4.8	0.000768795
4.803	0.00076839
4.806	0.000768061
4.809	0.000767292
4.812	0.000765624
4.815	0.000762648
4.818	0.000757992
4.821	0.000751321
4.824	0.000742348
4.827	0.000730856
4.83	0.000716743
4.833	0.00070007
4.836	0.000681096
4.839	0.000660297
4.842	0.00063834
4.845	0.000616019
4.848	0.000594162
4.851	0.000573527
4.854	0.000554721
4.857	0.000538159
4.86	0.000524057
4.863	0.000512463
4.866	0.000503308
4.869	0.000496459
4.872	0.000491763
4.875	0.000489084
4.878	0.000488322
4.881	0.000489422
4.884	0.000492362
4.887	0.000497138
4.89	0.000503729
4.893	0.000512068
4.896	0.000522
4.899	0.000533264
4.902	0.000545492
4.905	0.000558229
4.908	0.000570985
4.911	0.000583288
4.914	0.000594738
4.917	0.000605043
4.92	0.00061403
4.923	0.000621634
4.926	0.00062788
4.929	0.000632847
4.932	0.00063665
4.935	0.000639407
4.938	0.000641234
4.941	0.000642227
4.944	0.000642464
4.947	0.000642005
4.95	0.000640894
4.953	0.00063917
4.956	0.000636879
4.959	0.00063408
4.962	0.000630853
4.965	0.000627307
4.968	0.00062357
4.971	0.000619784
4.974	0.000616083
4.977	0.000612579
4.98	0.000609355
4.983	0.000606452
4.986	0.000603875
4.989	0.000601598
4.992	0.000599569
4.995	0.000597724
4.998	0.000595988
5.001	0.000594285
5.004	0.000592541
5.007	0.000590686
5.01	0.000588661
5.013	0.000586424
5.016	0.000583953
5.019	0.000581253
5.022	0.000578363
5.025	0.00057535
5.028	0.000572312
5.031	0.000569359
5.034	0.000566605
5.037	0.000564154
5.04	0.00056209
5.043	0.000560474
5.046	0.000559345
5.049	0.000558728
5.052	0.000558637
5.055	0.000559081
5.058	0.00056007
5.061	0.000561611
5.064	0.000563704
5.067	0.000566337
5.07	0.00056947
5.073	0.000573032
5.076	0.00057691
5.079	0.000580951
5.082	0.000584976
5.085	0.000588799
5.088	0.000592264
5.091	0.000595266
5.094	0.000597781
5.097	0.000599862
5.1	0.000601638
5.103	0.000603291
5.106	0.000605034
5.109	0.00060709
5.112	0.000609684
5.115	0.000613031
5.118	0.000617329
5.121	0.000622757
5.124	0.00062946
5.127	0.000637531
5.13	0.000646992
5.133	0.000657768
5.136	0.000669667
5.139	0.00068238
5.142	0.000695503
5.145	0.000708578
5.148	0.000721165
5.151	0.000732911
5.154	0.000743607
5.157	0.000753223
5.16	0.0007619
5.163	0.000769927
5.166	0.000777704
5.169	0.000785701
5.172	0.000794427
5.175	0.000804412
5.178	0.000816179
5.181	0.00083023
5.184	0.000847008
5.187	0.000866846
5.19	0.000889913
5.193	0.000916135
5.196	0.000945134
5.199	0.000976202
5.202	0.00100832
5.205	0.00104025
5.208	0.00107068
5.211	0.00109844
5.214	0.00112259
5.217	0.00114258
5.22	0.00115821
5.223	0.0011696
5.226	0.00117703
5.229	0.00118086
5.232	0.00118141
5.235	0.0011789
5.238	0.00117337
5.241	0.00116473
5.244	0.00115272
5.247	0.00113698
5.25	0.00111706
5.253	0.00109258
5.256	0.00106325
5.259	0.00102905
5.262	0.000990268
5.265	0.000947653
5.268	0.000902353
5.271	0.000855862
5.274	0.000809856
5.277	0.000766006
5.28	0.000725794
5.283	0.000690385
5.286	0.000660582
5.289	0.000636856
5.292	0.00061942
5.295	0.000608328
5.298	0.000603569
5.301	0.000605128
5.304	0.000613019
5.307	0.000627266
5.31	0.000647857
5.313	0.000674654
5.316	0.000707297
5.319	0.000745111
5.322	0.000787058
5.325	0.000831757
5.328	0.000877585
5.331	0.000922849
5.334	0.000965986
5.337	0.00100574
5.34	0.00104128
5.343	0.00107221
5.346	0.00109852
5.349	0.00112052
5.352	0.00113868
5.355	0.00115355
5.358	0.00116567
5.361	0.00117547
5.364	0.0011833
5.367	0.00118928
5.37	0.0011934
5.373	0.00119543
5.376	0.001195
5.379	0.00119163
5.382	0.00118488
5.385	0.00117443
5.388	0.00116022
5.391	0.00114255
5.394	0.00112209
5.397	0.00109979
5.4	0.00107676
5.403	0.00105407
5.406	0.00103266
5.409	0.00101322
5.412	0.000996163
5.415	0.00098164
5.418	0.000969597
5.421	0.000959813
5.424	0.000951941
5.427	0.00094554
5.43	0.000940096
5.433	0.00093504
5.436	0.000929774
5.439	0.000923712
5.442	0.000916345
5.445	0.000907304
5.448	0.000896428
5.451	0.000883796
5.454	0.000869713
5.457	0.000854646
5.46	0.00083913
5.463	0.000823668
5.466	0.000808649
5.469	0.000794297
5.472	0.000780669
5.475	0.000767662
5.478	0.000755059
5.481	0.000742566
5.484	0.000729865
5.487	0.000716663
5.49	0.000702744
5.493	0.000688017
5.496	0.000672567
5.499	0.000656679
5.502	0.000640846
5.505	0.000625742
5.508	0.000612166
5.511	0.000600976
5.514	0.000593029
5.517	0.000589159
5.52	0.000590197
5.523	0.000597042
5.526	0.000610761
5.529	0.000632705
5.532	0.000664618
5.535	0.000708727
5.538	0.000767798
5.541	0.000845118
5.544	0.000944396
5.547	0.00106953
5.55	0.0012242
5.553	0.00141131
5.556	0.00163224
5.559	0.00188614
5.562	0.00216932
5.565	0.00247503
5.568	0.00279383
5.571	0.00311451
5.574	0.00342538
5.577	0.00371572
5.58	0.00397683
5.583	0.00420264
5.586	0.00438972
5.589	0.00453678
5.592	0.00464398
5.595	0.00471221
5.598	0.00474242
5.601	0.00473523
5.604	0.00469066
5.607	0.00460818
5.61	0.00448697
5.613	0.00432641
5.616	0.00412666
5.619	0.00388944
5.622	0.00361867
5.625	0.00332084
5.628	0.00300496
5.631	0.00268192
5.634	0.0023634
5.637	0.00206043
5.64	0.0017822
5.643	0.00153513
5.646	0.00132264
5.649	0.00114539
5.652	0.00100195
5.655	0.000889536
5.658	0.000804787
5.661	0.000744302
5.664	0.000705041
5.667	0.000684516
5.67	0.000680828
5.673	0.000692584
5.676	0.000718713
5.679	0.000758233
5.682	0.000809983
5.685	0.000872399
5.688	0.000943378
5.691	0.00102029
5.694	0.00110014
5.697	0.00117985
5.7	0.0012566
5.703	0.0013281
5.706	0.00139275
5.709	0.00144969
5.712	0.00149869
5.715	0.00154003
5.718	0.00157427
5.721	0.00160211
5.724	0.00162423
5.727	0.00164115
5.73	0.0016532
5.733	0.00166042
5.736	0.0016626
5.739	0.00165929
5.742	0.00164995
5.745	0.00163407
5.748	0.0016114
5.751	0.00158218
5.754	0.00154722
5.757	0.00150799
5.76	0.00146642
5.763	0.00142475
5.766	0.0013852
5.769	0.00134976
5.772	0.00132003
5.775	0.00129721
5.778	0.0012821
5.781	0.00127526
5.784	0.00127701
5.787	0.00128758
5.79	0.00130706
5.793	0.00133539
5.796	0.00137222
5.799	0.00141686
5.802	0.00146812
5.805	0.0015243
5.808	0.00158326
5.811	0.00164259
5.814	0.00169991
5.817	0.00175323
5.82	0.00180117
5.823	0.00184318
5.826	0.00187946
5.829	0.0019109
5.832	0.00193886
5.835	0.00196494
5.838	0.00199084
5.841	0.00201824
5.844	0.00204865
5.847	0.00208338
5.85	0.00212343
5.853	0.00216936
5.856	0.00222113
5.859	0.00227803
5.862	0.00233853
5.865	0.00240035
5.868	0.00246066
5.871	0.00251635
5.874	0.00256459
5.877	0.00260314
5.88	0.00263074
5.883	0.00264713
5.886	0.00265284
5.889	0.00264893
5.892	0.00263657
5.895	0.00261669
5.898	0.00258981
5.901	0.00255591
5.904	0.00251439
5.907	0.0024642
5.91	0.00240397
5.913	0.00233219
5.916	0.00224747
5.919	0.00214891
5.922	0.00203638
5.925	0.00191085
5.928	0.00177458
5.931	0.00163106
5.934	0.00148473
5.937	0.0013405
5.94	0.00120307
5.943	0.00107638
5.946	0.000963195
5.949	0.000864953
5.952	0.000781871
5.955	0.000713196
5.958	0.000657538
5.961	0.000613168
5.964	0.000578273
5.967	0.000551115
5.97	0.000530136
5.973	0.000513996
5.976	0.000501581
5.979	0.000491992
5.982	0.000484516
5.985	0.000478603
5.988	0.000473837
5.991	0.000469911
5.994	0.000466607
5.997	0.000463775
