 x 	V[Y|X = x] 
0	0.00222327
0.003	0.00239112
0.006	0.00254756
0.009	0.00268933
0.012	0.0028142
0.015	0.00292088
0.018	0.00300889
0.021	0.00307825
0.024	0.00312921
0.027	0.00316199
0.03	0.00317657
0.033	0.00317257
0.036	0.00314923
0.039	0.00310554
0.042	0.00304045
0.045	0.00295332
0.048	0.00284432
0.051	0.00271494
0.054	0.00256834
0.057	0.00240937
0.06	0.00224435
0.063	0.00208037
0.066	0.00192458
0.069	0.00178337
0.072	0.00166185
0.075	0.00156368
0.078	0.00149118
0.081	0.00144567
0.084	0.00142786
0.087	0.00143824
0.09	0.00147732
0.093	0.00154569
0.096	0.0016439
0.099	0.00177215
0.102	0.0019299
0.105	0.00211531
0.108	0.00232488
0.111	0.00255323
0.114	0.00279318
0.117	0.00303638
0.12	0.00327412
0.123	0.00349834
0.126	0.00370257
0.129	0.00388238
0.132	0.00403554
0.135	0.00416171
0.138	0.00426192
0.141	0.00433795
0.144	0.0043918
0.147	0.00442521
0.15	0.00443941
0.153	0.00443488
0.156	0.00441133
0.159	0.0043677
0.162	0.00430235
0.165	0.0042133
0.168	0.00409869
0.171	0.00395733
0.174	0.00378932
0.177	0.00359658
0.18	0.00338317
0.183	0.00315523
0.186	0.00292035
0.189	0.00268675
0.192	0.00246219
0.195	0.00225311
0.198	0.00206403
0.201	0.0018974
0.204	0.00175378
0.207	0.00163223
0.21	0.00153075
0.213	0.00144673
0.216	0.0013773
0.219	0.00131955
0.222	0.00127071
0.225	0.00122824
0.228	0.00118992
0.231	0.00115387
0.234	0.00111865
0.237	0.00108333
0.24	0.00104747
0.243	0.00101111
0.246	0.000974713
0.249	0.000938994
0.252	0.000904747
0.255	0.000872692
0.258	0.000843357
0.261	0.000817018
0.264	0.000793699
0.267	0.000773209
0.27	0.00075519
0.273	0.000739186
0.276	0.000724683
0.279	0.000711165
0.282	0.000698142
0.285	0.000685195
0.288	0.000672002
0.291	0.000658381
0.294	0.000644318
0.297	0.000629991
0.3	0.000615779
0.303	0.000602244
0.306	0.000590093
0.309	0.000580133
0.312	0.000573225
0.315	0.000570265
0.318	0.00057219
0.321	0.000580018
0.324	0.000594909
0.327	0.000618233
0.33	0.000651629
0.333	0.000697033
0.336	0.000756651
0.339	0.000832868
0.342	0.000928047
0.345	0.00104423
0.348	0.00118274
0.351	0.00134371
0.354	0.0015257
0.357	0.00172542
0.36	0.0019378
0.363	0.00215635
0.366	0.00237384
0.369	0.0025832
0.372	0.00277821
0.375	0.00295411
0.378	0.00310781
0.381	0.00323774
0.384	0.00334354
0.387	0.00342562
0.39	0.00348472
0.393	0.00352147
0.396	0.00353621
0.399	0.00352874
0.402	0.00349835
0.405	0.00344396
0.408	0.00336435
0.411	0.00325863
0.414	0.00312675
0.417	0.00297004
0.42	0.00279165
0.423	0.00259668
0.426	0.00239191
0.429	0.00218516
0.432	0.00198435
0.435	0.00179664
0.438	0.00162765
0.441	0.00148113
0.444	0.00135906
0.447	0.00126193
0.45	0.00118922
0.453	0.00113994
0.456	0.00111299
0.459	0.00110745
0.462	0.00112275
0.465	0.00115856
0.468	0.00121473
0.471	0.00129093
0.474	0.00138638
0.477	0.00149942
0.48	0.00162732
0.483	0.00176613
0.486	0.00191089
0.489	0.00205612
0.492	0.00219639
0.495	0.002327
0.498	0.00244451
0.501	0.0025469
0.504	0.00263359
0.507	0.00270512
0.51	0.00276283
0.513	0.00280845
0.516	0.00284377
0.519	0.00287038
0.522	0.00288952
0.525	0.00290194
0.528	0.00290779
0.531	0.00290667
0.534	0.00289763
0.537	0.00287934
0.54	0.00285033
0.543	0.0028094
0.546	0.00275598
0.549	0.00269045
0.552	0.00261432
0.555	0.00253013
0.558	0.00244103
0.561	0.00235033
0.564	0.00226096
0.567	0.00217512
0.57	0.00209405
0.573	0.00201801
0.576	0.00194641
0.579	0.00187799
0.582	0.00181103
0.585	0.0017436
0.588	0.00167376
0.591	0.00159983
0.594	0.0015206
0.597	0.00143562
0.6	0.0013453
0.603	0.00125097
0.606	0.00115484
0.609	0.00105963
0.612	0.000968264
0.615	0.000883414
0.618	0.000807185
0.621	0.000740936
0.624	0.00068527
0.627	0.000640161
0.63	0.000605145
0.633	0.000579533
0.636	0.000562582
0.639	0.000553627
0.642	0.00055214
0.645	0.000557741
0.648	0.000570159
0.651	0.000589146
0.654	0.000614369
0.657	0.000645285
0.66	0.000681052
0.663	0.000720483
0.666	0.000762089
0.669	0.000804194
0.672	0.000845115
0.675	0.000883342
0.678	0.000917679
0.681	0.000947308
0.684	0.000971777
0.687	0.000990923
0.69	0.00100477
0.693	0.00101342
0.696	0.00101699
0.699	0.00101549
0.702	0.0010089
0.705	0.000997107
0.708	0.000979974
0.711	0.000957447
0.714	0.000929638
0.717	0.000896941
0.72	0.000860108
0.723	0.000820272
0.726	0.000778887
0.729	0.000737588
0.732	0.000698014
0.735	0.000661619
0.738	0.000629547
0.741	0.000602576
0.744	0.00058114
0.747	0.000565413
0.75	0.000555406
0.753	0.00055107
0.756	0.000552369
0.759	0.000559317
0.762	0.000571988
0.765	0.000590477
0.768	0.000614838
0.771	0.000644991
0.774	0.000680628
0.777	0.000721143
0.78	0.000765596
0.783	0.000812765
0.786	0.00086126
0.789	0.000909708
0.792	0.000956944
0.795	0.00100218
0.798	0.0010451
0.801	0.0010859
0.804	0.00112521
0.807	0.00116407
0.81	0.00120376
0.813	0.00124575
0.816	0.00129153
0.819	0.00134256
0.822	0.00140005
0.825	0.00146486
0.828	0.00153728
0.831	0.00161688
0.834	0.00170236
0.837	0.00179163
0.84	0.00188186
0.843	0.0019699
0.846	0.00205263
0.849	0.00212744
0.852	0.0021925
0.855	0.00224691
0.858	0.00229063
0.861	0.00232425
0.864	0.00234872
0.867	0.00236506
0.87	0.00237418
0.873	0.0023767
0.876	0.00237289
0.879	0.00236263
0.882	0.00234543
0.885	0.0023205
0.888	0.00228679
0.891	0.00224319
0.894	0.0021887
0.897	0.00212274
0.9	0.00204539
0.903	0.00195763
0.906	0.00186143
0.909	0.00175966
0.912	0.00165577
0.915	0.00155338
0.918	0.00145582
0.921	0.00136572
0.924	0.00128485
0.927	0.00121407
0.93	0.00115343
0.933	0.00110239
0.936	0.00106003
0.939	0.0010252
0.942	0.000996734
0.945	0.000973481
0.948	0.00095441
0.951	0.000938619
0.954	0.000925338
0.957	0.000913926
0.96	0.000903858
0.963	0.000894711
0.966	0.000886153
0.969	0.000877943
0.972	0.000869925
0.975	0.000862016
0.978	0.000854194
0.981	0.000846472
0.984	0.000838869
0.987	0.000831384
0.99	0.000823969
0.993	0.000816523
0.996	0.000808884
0.999	0.000800835
1.002	0.000792116
1.005	0.000782439
1.008	0.000771514
1.011	0.000759077
1.014	0.000744931
1.017	0.000728987
1.02	0.000711305
1.023	0.000692117
1.026	0.000671837
1.029	0.000651024
1.032	0.000630325
1.035	0.000610389
1.038	0.000591787
1.041	0.000574944
1.044	0.000560111
1.047	0.000547362
1.05	0.000536623
1.053	0.000527713
1.056	0.00052039
1.059	0.000514382
1.062	0.000509421
1.065	0.000505262
1.068	0.000501691
1.071	0.000498536
1.074	0.00049567
1.077	0.000493016
1.08	0.000490543
1.083	0.000488268
1.086	0.000486246
1.089	0.000484563
1.092	0.000483319
1.095	0.000482617
1.098	0.000482557
1.101	0.000483239
1.104	0.00048477
1.107	0.000487284
1.11	0.000490966
1.113	0.000496068
1.116	0.000502931
1.119	0.000511999
1.122	0.000523826
1.125	0.000539072
1.128	0.000558483
1.131	0.000582842
1.134	0.000612896
1.137	0.000649239
1.14	0.00069218
1.143	0.000741589
1.146	0.000796785
1.149	0.000856493
1.152	0.000918903
1.155	0.000981852
1.158	0.00104307
1.161	0.00110047
1.164	0.00115234
1.167	0.00119746
1.17	0.00123512
1.173	0.00126503
1.176	0.00128716
1.179	0.00130163
1.182	0.00130856
1.185	0.00130799
1.188	0.00129985
1.191	0.00128395
1.194	0.00126008
1.197	0.0012281
1.2	0.00118807
1.203	0.00114044
1.206	0.00108618
1.209	0.00102677
1.212	0.000964214
1.215	0.00090079
1.218	0.000838822
1.221	0.000780387
1.224	0.000727101
1.227	0.000679999
1.23	0.000639538
1.233	0.000605684
1.236	0.000578048
1.239	0.000556034
1.242	0.000538959
1.245	0.000526151
1.248	0.000517008
1.251	0.000511026
1.254	0.00050781
1.257	0.000507054
1.26	0.000508524
1.263	0.000512021
1.266	0.000517344
1.269	0.00052427
1.272	0.000532541
1.275	0.000541872
1.278	0.00055199
1.281	0.000562674
1.284	0.000573809
1.287	0.000585429
1.29	0.000597745
1.293	0.00061116
1.296	0.000626277
1.299	0.000643893
1.302	0.000664992
1.305	0.000690719
1.308	0.000722338
1.311	0.000761149
1.314	0.000808368
1.317	0.000864952
1.32	0.000931382
1.323	0.00100745
1.326	0.00109209
1.329	0.00118331
1.332	0.00127836
1.335	0.00137391
1.338	0.00146652
1.341	0.00155301
1.344	0.00163076
1.347	0.00169787
1.35	0.00175318
1.353	0.00179611
1.356	0.0018265
1.359	0.00184435
1.362	0.00184969
1.365	0.00184246
1.368	0.00182246
1.371	0.00178941
1.374	0.00174307
1.377	0.00168343
1.38	0.00161096
1.383	0.0015268
1.386	0.00143294
1.389	0.00133222
1.392	0.00122814
1.395	0.00112451
1.398	0.00102498
1.401	0.00093267
1.404	0.000849799
1.407	0.00077761
1.41	0.000716418
1.413	0.0006658
1.416	0.000624836
1.419	0.000592344
1.422	0.000567072
1.425	0.000547824
1.428	0.000533547
1.431	0.000523359
1.434	0.000516559
1.437	0.0005126
1.44	0.000511066
1.443	0.00051162
1.446	0.000513968
1.449	0.000517813
1.452	0.000522833
1.455	0.000528671
1.458	0.000534948
1.461	0.000541289
1.464	0.000547355
1.467	0.000552865
1.47	0.000557609
1.473	0.000561453
1.476	0.000564322
1.479	0.000566189
1.482	0.000567062
1.485	0.000566968
1.488	0.000565959
1.491	0.000564105
1.494	0.000561507
1.497	0.000558304
1.5	0.000554677
1.503	0.000550849
1.506	0.000547067
1.509	0.000543577
1.512	0.000540593
1.515	0.00053826
1.518	0.000536638
1.521	0.000535696
1.524	0.000535329
1.527	0.000535387
1.53	0.000535694
1.533	0.000536081
1.536	0.00053639
1.539	0.000536486
1.542	0.000536252
1.545	0.000535585
1.548	0.000534393
1.551	0.000532593
1.554	0.000530114
1.557	0.000526903
1.56	0.000522939
1.563	0.000518245
1.566	0.0005129
1.569	0.000507042
1.572	0.000500865
1.575	0.000494598
1.578	0.000488483
1.581	0.000482744
1.584	0.000477568
1.587	0.000473092
1.59	0.000469402
1.593	0.000466549
1.596	0.000464557
1.599	0.000463447
1.602	0.000463253
1.605	0.00046403
1.608	0.000465868
1.611	0.000468889
1.614	0.000473249
1.617	0.000479114
1.62	0.000486644
1.623	0.000495954
1.626	0.000507072
1.629	0.000519901
1.632	0.00053419
1.635	0.000549532
1.638	0.000565388
1.641	0.00058115
1.644	0.000596203
1.647	0.00061
1.65	0.000622103
1.653	0.000632204
1.656	0.000640119
1.659	0.000645759
1.662	0.000649096
1.665	0.000650138
1.668	0.000648906
1.671	0.000645427
1.674	0.000639745
1.677	0.000631938
1.68	0.000622153
1.683	0.000610628
1.686	0.000597713
1.689	0.000583875
1.692	0.00056966
1.695	0.000555648
1.698	0.000542381
1.701	0.000530296
1.704	0.000519685
1.707	0.000510678
1.71	0.000503256
1.713	0.000497292
1.716	0.000492588
1.719	0.000488917
1.722	0.000486051
1.725	0.000483779
1.728	0.000481914
1.731	0.0004803
1.734	0.000478807
1.737	0.000477331
1.74	0.000475792
1.743	0.000474136
1.746	0.000472337
1.749	0.000470395
1.752	0.000468343
1.755	0.000466242
1.758	0.000464174
1.761	0.00046224
1.764	0.000460542
1.767	0.000459185
1.77	0.000458265
1.773	0.000457874
1.776	0.000458104
1.779	0.000459055
1.782	0.000460842
1.785	0.000463605
1.788	0.000467512
1.791	0.000472756
1.794	0.000479551
1.797	0.000488107
1.8	0.000498612
1.803	0.000511187
1.806	0.000525849
1.809	0.000542471
1.812	0.000560757
1.815	0.000580256
1.818	0.00060039
1.821	0.000620535
1.824	0.000640098
1.827	0.0006586
1.83	0.00067573
1.833	0.000691371
1.836	0.000705585
1.839	0.000718586
1.842	0.000730695
1.845	0.000742295
1.848	0.000753789
1.851	0.000765561
1.854	0.000777934
1.857	0.000791133
1.86	0.000805244
1.863	0.000820179
1.866	0.000835663
1.869	0.000851237
1.872	0.000866309
1.875	0.000880237
1.878	0.000892427
1.881	0.000902432
1.884	0.000910015
1.887	0.000915156
1.89	0.000918011
1.893	0.000918843
1.896	0.000917939
1.899	0.000915541
1.902	0.000911803
1.905	0.000906765
1.908	0.000900351
1.911	0.000892377
1.914	0.000882574
1.917	0.000870619
1.92	0.000856183
1.923	0.000838985
1.926	0.000818862
1.929	0.000795837
1.932	0.000770179
1.935	0.000742425
1.938	0.000713349
1.941	0.000683892
1.944	0.00065504
1.947	0.000627697
1.95	0.000602584
1.953	0.000580174
1.956	0.000560683
1.959	0.000544102
1.962	0.000530249
1.965	0.000518834
1.968	0.00050951
1.971	0.000501919
1.974	0.00049572
1.977	0.000490614
1.98	0.000486351
1.983	0.000482742
1.986	0.000479663
1.989	0.000477062
1.992	0.000474966
1.995	0.000473481
1.998	0.000472795
2.001	0.000473185
2.004	0.000475012
2.007	0.00047874
2.01	0.000484945
2.013	0.000494346
2.016	0.00050784
2.019	0.000526542
2.022	0.000551832
2.025	0.00058538
2.028	0.000629169
2.031	0.000685455
2.034	0.000756686
2.037	0.00084532
2.04	0.00095355
2.043	0.00108291
2.046	0.00123385
2.049	0.00140524
2.052	0.00159414
2.055	0.00179569
2.058	0.00200351
2.061	0.00221028
2.064	0.00240866
2.067	0.00259213
2.07	0.00275562
2.073	0.00289574
2.076	0.00301073
2.079	0.0031001
2.082	0.00316413
2.085	0.00320346
2.088	0.00321863
2.091	0.00320987
2.094	0.00317701
2.097	0.00311952
2.1	0.00303677
2.103	0.00292834
2.106	0.00279453
2.109	0.00263681
2.112	0.00245824
2.115	0.0022636
2.118	0.00205921
2.121	0.00185237
2.124	0.00165052
2.127	0.00146044
2.13	0.00128746
2.133	0.00113513
2.136	0.00100521
2.139	0.000897877
2.142	0.000812243
2.145	0.000746759
2.148	0.000699653
2.151	0.000669229
2.154	0.000654045
2.157	0.000652985
2.16	0.000665217
2.163	0.000690081
2.166	0.0007269
2.169	0.000774768
2.172	0.000832351
2.175	0.000897757
2.178	0.000968534
2.181	0.00104181
2.184	0.00111459
2.187	0.00118403
2.19	0.00124779
2.193	0.00130418
2.196	0.00135221
2.199	0.00139152
2.202	0.00142217
2.205	0.0014445
2.208	0.00145891
2.211	0.00146574
2.214	0.00146517
2.217	0.00145722
2.22	0.00144171
2.223	0.00141839
2.226	0.00138704
2.229	0.00134764
2.232	0.00130056
2.235	0.00124667
2.238	0.00118739
2.241	0.0011247
2.244	0.00106085
2.247	0.00099818
2.25	0.000938806
2.253	0.000884394
2.256	0.000836053
2.259	0.000794334
2.262	0.000759303
2.265	0.000730678
2.268	0.000707957
2.271	0.000690544
2.274	0.000677834
2.277	0.000669267
2.28	0.000664355
2.283	0.00066268
2.286	0.000663873
2.289	0.000667589
2.292	0.000673471
2.295	0.000681123
2.298	0.000690101
2.301	0.000699924
2.304	0.000710099
2.307	0.000720162
2.31	0.000729722
2.313	0.000738481
2.316	0.000746251
2.319	0.000752948
2.322	0.000758568
2.325	0.000763167
2.328	0.000766836
2.331	0.000769682
2.334	0.000771812
2.337	0.000773323
2.34	0.000774297
2.343	0.000774803
2.346	0.000774889
2.349	0.000774597
2.352	0.000773963
2.355	0.000773027
2.358	0.000771848
2.361	0.000770508
2.364	0.000769117
2.367	0.000767814
2.37	0.000766752
2.373	0.000766095
2.376	0.000766004
2.379	0.000766633
2.382	0.000768135
2.385	0.000770669
2.388	0.000774403
2.391	0.000779524
2.394	0.000786232
2.397	0.000794734
2.4	0.00080522
2.403	0.000817828
2.406	0.000832598
2.409	0.000849424
2.412	0.000868009
2.415	0.000887848
2.418	0.000908246
2.421	0.000928386
2.424	0.000947438
2.427	0.000964688
2.43	0.000979641
2.433	0.000992091
2.436	0.00100211
2.439	0.00101001
2.442	0.00101624
2.445	0.00102131
2.448	0.00102571
2.451	0.00102988
2.454	0.00103413
2.457	0.00103869
2.46	0.00104363
2.463	0.0010489
2.466	0.00105428
2.469	0.00105942
2.472	0.00106385
2.475	0.00106704
2.478	0.00106853
2.481	0.00106799
2.484	0.00106538
2.487	0.00106099
2.49	0.00105545
2.493	0.0010497
2.496	0.00104485
2.499	0.00104214
2.502	0.00104281
2.505	0.00104808
2.508	0.00105921
2.511	0.00107745
2.514	0.00110409
2.517	0.00114048
2.52	0.00118792
2.523	0.0012476
2.526	0.00132033
2.529	0.00140633
2.532	0.00150497
2.535	0.00161451
2.538	0.00173206
2.541	0.00185373
2.544	0.00197492
2.547	0.00209096
2.55	0.0021976
2.553	0.00229154
2.556	0.0023706
2.559	0.00243373
2.562	0.00248075
2.565	0.00251203
2.568	0.00252811
2.571	0.00252944
2.574	0.00251618
2.577	0.00248813
2.58	0.00244477
2.583	0.00238536
2.586	0.00230924
2.589	0.00221609
2.592	0.00210629
2.595	0.00198131
2.598	0.00184389
2.601	0.00169806
2.604	0.0015489
2.607	0.00140202
2.61	0.00126299
2.613	0.00113666
2.616	0.00102684
2.619	0.00093613
2.622	0.000866078
2.625	0.000817494
2.628	0.000790853
2.631	0.000786685
2.634	0.000805863
2.637	0.000849769
2.64	0.000920312
2.643	0.00101975
2.646	0.00115037
2.649	0.00131388
2.652	0.00151083
2.655	0.0017398
2.658	0.00199692
2.661	0.00227561
2.664	0.0025669
2.667	0.00286027
2.67	0.00314486
2.673	0.00341072
2.676	0.00364986
2.679	0.00385671
2.682	0.00402813
2.685	0.00416295
2.688	0.00426133
2.691	0.00432399
2.694	0.00435168
2.697	0.00434477
2.7	0.00430304
2.703	0.00422577
2.706	0.00411204
2.709	0.00396125
2.712	0.00377383
2.715	0.00355192
2.718	0.00329995
2.721	0.00302488
2.724	0.00273588
2.727	0.00244346
2.73	0.00215827
2.733	0.00188978
2.736	0.00164531
2.739	0.00142944
2.742	0.00124409
2.745	0.00108889
2.748	0.000961804
2.751	0.000859824
2.754	0.000779503
2.757	0.000717382
2.76	0.000670245
2.763	0.000635252
2.766	0.000609975
2.769	0.000592385
2.772	0.0005808
2.775	0.000573833
2.778	0.000570344
2.781	0.000569409
2.784	0.000570308
2.787	0.000572518
2.79	0.000575714
2.793	0.000579763
2.796	0.000584711
2.799	0.000590762
2.802	0.000598254
2.805	0.000607643
2.808	0.000619483
2.811	0.000634409
2.814	0.000653111
2.817	0.000676301
2.82	0.000704648
2.823	0.000738694
2.826	0.000778742
2.829	0.000824738
2.832	0.000876157
2.835	0.000931954
2.838	0.000990589
2.841	0.00105017
2.844	0.00110868
2.847	0.00116423
2.85	0.00121535
2.853	0.00126108
2.856	0.00130108
2.859	0.0013355
2.862	0.0013649
2.865	0.00139009
2.868	0.00141195
2.871	0.00143135
2.874	0.00144903
2.877	0.00146555
2.88	0.0014812
2.883	0.001496
2.886	0.00150963
2.889	0.00152148
2.892	0.00153071
2.895	0.00153638
2.898	0.00153768
2.901	0.00153409
2.904	0.00152561
2.907	0.00151279
2.91	0.00149668
2.913	0.00147866
2.916	0.00146024
2.919	0.00144283
2.922	0.00142766
2.925	0.00141569
2.928	0.00140766
2.931	0.00140414
2.934	0.00140562
2.937	0.00141255
2.94	0.00142536
2.943	0.00144448
2.946	0.00147029
2.949	0.00150299
2.952	0.00154257
2.955	0.00158863
2.958	0.00164037
2.961	0.00169653
2.964	0.00175554
2.967	0.00181561
2.97	0.00187502
2.973	0.00193229
2.976	0.00198636
2.979	0.00203668
2.982	0.00208319
2.985	0.00212625
2.988	0.00216658
2.991	0.00220506
2.994	0.00224269
2.997	0.00228046
3	0.00231925
3.003	0.00235978
3.006	0.00240249
3.009	0.00244754
3.012	0.00249475
3.015	0.00254362
3.018	0.00259342
3.021	0.00264326
3.024	0.00269227
3.027	0.00273967
3.03	0.00278491
3.033	0.00282765
3.036	0.00286779
3.039	0.00290539
3.042	0.00294067
3.045	0.00297395
3.048	0.00300561
3.051	0.00303612
3.054	0.00306596
3.057	0.00309563
3.06	0.00312554
3.063	0.00315598
3.066	0.00318696
3.069	0.00321813
3.072	0.00324862
3.075	0.00327702
3.078	0.00330133
3.081	0.00331919
3.084	0.0033281
3.087	0.00332594
3.09	0.00331136
3.093	0.0032842
3.096	0.00324557
3.099	0.00319769
3.102	0.00314349
3.105	0.00308606
3.108	0.00302818
3.111	0.00297201
3.114	0.00291887
3.117	0.00286927
3.12	0.00282298
3.123	0.00277916
3.126	0.0027365
3.129	0.00269333
3.132	0.00264773
3.135	0.00259763
3.138	0.00254102
3.141	0.0024761
3.144	0.00240155
3.147	0.00231684
3.15	0.00222243
3.153	0.00211989
3.156	0.00201185
3.159	0.00190168
3.162	0.00179309
3.165	0.00168963
3.168	0.00159432
3.171	0.00150943
3.174	0.00143635
3.177	0.00137575
3.18	0.00132765
3.183	0.00129168
3.186	0.00126718
3.189	0.00125332
3.192	0.00124914
3.195	0.00125354
3.198	0.00126524
3.201	0.00128275
3.204	0.00130439
3.207	0.00132836
3.21	0.00135287
3.213	0.00137635
3.216	0.00139764
3.219	0.00141612
3.222	0.00143172
3.225	0.0014449
3.228	0.00145649
3.231	0.00146756
3.234	0.00147929
3.237	0.00149288
3.24	0.0015095
3.243	0.00153021
3.246	0.00155596
3.249	0.00158746
3.252	0.00162513
3.255	0.00166891
3.258	0.0017182
3.261	0.00177174
3.264	0.0018276
3.267	0.00188338
3.27	0.00193644
3.273	0.00198431
3.276	0.00202504
3.279	0.00205741
3.282	0.00208103
3.285	0.00209614
3.288	0.00210345
3.291	0.00210377
3.294	0.0020978
3.297	0.00208597
3.3	0.00206832
3.303	0.00204449
3.306	0.00201373
3.309	0.00197505
3.312	0.00192727
3.315	0.00186928
3.318	0.00180028
3.321	0.00172001
3.324	0.00162908
3.327	0.00152908
3.33	0.00142263
3.333	0.00131315
3.336	0.00120449
3.339	0.00110041
3.342	0.00100418
3.345	0.000918187
3.348	0.000843877
3.351	0.000781796
3.354	0.000731785
3.357	0.000693222
3.36	0.000665243
3.363	0.000646927
3.366	0.0006374
3.369	0.000635882
3.372	0.000641675
3.375	0.000654105
3.378	0.000672444
3.381	0.00069584
3.384	0.000723268
3.387	0.000753538
3.39	0.000785373
3.393	0.000817533
3.396	0.000848962
3.399	0.000878915
3.402	0.000907034
3.405	0.00093336
3.408	0.000958287
3.411	0.000982489
3.414	0.00100683
3.417	0.00103228
3.42	0.00105983
3.423	0.00109043
3.426	0.00112487
3.429	0.0011637
3.432	0.00120714
3.435	0.00125494
3.438	0.00130638
3.441	0.00136023
3.444	0.0014149
3.447	0.00146865
3.45	0.00151985
3.453	0.0015673
3.456	0.00161038
3.459	0.00164918
3.462	0.00168441
3.465	0.00171729
3.468	0.0017494
3.471	0.00178248
3.474	0.00181837
3.477	0.00185888
3.48	0.00190569
3.483	0.00196027
3.486	0.00202377
3.489	0.00209678
3.492	0.00217918
3.495	0.00226996
3.498	0.00236709
3.501	0.00246755
3.504	0.00256765
3.507	0.00266339
3.51	0.00275104
3.513	0.00282767
3.516	0.00289145
3.519	0.00294177
3.522	0.00297898
3.525	0.00300413
3.528	0.0030185
3.531	0.00302326
3.534	0.00301926
3.537	0.00300682
3.54	0.00298572
3.543	0.00295519
3.546	0.00291398
3.549	0.00286052
3.552	0.00279308
3.555	0.00271009
3.558	0.00261048
3.561	0.00249405
3.564	0.00236186
3.567	0.00221641
3.57	0.00206162
3.573	0.00190249
3.576	0.00174452
3.579	0.00159305
3.582	0.00145261
3.585	0.00132654
3.588	0.0012168
3.591	0.00112414
3.594	0.00104829
3.597	0.000988387
3.6	0.000943222
3.603	0.000911547
3.606	0.000892239
3.609	0.000884406
3.612	0.0008874
3.615	0.000900777
3.618	0.000924191
3.621	0.000957247
3.624	0.000999345
3.627	0.00104952
3.63	0.00110637
3.633	0.00116801
3.636	0.00123225
3.639	0.00129672
3.642	0.00135918
3.645	0.00141773
3.648	0.00147097
3.651	0.00151809
3.654	0.00155884
3.657	0.00159343
3.66	0.0016224
3.663	0.00164652
3.666	0.00166668
3.669	0.00168378
3.672	0.00169869
3.675	0.0017122
3.678	0.00172499
3.681	0.00173758
3.684	0.00175031
3.687	0.00176332
3.69	0.00177656
3.693	0.00178982
3.696	0.00180281
3.699	0.00181516
3.702	0.00182657
3.705	0.00183675
3.708	0.00184551
3.711	0.00185271
3.714	0.00185827
3.717	0.00186208
3.72	0.00186401
3.723	0.00186389
3.726	0.00186142
3.729	0.00185619
3.732	0.00184764
3.735	0.00183506
3.738	0.00181758
3.741	0.00179419
3.744	0.0017639
3.747	0.00172583
3.75	0.00167938
3.753	0.00162452
3.756	0.00156189
3.759	0.00149287
3.762	0.00141956
3.765	0.00134447
3.768	0.00127019
3.771	0.00119907
3.774	0.00113294
3.777	0.00107291
3.78	0.00101944
3.783	0.000972352
3.786	0.000931029
3.789	0.000894553
3.792	0.000861857
3.795	0.000831847
3.798	0.000803513
3.801	0.00077601
3.804	0.000748727
3.807	0.000721342
3.81	0.000693843
3.813	0.000666509
3.816	0.000639855
3.819	0.000614531
3.822	0.000591206
3.825	0.000570465
3.828	0.000552739
3.831	0.000538284
3.834	0.000527209
3.837	0.000519521
3.84	0.000515198
3.843	0.000514243
3.846	0.000516732
3.849	0.000522841
3.852	0.000532849
3.855	0.000547118
3.858	0.000566046
3.861	0.00058999
3.864	0.000619163
3.867	0.000653535
3.87	0.000692731
3.873	0.000735997
3.876	0.000782226
3.879	0.000830086
3.882	0.000878201
3.885	0.000925362
3.888	0.000970714
3.891	0.00101386
3.894	0.0010549
3.897	0.0010944
3.9	0.00113328
3.903	0.00117277
3.906	0.00121421
3.909	0.001259
3.912	0.00130846
3.915	0.00136364
3.918	0.00142521
3.921	0.00149324
3.924	0.00156714
3.927	0.00164551
3.93	0.00172628
3.933	0.00180689
3.936	0.00188461
3.939	0.00195697
3.942	0.00202207
3.945	0.00207882
3.948	0.00212696
3.951	0.00216694
3.954	0.00219972
3.957	0.00222654
3.96	0.00224866
3.963	0.00226726
3.966	0.00228329
3.969	0.0022974
3.972	0.00230988
3.975	0.00232065
3.978	0.00232916
3.981	0.00233446
3.984	0.00233526
3.987	0.00233006
3.99	0.00231743
3.993	0.0022963
3.996	0.00226625
3.999	0.00222774
4.002	0.00218205
4.005	0.00213114
4.008	0.00207724
4.011	0.0020225
4.014	0.00196862
4.017	0.0019167
4.02	0.00186709
4.023	0.00181954
4.026	0.00177322
4.029	0.00172692
4.032	0.0016792
4.035	0.00162852
4.038	0.00157344
4.041	0.00151275
4.044	0.00144573
4.047	0.00137225
4.05	0.00129294
4.053	0.00120919
4.056	0.00112311
4.059	0.00103721
4.062	0.000954173
4.065	0.000876408
4.068	0.00080583
4.071	0.000743679
4.074	0.000690504
4.077	0.000646262
4.08	0.000610483
4.083	0.000582448
4.086	0.000561349
4.089	0.000546405
4.092	0.000536945
4.095	0.000532435
4.098	0.000532478
4.101	0.000536779
4.104	0.000545091
4.107	0.000557138
4.11	0.000572541
4.113	0.000590761
4.116	0.000611077
4.119	0.000632612
4.122	0.000654407
4.125	0.000675518
4.128	0.000695114
4.131	0.000712545
4.134	0.000727365
4.137	0.000739318
4.14	0.000748292
4.143	0.000754265
4.146	0.000757249
4.149	0.000757256
4.152	0.000754275
4.155	0.000748273
4.158	0.00073922
4.161	0.000727129
4.164	0.000712115
4.167	0.000694448
4.17	0.000674601
4.173	0.000653264
4.176	0.000631323
4.179	0.000609791
4.182	0.000589722
4.185	0.000572124
4.188	0.000557902
4.191	0.000547839
4.194	0.000542629
4.197	0.000542935
4.2	0.000549465
4.203	0.000563045
4.206	0.000584666
4.209	0.000615496
4.212	0.000656842
4.215	0.000710043
4.218	0.000776294
4.221	0.000856396
4.224	0.000950458
4.227	0.00105761
4.23	0.00117582
4.233	0.00130185
4.236	0.00143149
4.239	0.00156003
4.242	0.00168274
4.245	0.0017955
4.248	0.00189515
4.251	0.00197965
4.254	0.002048
4.257	0.0021
4.26	0.00213597
4.263	0.00215643
4.266	0.00216189
4.269	0.00215274
4.272	0.00212917
4.275	0.00209128
4.278	0.00203921
4.281	0.00197338
4.284	0.00189475
4.287	0.00180502
4.29	0.00170681
4.293	0.00160362
4.296	0.00149956
4.299	0.00139889
4.302	0.0013055
4.305	0.00122236
4.308	0.00115122
4.311	0.00109256
4.314	0.00104572
4.317	0.0010093
4.32	0.000981513
4.323	0.000960499
4.326	0.000944585
4.329	0.000932428
4.332	0.000923095
4.335	0.000916093
4.338	0.00091137
4.341	0.000909288
4.344	0.00091056
4.347	0.000916129
4.35	0.000926994
4.353	0.000943972
4.356	0.000967454
4.359	0.000997205
4.362	0.00103229
4.365	0.00107112
4.368	0.00111172
4.371	0.00115194
4.374	0.00118977
4.377	0.00122352
4.38	0.00125193
4.383	0.00127413
4.386	0.00128957
4.389	0.00129793
4.392	0.00129901
4.395	0.00129273
4.398	0.00127902
4.401	0.00125798
4.404	0.00122985
4.407	0.00119521
4.41	0.001155
4.413	0.00111063
4.416	0.00106392
4.419	0.00101696
4.422	0.00097189
4.425	0.00093061
4.428	0.000894576
4.431	0.00086466
4.434	0.000841157
4.437	0.000823909
4.44	0.000812488
4.443	0.00080639
4.446	0.000805196
4.449	0.000808687
4.452	0.000816908
4.455	0.000830187
4.458	0.000849114
4.461	0.000874482
4.464	0.000907182
4.467	0.000948046
4.47	0.000997653
4.473	0.00105611
4.476	0.00112283
4.479	0.00119648
4.482	0.00127492
4.485	0.00135544
4.488	0.00143502
4.491	0.00151069
4.494	0.00157988
4.497	0.00164053
4.5	0.00169121
4.503	0.00173105
4.506	0.00175953
4.509	0.00177638
4.512	0.00178137
4.515	0.00177423
4.518	0.0017546
4.521	0.00172209
4.524	0.0016764
4.527	0.00161749
4.53	0.00154586
4.533	0.00146272
4.536	0.00137014
4.539	0.00127106
4.542	0.00116904
4.545	0.00106792
4.548	0.000971298
4.551	0.000882173
4.554	0.000802617
4.557	0.0007337
4.56	0.000675578
4.563	0.000627697
4.566	0.000589038
4.569	0.000558348
4.572	0.00053432
4.575	0.000515712
4.578	0.000501418
4.581	0.000490496
4.584	0.000482173
4.587	0.000475831
4.59	0.00047099
4.593	0.000467287
4.596	0.000464451
4.599	0.000462283
4.602	0.000460638
4.605	0.000459408
4.608	0.000458506
4.611	0.000457864
4.614	0.00045742
4.617	0.000457125
4.62	0.000456933
4.623	0.00045681
4.626	0.000456726
4.629	0.000456661
4.632	0.000456601
4.635	0.000456537
4.638	0.000456468
4.641	0.000456397
4.644	0.000456333
4.647	0.000456293
4.65	0.0004563
4.653	0.000456381
4.656	0.000456572
4.659	0.000456908
4.662	0.000457433
4.665	0.000458189
4.668	0.000459229
4.671	0.000460614
4.674	0.000462425
4.677	0.000464771
4.68	0.000467795
4.683	0.000471686
4.686	0.000476685
4.689	0.000483089
4.692	0.000491248
4.695	0.000501562
4.698	0.00051446
4.701	0.000530362
4.704	0.000549636
4.707	0.000572518
4.71	0.000599039
4.713	0.00062895
4.716	0.000661672
4.719	0.0006963
4.722	0.000731671
4.725	0.000766491
4.728	0.00079949
4.731	0.000829575
4.734	0.000855928
4.737	0.000878048
4.74	0.000895723
4.743	0.000908966
4.746	0.000917937
4.749	0.000922865
4.752	0.000924001
4.755	0.00092159
4.758	0.000915877
4.761	0.00090713
4.764	0.000895686
4.767	0.000881992
4.77	0.000866645
4.773	0.00085039
4.776	0.000834087
4.779	0.000818629
4.782	0.000804825
4.785	0.000793283
4.788	0.000784322
4.791	0.000777949
4.794	0.00077389
4.797	0.000771669
4.8	0.000770702
4.803	0.000770382
4.806	0.000770129
4.809	0.000769422
4.812	0.000767802
4.815	0.000764855
4.818	0.000760211
4.821	0.000753533
4.824	0.000744534
4.827	0.000732997
4.83	0.00071882
4.833	0.000702062
4.836	0.000682985
4.839	0.000662066
4.842	0.000639974
4.845	0.000617508
4.848	0.000595502
4.851	0.000574718
4.854	0.00055577
4.857	0.000539075
4.86	0.000524852
4.863	0.000513151
4.866	0.000503903
4.869	0.000496973
4.872	0.000492207
4.875	0.000489467
4.878	0.000488652
4.881	0.000489703
4.884	0.0004926
4.887	0.000497335
4.89	0.000503888
4.893	0.000512191
4.896	0.000522089
4.899	0.000533323
4.902	0.000545522
4.905	0.000558235
4.908	0.000570969
4.911	0.000583253
4.914	0.000594686
4.917	0.000604978
4.92	0.000613954
4.923	0.000621551
4.926	0.000627793
4.929	0.000632761
4.932	0.000636568
4.935	0.000639337
4.938	0.000641182
4.941	0.000642201
4.944	0.000642473
4.947	0.000642059
4.95	0.000641005
4.953	0.00063935
4.956	0.000637138
4.959	0.000634426
4.962	0.000631293
4.965	0.000627844
4.968	0.000624204
4.971	0.000620508
4.974	0.000616889
4.977	0.000613457
4.98	0.000610292
4.983	0.000607434
4.986	0.000604888
4.989	0.000602627
4.992	0.0006006
4.995	0.000598742
4.998	0.000596978
5.001	0.00059523
5.004	0.000593422
5.007	0.000591484
5.01	0.000589357
5.013	0.000586998
5.016	0.000584388
5.019	0.000581535
5.022	0.000578483
5.025	0.000575306
5.028	0.000572107
5.031	0.000569003
5.034	0.000566112
5.037	0.000563541
5.04	0.000561374
5.043	0.000559674
5.046	0.000558477
5.049	0.000557805
5.052	0.000557669
5.055	0.000558077
5.058	0.000559035
5.061	0.00056055
5.064	0.000562619
5.067	0.000565228
5.07	0.000568339
5.073	0.00057188
5.076	0.000575737
5.079	0.000579759
5.082	0.000583767
5.085	0.000587577
5.088	0.000591031
5.091	0.000594027
5.094	0.000596539
5.097	0.00059862
5.1	0.000600399
5.103	0.000602056
5.106	0.000603803
5.109	0.000605866
5.112	0.000608468
5.115	0.000611826
5.118	0.000616143
5.121	0.000621599
5.124	0.000628344
5.127	0.000636478
5.13	0.000646027
5.133	0.000656922
5.136	0.000668974
5.139	0.000681877
5.142	0.000695224
5.145	0.00070855
5.148	0.000721407
5.151	0.000733429
5.154	0.000744394
5.157	0.00075426
5.16	0.000763161
5.163	0.000771383
5.166	0.000779322
5.169	0.000787452
5.172	0.000796288
5.175	0.000806362
5.178	0.000818204
5.181	0.000832321
5.184	0.000849159
5.187	0.000869057
5.19	0.000892184
5.193	0.000918467
5.196	0.00094753
5.199	0.000978664
5.202	0.00101085
5.205	0.00104284
5.208	0.00107333
5.211	0.00110114
5.214	0.00112533
5.217	0.00114535
5.22	0.001161
5.223	0.00117238
5.226	0.0011798
5.229	0.0011836
5.232	0.0011841
5.235	0.00118151
5.238	0.00117588
5.241	0.00116709
5.244	0.0011549
5.247	0.00113891
5.25	0.00111871
5.253	0.00109389
5.256	0.00106418
5.259	0.00102955
5.262	0.000990337
5.265	0.000947295
5.268	0.000901602
5.271	0.000854776
5.274	0.000808513
5.277	0.00076449
5.28	0.000724186
5.283	0.000688758
5.286	0.000658994
5.289	0.000635347
5.292	0.000618015
5.295	0.000607042
5.298	0.000602408
5.301	0.000604096
5.304	0.000612119
5.307	0.000626505
5.31	0.000647246
5.313	0.000674211
5.316	0.000707046
5.319	0.000745081
5.322	0.000787278
5.325	0.000832254
5.328	0.00087838
5.331	0.000923952
5.334	0.000967397
5.337	0.00100745
5.34	0.00104325
5.343	0.00107442
5.346	0.00110093
5.349	0.00112309
5.352	0.00114137
5.355	0.00115632
5.358	0.00116846
5.361	0.00117825
5.364	0.001186
5.367	0.00119184
5.37	0.00119575
5.373	0.00119749
5.376	0.00119669
5.379	0.00119288
5.382	0.00118563
5.385	0.00117463
5.388	0.00115986
5.391	0.00114167
5.394	0.00112075
5.397	0.00109807
5.4	0.00107475
5.403	0.00105187
5.406	0.00103035
5.409	0.00101087
5.412	0.000993808
5.415	0.000979313
5.418	0.00096731
5.421	0.000957563
5.424	0.000949716
5.427	0.00094332
5.43	0.000937856
5.433	0.00093275
5.436	0.000927406
5.439	0.000921241
5.442	0.000913751
5.445	0.000904578
5.448	0.000893571
5.451	0.000880821
5.454	0.000866642
5.457	0.000851508
5.46	0.000835959
5.463	0.000820494
5.466	0.0008055
5.469	0.000791197
5.472	0.000777635
5.475	0.00076471
5.478	0.000752201
5.481	0.000739816
5.484	0.000727235
5.487	0.000714167
5.49	0.000700397
5.493	0.000685835
5.496	0.000670563
5.499	0.000654864
5.502	0.000639225
5.505	0.000624312
5.508	0.000610914
5.511	0.000599881
5.514	0.000592062
5.517	0.000588281
5.52	0.000589369
5.523	0.00059622
5.526	0.000609903
5.529	0.000631767
5.532	0.000663559
5.535	0.000707509
5.538	0.000766385
5.541	0.000843481
5.544	0.000942517
5.547	0.0010674
5.55	0.00122185
5.553	0.00140878
5.556	0.00162963
5.559	0.00188356
5.562	0.00216692
5.565	0.00247299
5.568	0.00279232
5.571	0.00311367
5.574	0.00342533
5.577	0.00371651
5.58	0.00397844
5.583	0.004205
5.586	0.0043927
5.589	0.0045402
5.592	0.00464764
5.595	0.00471588
5.598	0.00474587
5.601	0.0047382
5.604	0.0046929
5.607	0.00460944
5.61	0.00448704
5.613	0.00432508
5.616	0.00412381
5.619	0.00388503
5.622	0.00361277
5.625	0.00331364
5.628	0.00299676
5.631	0.00267311
5.634	0.00235438
5.637	0.0020516
5.64	0.00177389
5.643	0.00152758
5.646	0.00131598
5.649	0.00113966
5.652	0.000997117
5.655	0.000885509
5.658	0.000801435
5.661	0.000741484
5.664	0.000702615
5.667	0.00068235
5.67	0.000678807
5.673	0.000690617
5.676	0.00071674
5.679	0.000756228
5.682	0.000807958
5.685	0.000870402
5.688	0.000941487
5.691	0.0010186
5.694	0.00109876
5.697	0.00117887
5.7	0.00125609
5.703	0.00132809
5.706	0.00139324
5.709	0.00145066
5.712	0.0015001
5.715	0.00154182
5.718	0.00157637
5.721	0.00160445
5.724	0.00162675
5.727	0.0016438
5.73	0.00165592
5.733	0.00166318
5.736	0.00166535
5.739	0.00166202
5.742	0.00165262
5.745	0.00163667
5.748	0.00161391
5.751	0.00158458
5.754	0.00154949
5.757	0.0015101
5.76	0.00146836
5.763	0.0014265
5.766	0.00138674
5.769	0.00135108
5.772	0.00132113
5.775	0.00129808
5.778	0.00128276
5.781	0.0012757
5.784	0.00127725
5.787	0.00128763
5.79	0.00130694
5.793	0.0013351
5.796	0.00137179
5.799	0.00141632
5.802	0.0014675
5.805	0.00152365
5.808	0.00158262
5.811	0.00164199
5.814	0.0016994
5.817	0.00175282
5.82	0.00180088
5.823	0.001843
5.826	0.00187939
5.829	0.00191093
5.832	0.00193896
5.835	0.00196512
5.838	0.00199109
5.841	0.00201855
5.844	0.00204904
5.847	0.00208387
5.85	0.00212404
5.853	0.00217011
5.856	0.00222207
5.859	0.00227919
5.862	0.00233996
5.865	0.00240209
5.868	0.00246273
5.871	0.00251877
5.874	0.00256735
5.877	0.00260624
5.88	0.00263414
5.883	0.00265077
5.886	0.00265668
5.889	0.00265291
5.892	0.00264063
5.895	0.0026208
5.898	0.00259392
5.901	0.00255996
5.904	0.00251836
5.907	0.00246806
5.91	0.00240767
5.913	0.00233567
5.916	0.00225071
5.919	0.00215185
5.922	0.00203898
5.925	0.00191309
5.928	0.00177644
5.931	0.00163253
5.934	0.00148584
5.937	0.00134129
5.94	0.00120358
5.943	0.00107667
5.946	0.00096333
5.949	0.00086498
5.952	0.000781833
5.955	0.000713129
5.958	0.000657464
5.961	0.000613104
5.964	0.000578227
5.967	0.000551092
5.97	0.000530136
5.973	0.000514016
5.976	0.000501619
5.979	0.000492043
5.982	0.000484577
5.985	0.000478669
5.988	0.000473905
5.991	0.000469978
5.994	0.00046667
5.997	0.000463833
