 Location  Dispersion    Centroids   Volume
-0.00159182   0.0592499   0.00108229   0.999945
0.0580697   0.0605799   0.103723   1.00002
0.120295   0.0623603   0.145634   1.00004
0.179345   0.0627085   0.268435   1.00003
0.240819   0.0601269   0.318948   0.999982
0.300114   0.0598826   0.349395   0.999981
0.36502   0.0599314   0.359949   0.999961
0.425384   0.0623326   0.469252   1.00006
0.48755   0.0625589   0.504305   1.00005
0.548235   0.0602486   0.597874   0.999982
0.607375   0.0592341   0.666722   0.999955
0.66574   0.0599883   0.664406   0.999988
0.725436   0.0604757   0.712099   1
0.784993   0.0600828   0.719589   0.999966
0.845237   0.0619941   0.769592   1.00003
0.905905   0.0623998   0.853274   1.00004
0.967037   0.0607909   0.893858   1
1.03287   0.0598158   0.928577   0.999975
1.09227   0.0603309   0.942534   0.999999
1.15183   0.0604015   0.931989   0.999983
1.21149   0.0611543   0.990417   1.00002
1.2722   0.0608132   1.00109   1.00001
1.3324   0.0610627   0.97742   0.999958
1.3903   0.0617786   1.05274   1.00003
1.45195   0.060826   1.04065   1.00001
1.51217   0.0604459   1.06292   0.999995
1.57188   0.0606767   1.04444   1
1.6326   0.0611495   1.04084   1.00001
1.69752   0.0605737   1.0691   0.999983
1.75764   0.0605461   1.05808   1.00001
1.81749   0.0602566   1.05872   0.999974
1.87688   0.0612114   1.02683   1.00002
1.93744   0.0608889   0.986362   1
1.99785   0.0606472   0.975176   1
2.05835   0.0610739   0.974829   1
2.11813   0.0612341   0.869948   1.00001
2.1792   0.0612552   0.864625   1.00005
2.23965   0.0596126   0.802079   0.999958
2.29868   0.0603981   0.777682   0.999993
2.36456   0.0606663   0.744241   1.00002
2.42427   0.0599597   0.711357   0.99998
2.48429   0.0603116   0.666909   0.999987
2.54403   0.0609464   0.625443   1.00003
2.60438   0.0604942   0.536106   0.999983
2.66419   0.0604834   0.544384   1
2.72373   0.060543   0.419652   0.999993
2.78331   0.0598187   0.404513   0.999986
2.84246   0.0597105   0.383655   0.999959
2.90146   0.060929   0.324713   1.00002
2.9613   0.0602227   0.269538   0.999992
3.02882   0.0620679   0.19316   1.00001
3.09054   0.0641681   0.0964022   1.00011
3.15157   0.0611834   0.00706285   0.999972
3.21206   0.0601737   -0.038596   0.999985
3.27219   0.0604368   -0.0968569   1.00003
3.3313   0.059609   -0.173655   0.999942
3.38969   0.0594747   -0.188698   0.999984
3.44913   0.0599511   -0.231989   0.999977
3.50928   0.0616452   -0.2986   1.00003
3.56985   0.0620266   -0.394985   1.00003
3.63073   0.0612688   -0.426228   0.999999
3.69869   0.0615847   -0.491346   1.00005
3.75806   0.060106   -0.56277   0.999982
3.81735   0.0593682   -0.599126   0.999953
3.87575   0.0604219   -0.590401   0.999988
3.93608   0.0611209   -0.639687   1.00002
3.9974   0.0620223   -0.719509   1.00004
4.05651   0.0602187   -0.787032   0.99995
4.1161   0.0604592   -0.777683   1.00001
4.17652   0.0599051   -0.81318   0.999991
4.23641   0.0610772   -0.816431   0.999997
4.29574   0.0607878   -0.899479   1
4.36148   0.0604023   -0.858378   0.999985
4.42209   0.0611922   -0.91753   1.00003
4.48198   0.0603183   -0.883636   0.999939
4.54038   0.0618622   -0.957251   1.00004
4.60194   0.0607005   -0.949151   1
4.66204   0.0605892   -0.955066   0.999997
4.72273   0.0611122   -0.948637   1.00003
4.7819   0.0604466   -0.905169   0.999961
4.84165   0.0608648   -0.940188   1.00001
4.90185   0.0605495   -0.947854   1
4.96233   0.060811   -0.920884   1
5.02788   0.0606854   -0.89852   1
5.08797   0.0601271   -0.87954   0.999991
5.14796   0.0606086   -0.857036   0.999998
5.20835   0.0614692   -0.823404   1.00002
5.26802   0.0605665   -0.771675   0.999987
5.32904   0.0609112   -0.758394   1.00002
5.38831   0.0609513   -0.707196   0.999997
5.44839   0.059891   -0.66688   0.999985
5.50832   0.0604168   -0.634346   1
5.56884   0.0609297   -0.651073   1.00001
5.62783   0.0608896   -0.519432   0.999986
5.69378   0.0603379   -0.528464   0.999972
5.75308   0.0610416   -0.462313   1.00003
5.81363   0.0607009   -0.41421   0.999976
5.87386   0.0609554   -0.34213   1.00003
5.93405   0.0607419   -0.254818   0.999989
5.99398   0.0605824   -0.264417   1
