 Location  Dispersion    Centroids   Volume
0.00584516   0.138255   -0.000460456   1.01933
0.325221   0.120299   0.322029   0.978384
0.629906   0.127533   0.601548   0.995784
0.94605   0.124493   0.827273   0.999699
1.25824   0.11915   0.968808   1.00368
1.57836   0.118542   1.01578   1.0061
1.89332   0.124457   0.967328   1.00707
2.21321   0.130275   0.821334   1.00322
2.53172   0.134057   0.590855   0.999416
2.84404   0.136663   0.29995   0.99566
3.16012   0.136612   -0.0191657   0.993698
3.47073   0.134828   -0.336965   0.994283
3.78595   0.131104   -0.619814   0.995684
4.10187   0.125771   -0.839409   1.00114
4.41431   0.119278   -0.973966   1.00387
4.73449   0.118594   -1.01535   1.00619
5.04939   0.123238   -0.958599   1.00624
5.36977   0.124106   -0.800525   1.00123
5.67725   0.112495   -0.569737   0.9794
5.99125   0.125435   -0.288303   1.00909
