 Location  Dispersion    Centroids   Volume
-0.0023008   0.425475   -0.0085092   1.00066
0.428977   0.418553   0.41582   0.998436
0.852339   0.427662   0.76697   1.00013
1.2812   0.430936   0.973296   1.00063
1.7116   0.431779   1.00544   1.0008
2.14656   0.428472   0.853342   1.00021
2.57322   0.425538   0.549223   0.99966
3.00117   0.424052   0.143189   0.999432
3.42336   0.423445   -0.283901   0.999319
3.84686   0.426356   -0.661108   0.999833
4.27976   0.43017   -0.922779   1.00049
4.71002   0.431877   -1.01507   1.00081
5.14034   0.430103   -0.925151   1.00055
5.56669   0.420296   -0.661897   0.998822
5.99757   0.424445   -0.278891   1.00022
