 Location  Dispersion    Centroids   Volume
0.0156987   0.108683   -0.0506471   1.04519
0.202605   0.110246   0.151057   1.045
0.412589   0.0953528   0.391186   1.02139
0.617667   0.0874424   0.599876   1.01369
0.828524   0.089879   0.778893   1.016
1.03283   0.0973749   0.925847   1.02363
1.24263   0.104822   1.02138   1.03157
1.44628   0.109692   1.07785   1.03684
1.65598   0.109344   1.07772   1.03579
1.85992   0.103807   1.06289   1.0309
2.06371   0.0905026   0.927793   1.01756
2.27385   0.0788054   0.785646   1.00806
2.47661   0.0702227   0.545282   0.999462
2.68551   0.0860485   0.443017   1.00576
2.8922   0.0775654   0.219136   1.00365
3.10309   0.10322   -0.00476273   1.01002
3.55342   2.89024   -0.571765   2.04467
4.63809   2.22695   -9.1534   71.3391
4.68992   13.7142   -0.328146   81.1159
93.1534   -680.287   1.03819   132.139
3.40619   12.7359   0.016839   81.3488
2.16453   2.66439   5.5409   70.401
4.08215   4.65238   -1.59007   3.35444
4.74864   0.122605   -1.04165   1.0257
4.9611   0.0813037   -0.986689   1.00805
5.16555   0.0733756   -0.905511   1.00285
5.37583   0.0698033   -0.789241   1.00063
5.58   0.0701255   -0.635523   1.00112
5.79   0.0738904   -0.455279   1.0043
5.99145   0.0756929   -0.266982   1.0055
