 Location  Dispersion    Centroids   Volume
-0.000583532   0.0189915   0.000730262   0.999994
0.0297749   0.0193815   0.0328375   0.999995
0.0630234   0.0246569   0.0507262   1.00008
0.0906341   0.0192452   0.118809   0.999937
0.119903   0.0193773   0.119093   0.999984
0.151107   0.020473   0.140409   1.00007
0.183609   0.0154046   0.17746   0.999933
0.209651   0.019598   0.205414   1.00001
0.239696   0.0194245   0.23204   0.99999
0.269548   0.0202603   0.264468   1.00001
0.300306   0.0207154   0.295533   1.00001
0.330347   0.0197393   0.328308   0.999999
0.360347   0.0192412   0.349561   0.999987
0.390741   0.0209696   0.379133   1.00002
0.420705   0.0196441   0.419388   0.999988
0.450364   0.0194388   0.434125   0.999993
0.480187   0.0200205   0.464356   1
0.510765   0.0205787   0.487409   1.00001
0.540571   0.0190787   0.522728   0.999988
0.569464   0.018724   0.542452   0.999967
0.598688   0.0206942   0.567986   1.00002
0.629843   0.0199524   0.583057   1
0.659777   0.0202075   0.613604   1
0.689642   0.0196129   0.635583   0.999995
0.7198   0.0199566   0.655249   0.999999
0.755245   0.0200933   0.687088   1
0.78568   0.019699   0.702445   0.999998
0.815807   0.0204176   0.728259   1.00001
0.846092   0.0198539   0.748277   0.999999
0.876112   0.0199275   0.769336   0.999995
0.906123   0.0204181   0.794077   1.00001
0.936351   0.0196537   0.808078   0.999995
0.966034   0.0194701   0.821895   0.999995
0.995938   0.0197537   0.840174   1
1.02582   0.0197452   0.855562   0.999996
1.05567   0.019921   0.869278   0.999999
1.08576   0.0201422   0.885597   1.00001
1.11596   0.0198151   0.898453   0.999999
1.14618   0.0200069   0.910155   1.00001
1.17604   0.0197018   0.921272   0.999994
1.206   0.019797   0.93606   1
1.236   0.0198154   0.942756   0.999999
1.26617   0.0200046   0.953624   1
1.29742   0.0210436   0.965587   1.00003
1.32576   0.0181853   0.940926   0.999931
1.35432   0.0216698   0.980022   1.00004
1.3859   0.0199671   0.983461   1
1.416   0.0198037   0.987893   1
1.44599   0.0198255   0.993233   1
1.47599   0.0198208   0.993724   1
1.50597   0.0198531   0.998469   1
1.53603   0.0198985   1.00024   1
1.56745   0.0212356   0.996848   1.00004
1.59632   0.0178923   1.02571   0.999932
1.62463   0.021211   0.996623   1.00003
1.65597   0.0198977   0.996848   1
1.68604   0.0198706   0.992812   1
1.71605   0.0198258   0.989805   1
1.74604   0.0198024   0.982674   1
1.77598   0.0197863   0.979031   0.999999
1.80597   0.0198495   0.973295   0.999999
1.83599   0.0199592   0.963176   1
1.86597   0.0197061   0.958179   0.999998
1.89622   0.0191625   0.941381   1.00001
1.92789   0.0190897   0.978878   1.00006
1.96203   0.0109814   0.935093   0.999926
1.98585   0.0193757   0.915704   1
2.01616   0.0197398   0.903889   1
2.046   0.0197394   0.889131   0.999999
2.07603   0.0197205   0.87795   0.999999
2.10589   0.0197855   0.85744   0.999999
2.13578   0.0197016   0.852165   0.999995
2.16579   0.0203531   0.82733   1.00001
2.19597   0.0201311   0.806888   1
2.22605   0.019542   0.793105   0.999994
2.26198   0.020154   0.773155   0.999997
2.29175   0.020562   0.747736   1.00001
2.32217   0.019646   0.730411   0.999992
2.35427   0.022162   0.712211   1.00006
2.38349   0.0183315   0.663812   0.999942
2.41197   0.0198878   0.66854   1.00001
2.44182   0.0194368   0.643859   0.999991
2.47215   0.0203475   0.621408   1.00001
2.50123   0.0161933   0.598191   0.999992
2.52565   0.00787014   0.558504   0.999868
2.55768   0.0199343   0.480899   1.0001
2.58999   0.0205685   0.527561   1.00003
2.62195   0.0204607   0.496467   1.00002
2.6522   0.0198669   0.470594   0.999992
2.68288   0.0203891   0.440738   1.00002
2.71325   0.019843   0.419098   0.999994
2.74273   0.0197092   0.388656   0.999989
2.77201   0.0196572   0.359083   0.999998
2.8024   0.0197881   0.329107   1.00001
2.83089   0.0184065   0.33732   0.999928
2.85917   0.0231566   0.271087   1.00007
2.89218   0.0197792   0.245577   0.999997
2.92206   0.0197607   0.217151   1
2.95213   0.0199148   0.187006   0.999995
2.98176   0.0202345   0.159183   1
3.01234   0.0200881   0.129922   1.00001
3.04203   0.0195867   0.0996467   0.999988
3.07159   0.0198822   0.0729722   0.999995
3.10178   0.0203871   0.039953   1.00002
3.13189   0.0194557   0.00804205   0.999982
3.16114   0.0197828   -0.0201467   1
3.19146   0.0197954   -0.0429077   0.999996
3.22143   0.0205553   -0.079847   1.00001
3.25197   0.0200395   -0.109949   1
3.28196   0.0197998   -0.139952   1
3.31208   0.0196983   -0.169499   0.999998
3.34189   0.0198145   -0.197138   0.999999
3.37168   0.0197669   -0.228468   0.999996
3.40243   0.0207461   -0.257164   1.00002
3.43203   0.0197538   -0.284793   0.999992
3.46223   0.0194608   -0.314098   0.999995
3.49236   0.0206202   -0.340672   1.00001
3.5224   0.0197738   -0.379344   0.999996
3.55215   0.0194094   -0.397378   0.99999
3.58209   0.0203405   -0.425903   1.00001
3.61202   0.0198935   -0.451841   1
3.64248   0.0191691   -0.479242   0.999992
3.6719   0.019841   -0.506098   0.999998
3.70189   0.0199742   -0.530879   1
3.73223   0.0200279   -0.558484   1
3.76872   0.0209369   -0.586218   1.00001
3.80994   0.033761   -0.629846   1.00048
3.93   -0.000512105   1.03974   0.995733
3.85818   3.18874e-05   -0.651657   1.00034
3.90428   -0.00704662   -0.650091   1.0003
3.93935   -0.000506373   -0.0947195   1.00495
4.02326   -0.00113827   -0.630791   0.998071
4.06376   0.00867856   -0.738374   0.997223
4.01152   0.00890677   -0.767436   1.00036
3.98514   -0.0133376   -0.767784   1.00239
4.06587   0.021999   -0.801349   1.00012
4.09702   0.0212573   -0.813047   1.00001
4.1308   0.0234481   -0.830767   1.00009
4.15905   0.0160967   -0.886304   0.999888
4.18697   0.0207475   -0.856889   1.00005
4.21925   0.0180157   -0.879326   0.999981
4.24779   0.0199155   -0.892585   1
4.27787   0.0198822   -0.906098   1
4.30779   0.0197051   -0.920394   0.999999
4.33793   0.0198428   -0.931485   1
4.36792   0.0200223   -0.944387   1
4.39783   0.019656   -0.94292   0.999991
4.42761   0.0202709   -0.960651   1.00001
4.45789   0.0197519   -0.967987   0.999998
4.48797   0.0198391   -0.974172   1
4.51804   0.0198024   -0.98152   0.999999
4.54801   0.0198373   -0.986384   1
4.578   0.0198323   -0.990403   1
4.608   0.0197976   -0.993418   0.999996
4.63773   0.0199842   -0.99794   0.999999
4.66783   0.0199579   -1.00178   1
4.69798   0.0198366   -0.999948   1
4.72798   0.0198489   -0.997967   1
4.75799   0.0198205   -0.999926   1
4.78801   0.0198404   -0.997502   1
4.81793   0.0197951   -0.994386   0.999997
4.84801   0.0200601   -0.989726   1.00001
4.87807   0.0197771   -0.981312   0.999997
4.90806   0.0198979   -0.981113   1
4.93806   0.0199175   -0.974447   1
4.96811   0.0197074   -0.965661   0.999998
4.99801   0.0197867   -0.960608   0.999999
5.02799   0.0198499   -0.948083   1
5.05795   0.0197735   -0.944295   0.999999
5.08802   0.0198212   -0.930103   1
5.11815   0.019997   -0.919287   1
5.14865   0.0205352   -0.906857   1.00001
5.17819   0.0195427   -0.879455   0.999986
5.20783   0.0198156   -0.883915   1
5.23791   0.0199187   -0.865072   1
5.27381   0.0200892   -0.846585   1
5.30406   0.0197809   -0.829846   1
5.33412   0.0198124   -0.814126   0.999999
5.36399   0.0198541   -0.795457   1
5.39398   0.0198124   -0.776527   0.999998
5.42403   0.0201897   -0.757763   1
5.45617   0.0218565   -0.73886   1.00006
5.48606   0.0176626   -0.692959   0.999935
5.5135   0.0197587   -0.703414   1
5.54362   0.019745   -0.670522   1
5.57373   0.0199058   -0.651306   1
5.60387   0.020032   -0.630367   1.00001
5.6338   0.0195965   -0.602232   0.999994
5.66337   0.0195271   -0.59081   0.999989
5.69338   0.0206457   -0.555599   1.00002
5.72432   0.0202171   -0.529608   1.00001
5.75336   0.018611   -0.501789   0.999982
5.78376   0.0195068   -0.477142   1
5.81355   0.0205549   -0.452475   1.00001
5.84432   0.0201818   -0.426622   1
5.87504   0.0205423   -0.397933   1.00002
5.90426   0.0188133   -0.37095   0.999963
5.9345   0.0208503   -0.351281   1.00002
5.96374   0.0203999   -0.315101   0.999991
5.9941   0.0196047   -0.285088   1
