 Location  Dispersion    Centroids   Volume
0.000494375   0.24997   -0.00276653   1.00027
0.253077   0.246147   0.246916   0.9996
0.49697   0.248658   0.477637   0.999928
0.747632   0.250392   0.683486   1.00007
1.00056   0.250101   0.846225   1.00003
1.24705   0.250221   0.950203   1.00005
1.49983   0.250473   1.0025   1.00007
1.74752   0.251085   0.987723   1.00016
1.99935   0.250212   0.917463   0.999995
2.24952   0.245101   0.779886   0.999806
2.49779   0.25002   0.600069   0.999707
2.74454   0.253264   0.379711   1.00044
3.00093   0.248803   0.144353   0.999882
3.24438   0.246923   -0.104754   0.999863
3.4985   0.256059   -0.355684   0.999654
3.79467   0.279637   -0.477244   1.01014
4.00914   0.245128   -0.627623   0.99016
4.26594   0.2156   -0.898566   0.999846
4.4912   0.252847   -0.980589   1.0002
4.74606   0.25044   -1.00369   1.00006
4.99871   0.250217   -0.963601   1.00005
5.24536   0.250059   -0.865232   1.00004
5.49688   0.249189   -0.710208   0.999962
5.74097   0.247264   -0.517834   0.999757
5.99396   0.249757   -0.282547   1.00016
