 Location  Dispersion    Centroids   Volume
0.00613629   0.109473   -0.0536169   1.02738
0.25282   0.0811303   0.219958   0.981189
0.498851   0.0817777   0.472022   0.987641
0.751246   0.0904535   0.688566   0.99691
1.00265   0.101457   0.879013   1.00946
1.24882   0.107609   1.00422   1.01573
1.50038   0.113548   1.07572   1.0224
1.74797   0.11988   1.0606   1.0243
1.99046   0.117618   1.02499   1.02307
2.25954   0.121334   0.867737   1.04008
2.4926   0.122248   0.592684   1.00055
2.74938   0.122027   0.468992   1.03556
3.00822   0.13713   0.0973756   1.03399
3.2846   0.135057   -0.0923412   1.16999
3.5772   0.131608   -0.721313   1.16662
3.93072   0.00431974   5.12838   2.41636
3.97298   -0.00419704   0.60267   2.47447
3.97065   0.00927673   -2.10593   1.93723
4.45691   0.175715   -1.08381   1.14595
4.7456   0.128146   -1.046   1.04574
4.99753   0.109524   -1.0168   1.02253
5.24418   0.0991759   -0.88812   1.01147
5.49694   0.0899608   -0.713787   1.00018
5.74568   0.0874074   -0.491534   0.989458
5.99015   0.101762   -0.237945   1.01854
