 Location  Dispersion    Centroids   Volume
1.40262e-09   0.0470618   0.038586   1.00073
0.119463   0.0414079   0.180514   0.997514
0.245105   0.0456904   0.304572   1.0018
0.363336   0.0369452   0.394827   0.996707
0.4881   0.0528744   0.488893   1.00203
0.610551   0.0510948   0.654153   1.00061
0.731977   0.0460247   0.726025   1.00059
0.857128   0.0404513   0.805507   0.99855
0.975774   0.0436549   0.870662   1.00016
1.09726   0.0480261   0.949195   1.00158
1.22406   0.0424148   0.982496   0.999632
1.34456   0.0427682   1.02822   1.00088
1.47069   0.0405323   1.03434   0.999407
1.59172   0.0442376   1.05953   1.00117
1.71159   0.0371786   1.02965   0.998937
1.83939   0.0516217   1.0213   1.00323
1.96072   0.0375057   0.968705   0.997922
2.07899   0.0329003   0.938532   0.996414
2.19791   0.0463663   0.878172   0.999486
2.3224   0.0595855   0.764139   1.0066
2.449   0.0277027   0.701355   0.99456
2.56639   0.0493019   0.604452   1.00195
2.69022   0.0454184   0.49075   0.995402
2.81141   0.0573815   0.366397   1.0045
2.935   0.05127   0.279876   1.00099
3.06518   0.0508441   0.110361   1.00183
3.18153   0.0315602   0.00605206   0.995324
3.2951   0.0406339   -0.0895783   0.997474
3.42209   0.0624652   -0.213235   1.00455
3.55134   0.0566173   -0.381332   1.00307
3.6765   0.0316055   -0.476568   0.996122
3.79105   0.0424028   -0.542665   0.999594
3.91027   0.0428707   -0.624901   0.999373
4.03929   0.0541466   -0.736554   1.00319
4.16058   0.044783   -0.798225   0.999112
4.2853   0.0375207   -0.870565   0.999824
4.40386   0.0356051   -0.900294   0.998104
4.52303   0.0440518   -0.945539   1.00104
4.6502   0.0419758   -0.942991   1.0001
4.76996   0.0399457   -0.944325   0.999739
4.8955   0.0383455   -0.942874   0.999575
5.0162   0.0435249   -0.915302   1.00097
5.13693   0.0434437   -0.848648   0.999765
5.25954   0.0375768   -0.802177   0.997715
5.37809   0.0474191   -0.740448   1.00094
5.50587   0.0604863   -0.630988   1.00682
5.63514   0.0245862   -0.537726   0.993469
5.74798   0.0421359   -0.462963   1.00183
5.87249   0.0257713   -0.334797   0.995968
5.99132   0.0507405   -0.257299   1.00298
