 Location  Dispersion    Centroids   Volume
-0.000631458   0.0602509   0.00157526   0.999953
0.0587491   0.060903   0.103606   1.00003
0.120255   0.0610541   0.146437   1.00003
0.18028   0.0609565   0.267792   1.00001
0.240528   0.060442   0.318609   0.999985
0.300008   0.0604421   0.349205   0.999987
0.365439   0.0603982   0.360788   0.999968
0.425406   0.0611583   0.469133   1.00005
0.48696   0.0609798   0.504397   1.00003
0.54712   0.0605957   0.597512   0.999992
0.606604   0.06021   0.666048   0.999965
0.665957   0.0605804   0.664833   0.999997
0.725854   0.0606182   0.71188   1
0.785386   0.0602721   0.720089   0.999969
0.845251   0.0608082   0.769881   1.00002
0.905939   0.0609454   0.852946   1.00003
0.96661   0.0605895   0.893503   1
1.03233   0.0603595   0.928353   0.999982
1.09212   0.0606042   0.942425   1
1.15199   0.0605609   0.932583   0.999988
1.21184   0.0607593   0.990123   1.00001
1.27228   0.0607206   1.00067   1.00001
1.33187   0.0603912   0.978539   0.99996
1.39126   0.0609397   1.05192   1.00002
1.45191   0.0606994   1.04075   1.00001
1.512   0.0606157   1.06259   0.999998
1.57195   0.060633   1.04454   1
1.63217   0.0607152   1.04157   1
1.69788   0.0605487   1.0684   0.999987
1.75786   0.0606623   1.05822   1.00001
1.81773   0.060421   1.05817   0.999982
1.87774   0.0608245   1.02697   1.00002
1.93791   0.0605851   0.986696   0.999995
1.99793   0.0606145   0.974892   1
2.05812   0.060731   0.974333   1
2.1179   0.0607216   0.870411   1
2.17878   0.0610156   0.864608   1.00004
2.23878   0.0603444   0.802275   0.999965
2.29805   0.0605235   0.777601   0.999993
2.36426   0.0607185   0.744349   1.00002
2.42421   0.0603292   0.711342   0.999984
2.48379   0.060342   0.666692   0.999987
2.54414   0.0607848   0.625275   1.00003
2.60432   0.0603894   0.536634   0.999984
2.66433   0.0608914   0.54365   1
2.72367   0.0608205   0.420348   0.999997
2.7838   0.060475   0.40454   0.999993
2.84323   0.0602958   0.383116   0.999968
2.90286   0.0607864   0.324766   1.00001
2.96296   0.0604655   0.26935   0.999997
3.02916   0.0607426   0.192602   0.999998
3.09045   0.061789   0.0964175   1.00009
3.15106   0.0605911   0.00771549   0.999968
3.21047   0.0605746   -0.0385462   0.999987
3.27105   0.0611049   -0.0969556   1.00004
3.33067   0.0601941   -0.173108   0.999947
3.38972   0.0604015   -0.188836   0.999992
3.44951   0.0603673   -0.232368   0.999985
3.50963   0.0608967   -0.29895   1.00003
3.5702   0.0608168   -0.394615   1.00001
3.63006   0.0603915   -0.426171   0.999987
3.69671   0.0607268   -0.491458   1.00004
3.75716   0.0604318   -0.562296   0.999996
3.81661   0.0601697   -0.59869   0.999964
3.87572   0.060459   -0.590973   0.999986
3.93582   0.0607698   -0.639932   1.00002
3.99684   0.0610946   -0.719575   1.00004
4.05654   0.0602221   -0.786361   0.999952
4.11594   0.0606137   -0.777585   1.00001
4.17611   0.0604911   -0.813294   0.999997
4.23606   0.0607018   -0.816979   0.99999
4.29566   0.0608339   -0.898378   1.00001
4.3619   0.0605792   -0.859138   0.999987
4.42206   0.0610083   -0.916926   1.00003
4.48187   0.0603244   -0.884625   0.999945
4.54118   0.0611095   -0.956606   1.00003
4.60198   0.0606064   -0.949114   1
4.66201   0.0605393   -0.95499   0.999997
4.72254   0.0609409   -0.948261   1.00003
4.78209   0.0603446   -0.90588   0.999959
4.84177   0.0607019   -0.94002   1.00001
4.90205   0.0605753   -0.947638   1
4.96213   0.0606122   -0.920644   0.999998
5.02798   0.0605936   -0.89887   1
5.08795   0.0604605   -0.879462   0.999995
5.14789   0.0605394   -0.856746   0.999998
5.20814   0.0608416   -0.823263   1.00002
5.26806   0.0605281   -0.772229   0.99999
5.32846   0.0608306   -0.757836   1.00002
5.3883   0.0606413   -0.707447   0.999993
5.44817   0.0605149   -0.667092   0.999992
5.50818   0.0606195   -0.634368   1.00001
5.56876   0.0611524   -0.650264   1.00001
5.62784   0.0608132   -0.520443   0.999986
5.69376   0.0604908   -0.527812   0.999975
5.75359   0.0610066   -0.462428   1.00003
5.81372   0.0602632   -0.414033   0.999969
5.87383   0.0608789   -0.342087   1.00004
5.93425   0.0604108   -0.255473   0.999984
5.99395   0.0606125   -0.264406   1
