4.88577   4.43   0.0232374   0.107328   0.000548937   1
-20779.7   -54708   66415.7   460362   25.8225   0.996364
-0.112931   0.564666   3.21531   54.6923   -42.7918   1.0014
4.93765   6.06818   0.130767   0.130767   5.01782   1
2.39777   4.76359   0.130767   0.130767   6.69024   1
1.94067   5.25481   0.130767   0.130767   8.36266   1
-33.8246   -48.5616   15.7587   36.9432   8.65926   1.00003
6.19776   2.13141   0.130767   0.130767   11.7075   1
-2.75993   19.5961   7.34737   3.92953   13.5261   0.999998
4.47137   5.35056   0.130747   0.130748   15.0524   1
0.573734   0.284273   2.96842   21.2267   -20.1464   1.0005
0.989528   2.82824   0.130767   0.130767   18.3972   1
0.151912   0.235562   3.31152   8.7133   -26.9478   1.00081
3.62324   0.378341   0.130767   0.130767   21.7421   1
4.46236   2.45508   0.130767   0.130767   23.4145   1
4.48468   4.11946   0.00149003   0.102311   25.087   1
5.1752   3.3192   0.130767   0.130767   26.7593   1
2.94006   1.33845   0.130767   0.130767   28.4317   1
-16.7378   7.62601   3.70416   0.361649   30.2004   0.999999
1.03673   4.41387   0.130767   0.130767   31.7766   1
2.10067   3.28914   0.130767   0.130767   33.449   1
0.0798482   2.35171   0.130767   0.130767   35.1214   1
28.3811   -2.84677   6.98864   10.3278   33.9009   1
5.16127   0.792767   0.130767   0.130767   38.4663   1
5.9789   2.66293   0.130767   0.130767   40.1387   1
3.61061   5.21087   0.130767   0.130767   41.8111   1
3.63349   0.186635   0.130767   0.130767   43.4836   1
6.34574   20.0834   0.290081   76.1454   88.5265   1.0006
6.32933   0.742945   0.130767   0.130767   46.8284   1
6.60974   6.60974   1.6533   1.6533   109.365   1.00119
0.712361   4.04979   0.130767   0.130767   50.1732   1
10.6386   1.60186   0.676025   1.78771   51.8072   0.999999
-2.96264   -2.27388   0.681528   9.3493   53.4594   0.999998
3.04216   4.52901   0.130767   0.130767   55.1905   1
6.25208   1.20225   0.470052   0.317972   56.7916   0.999998
3.74961   4.61953   0.130785   0.130785   58.5354   1
0.951483   6.25154   0.130767   0.130767   60.2078   1
10.8477   15.757   10.3495   1.86488   101.34   1.00098
3.36691   6.06461   0.130767   0.130767   63.5526   1
-39.9917   -7.3194   28.9157   0.399303   65.0813   0.999993
-7.38851   4.70049   1.23386   1.05358   66.8149   0.999997
102.586   334.288   43.8797   3007.85   71.8228   0.99963
5.82419   3.13166   0.130767   0.130767   70.2423   1
4.85421   1.94881   0.130767   0.130767   71.9148   1
3.25485   4.40098   0.130767   0.130767   73.5872   1
2.62162   4.48682   0.130767   0.130767   75.2596   1
2.96805   5.44284   0.130767   0.130767   76.932   1
1.04144   3.14138   0.130767   0.130767   78.6044   1
-3.93323   13.8802   2.89991   3.19385   80.2428   0.999999
10983   56778.6   18656.6   498656   97.7436   0.998506
