 Location  Dispersion    Centroids   Volume
-0.00132441   0.315201   0.00758809   0.999345
0.316308   0.318072   0.386831   1.00113
0.63085   0.313758   0.64803   0.999236
0.9456   0.315146   0.842113   0.999785
1.25801   0.316276   0.975601   1.00033
1.57775   0.31635   1.05496   1.00029
1.89022   0.315299   0.982068   0.999894
2.20933   0.316476   0.890422   1.00004
2.52707   0.317575   0.604387   1.00064
2.8405   0.313781   0.328721   0.999511
3.15623   0.314235   0.0644494   0.999305
3.4655   0.31667   -0.286634   1.00037
3.78417   0.314749   -0.542021   0.999722
4.10164   0.315384   -0.748058   0.999983
4.41465   0.316411   -0.895666   1.00034
4.73338   0.315818   -0.970709   1
5.04454   0.315027   -0.919506   0.999676
5.36401   0.317433   -0.760799   1.0006
5.67577   0.315518   -0.48996   0.999898
5.99492   0.314844   -0.262477   0.999893
