 x 	V[Y|X = x] 
0	0.0477663
0.003	0.0480968
0.006	0.0485204
0.009	0.0489556
0.012	0.0494023
0.015	0.0498606
0.018	0.0503301
0.021	0.0508109
0.024	0.0513027
0.027	0.0518053
0.03	0.0523184
0.033	0.0528416
0.036	0.0533747
0.039	0.053917
0.042	0.0544682
0.045	0.0550276
0.048	0.0555947
0.051	0.0561687
0.054	0.056749
0.057	0.0573347
0.06	0.0579249
0.063	0.0585187
0.066	0.0591152
0.069	0.0597132
0.072	0.0603116
0.075	0.0609093
0.078	0.061505
0.081	0.0620974
0.084	0.0626853
0.087	0.0632672
0.09	0.0638417
0.093	0.0644075
0.096	0.0649629
0.099	0.0655066
0.102	0.0660371
0.105	0.0665528
0.108	0.0670523
0.111	0.0675341
0.114	0.0679968
0.117	0.068439
0.12	0.0688592
0.123	0.0692562
0.126	0.0696288
0.129	0.0699757
0.132	0.0702959
0.135	0.0705884
0.138	0.0708522
0.141	0.0710866
0.144	0.0712909
0.147	0.0714644
0.15	0.0716068
0.153	0.0717177
0.156	0.0717968
0.159	0.0718442
0.162	0.0718598
0.165	0.0718439
0.168	0.0717967
0.171	0.0717186
0.174	0.0716103
0.177	0.0714723
0.18	0.0713055
0.183	0.0711106
0.186	0.0708887
0.189	0.0706408
0.192	0.070368
0.195	0.0700715
0.198	0.0697526
0.201	0.0694126
0.204	0.0690529
0.207	0.0686747
0.21	0.0682796
0.213	0.067869
0.216	0.0674442
0.219	0.0670068
0.222	0.0665581
0.225	0.0660995
0.228	0.0656324
0.231	0.0651583
0.234	0.0646783
0.237	0.0641937
0.24	0.0637058
0.243	0.0632158
0.246	0.0627248
0.249	0.0622338
0.252	0.061744
0.255	0.0612561
0.258	0.0607712
0.261	0.0602901
0.264	0.0598136
0.267	0.0593423
0.27	0.058877
0.273	0.0584182
0.276	0.0579666
0.279	0.0575225
0.282	0.0570865
0.285	0.0566589
0.288	0.0562401
0.291	0.0558303
0.294	0.0554299
0.297	0.0550389
0.3	0.0546577
0.303	0.0542863
0.306	0.0539248
0.309	0.0535733
0.312	0.0532317
0.315	0.0529002
0.318	0.0525787
0.321	0.0522671
0.324	0.0519654
0.327	0.0520128
0.33	0.0522933
0.333	0.0525837
0.336	0.0528841
0.339	0.0531948
0.342	0.0535157
0.345	0.053847
0.348	0.0541887
0.351	0.0545408
0.354	0.0549034
0.357	0.0552763
0.36	0.0556597
0.363	0.0560532
0.366	0.0564568
0.369	0.0568703
0.372	0.0572934
0.375	0.0577259
0.378	0.0581673
0.381	0.0586174
0.384	0.0590755
0.387	0.0595413
0.39	0.0600142
0.393	0.0604933
0.396	0.0609782
0.399	0.0614679
0.402	0.0619617
0.405	0.0624585
0.408	0.0629574
0.411	0.0634574
0.414	0.0639573
0.417	0.0644559
0.42	0.0649519
0.423	0.0654441
0.426	0.065931
0.429	0.0664113
0.432	0.0668834
0.435	0.0673459
0.438	0.0677972
0.441	0.0682358
0.444	0.06866
0.447	0.0690683
0.45	0.0694591
0.453	0.0698309
0.456	0.070182
0.459	0.0705111
0.462	0.0708166
0.465	0.0710972
0.468	0.0713515
0.471	0.0715783
0.474	0.0717765
0.477	0.0719449
0.48	0.0720827
0.483	0.0721891
0.486	0.0722633
0.489	0.0723048
0.492	0.0723132
0.495	0.0722883
0.498	0.0722298
0.501	0.072138
0.504	0.0720128
0.507	0.0718547
0.51	0.0716641
0.513	0.0714417
0.516	0.0711882
0.519	0.0709044
0.522	0.0705914
0.525	0.0702502
0.528	0.0698821
0.531	0.0694885
0.534	0.0690706
0.537	0.0686299
0.54	0.0681681
0.543	0.0676865
0.546	0.0671869
0.549	0.0666709
0.552	0.0661401
0.555	0.0655961
0.558	0.0650407
0.561	0.0644754
0.564	0.0639018
0.567	0.0633215
0.57	0.0627361
0.573	0.0621469
0.576	0.0615555
0.579	0.0609631
0.582	0.0603711
0.585	0.0597808
0.588	0.0591932
0.591	0.0586095
0.594	0.0580307
0.597	0.0574577
0.6	0.0568914
0.603	0.0563327
0.606	0.0557821
0.609	0.0552405
0.612	0.0547083
0.615	0.0541861
0.618	0.0536744
0.621	0.0531735
0.624	0.0526838
0.627	0.0522055
0.63	0.0517389
0.633	0.0512841
0.636	0.0508413
0.639	0.0504106
0.642	0.0502776
0.645	0.0504229
0.648	0.0505726
0.651	0.0507268
0.654	0.0508856
0.657	0.0510489
0.66	0.0512168
0.663	0.0513894
0.666	0.0515666
0.669	0.0517484
0.672	0.0519348
0.675	0.0521256
0.678	0.0523209
0.681	0.0525204
0.684	0.0527241
0.687	0.0529317
0.69	0.0531431
0.693	0.053358
0.696	0.0535761
0.699	0.0537971
0.702	0.0540207
0.705	0.0542463
0.708	0.0544737
0.711	0.0547022
0.714	0.0549313
0.717	0.0551605
0.72	0.055389
0.723	0.0556164
0.726	0.0558417
0.729	0.0560642
0.732	0.0562832
0.735	0.0564977
0.738	0.0567069
0.741	0.0569099
0.744	0.0571058
0.747	0.0572935
0.75	0.0574721
0.753	0.0576406
0.756	0.0577981
0.759	0.0579435
0.762	0.0580759
0.765	0.0581944
0.768	0.058298
0.771	0.0583858
0.774	0.0584571
0.777	0.0585111
0.78	0.0585472
0.783	0.0585646
0.786	0.0585628
0.789	0.0585414
0.792	0.0585001
0.795	0.0584386
0.798	0.0583567
0.801	0.0582544
0.804	0.0581318
0.807	0.057989
0.81	0.0578263
0.813	0.0576441
0.816	0.0574428
0.819	0.0572231
0.822	0.0569856
0.825	0.0567311
0.828	0.0564605
0.831	0.0561745
0.834	0.0558742
0.837	0.0555606
0.84	0.0552348
0.843	0.0548979
0.846	0.0545509
0.849	0.054195
0.852	0.0538314
0.855	0.0534612
0.858	0.0530855
0.861	0.0527055
0.864	0.0523221
0.867	0.0519365
0.87	0.0515497
0.873	0.0511627
0.876	0.0507763
0.879	0.0503915
0.882	0.0500091
0.885	0.0496298
0.888	0.0492544
0.891	0.0488835
0.894	0.0485177
0.897	0.0481576
0.9	0.0478037
0.903	0.0474564
0.906	0.047116
0.909	0.0467829
0.912	0.0464575
0.915	0.0461398
0.918	0.0458302
0.921	0.0455288
0.924	0.0452356
0.927	0.0449508
0.93	0.0446743
0.933	0.0444063
0.936	0.0441467
0.939	0.0438954
0.942	0.0436524
0.945	0.0434176
0.948	0.0432973
0.951	0.0433771
0.954	0.0434588
0.957	0.0435426
0.96	0.0436283
0.963	0.0437159
0.966	0.0438055
0.969	0.0438968
0.972	0.04399
0.975	0.0440849
0.978	0.0441814
0.981	0.0442794
0.984	0.0443788
0.987	0.0444794
0.99	0.0445812
0.993	0.0446838
0.996	0.0447873
0.999	0.0448912
1.002	0.0449954
1.005	0.0450997
1.008	0.0452037
1.011	0.0453072
1.014	0.0454099
1.017	0.0455114
1.02	0.0456114
1.023	0.0457095
1.026	0.0458054
1.029	0.0458986
1.032	0.0459886
1.035	0.0460752
1.038	0.0461579
1.041	0.0462362
1.044	0.0463096
1.047	0.0463779
1.05	0.0464404
1.053	0.0464968
1.056	0.0465467
1.059	0.0465897
1.062	0.0466253
1.065	0.0466533
1.068	0.0466733
1.071	0.0466849
1.074	0.046688
1.077	0.0466823
1.08	0.0466675
1.083	0.0466436
1.086	0.0466105
1.089	0.046568
1.092	0.0465161
1.095	0.046455
1.098	0.0463847
1.101	0.0463052
1.104	0.0462169
1.107	0.0461199
1.11	0.0460144
1.113	0.0459008
1.116	0.0457795
1.119	0.0456508
1.122	0.0455151
1.125	0.0453729
1.128	0.0452246
1.131	0.0450707
1.134	0.0449117
1.137	0.0447481
1.14	0.0445804
1.143	0.0444092
1.146	0.044235
1.149	0.0440583
1.152	0.0438795
1.155	0.0436993
1.158	0.043518
1.161	0.0433361
1.164	0.0431541
1.167	0.0429724
1.17	0.0427914
1.173	0.0426115
1.176	0.0424331
1.179	0.0422564
1.182	0.0420818
1.185	0.0419096
1.188	0.0417399
1.191	0.0415732
1.194	0.0414094
1.197	0.0412489
1.2	0.0410918
1.203	0.0409382
1.206	0.0407883
1.209	0.0406421
1.212	0.0404996
1.215	0.0403611
1.218	0.0402264
1.221	0.0400957
1.224	0.0399689
1.227	0.039846
1.23	0.039727
1.233	0.039612
1.236	0.0395007
1.239	0.0393933
1.242	0.0392896
1.245	0.0391896
1.248	0.0390933
1.251	0.0390004
1.254	0.0389111
1.257	0.0388251
1.26	0.0388251
1.263	0.0388287
1.266	0.0388325
1.269	0.0388365
1.272	0.0388406
1.275	0.0388449
1.278	0.0388494
1.281	0.038854
1.284	0.0388588
1.287	0.0388637
1.29	0.0388688
1.293	0.038874
1.296	0.0388793
1.299	0.0388847
1.302	0.0388902
1.305	0.0388958
1.308	0.0389015
1.311	0.0389072
1.314	0.0389129
1.317	0.0389186
1.32	0.0389243
1.323	0.03893
1.326	0.0389356
1.329	0.038941
1.332	0.0389464
1.335	0.0389516
1.338	0.0389565
1.341	0.0389612
1.344	0.0389657
1.347	0.0389697
1.35	0.0389735
1.353	0.0389768
1.356	0.0389796
1.359	0.038982
1.362	0.0389838
1.365	0.038985
1.368	0.0389856
1.371	0.0389854
1.374	0.0389846
1.377	0.0389829
1.38	0.0389804
1.383	0.0389771
1.386	0.0389729
1.389	0.0389677
1.392	0.0389615
1.395	0.0389544
1.398	0.0389462
1.401	0.038937
1.404	0.0389267
1.407	0.0389154
1.41	0.038903
1.413	0.0388895
1.416	0.0388749
1.419	0.0388592
1.422	0.0388425
1.425	0.0388247
1.428	0.038806
1.431	0.0387862
1.434	0.0387655
1.437	0.0387439
1.44	0.0387214
1.443	0.0386981
1.446	0.0386741
1.449	0.0386493
1.452	0.0386239
1.455	0.0385979
1.458	0.0385713
1.461	0.0385442
1.464	0.0385168
1.467	0.038489
1.47	0.0384609
1.473	0.0384325
1.476	0.038404
1.479	0.0383754
1.482	0.0383468
1.485	0.0383181
1.488	0.0382896
1.491	0.0382611
1.494	0.0382328
1.497	0.0382048
1.5	0.0381769
1.503	0.0381494
1.506	0.0381222
1.509	0.0380954
1.512	0.038069
1.515	0.0380431
1.518	0.0380175
1.521	0.0379925
1.524	0.037968
1.527	0.0379439
1.53	0.0379204
1.533	0.0378975
1.536	0.0378751
1.539	0.0378532
1.542	0.037832
1.545	0.0378113
1.548	0.0377911
1.551	0.0377715
1.554	0.0377525
1.557	0.037734
1.56	0.0377161
1.563	0.0376988
1.566	0.037682
1.569	0.0376657
1.572	0.0376499
1.575	0.0376346
1.578	0.0376199
1.581	0.0376376
1.584	0.0376593
1.587	0.0376817
1.59	0.0377049
1.593	0.0377289
1.596	0.0377537
1.599	0.0377793
1.602	0.0378057
1.605	0.0378329
1.608	0.037861
1.611	0.0378898
1.614	0.0379195
1.617	0.0379501
1.62	0.0379814
1.623	0.0380136
1.626	0.0380466
1.629	0.0380804
1.632	0.0381149
1.635	0.0381503
1.638	0.0381863
1.641	0.0382231
1.644	0.0382605
1.647	0.0382987
1.65	0.0383374
1.653	0.0383767
1.656	0.0384165
1.659	0.0384569
1.662	0.0384976
1.665	0.0385388
1.668	0.0385803
1.671	0.0386221
1.674	0.038664
1.677	0.0387061
1.68	0.0387484
1.683	0.0387906
1.686	0.0388327
1.689	0.0388748
1.692	0.0389166
1.695	0.0389582
1.698	0.0389994
1.701	0.0390403
1.704	0.0390806
1.707	0.0391205
1.71	0.0391597
1.713	0.0391982
1.716	0.039236
1.719	0.039273
1.722	0.0393092
1.725	0.0393445
1.728	0.0393788
1.731	0.0394121
1.734	0.0394445
1.737	0.0394758
1.74	0.039506
1.743	0.0395351
1.746	0.0395631
1.749	0.0395899
1.752	0.0396157
1.755	0.0396402
1.758	0.0396637
1.761	0.039686
1.764	0.0397071
1.767	0.0397272
1.77	0.0397462
1.773	0.0397641
1.776	0.0397809
1.779	0.0397967
1.782	0.0398115
1.785	0.0398253
1.788	0.0398382
1.791	0.0398501
1.794	0.0398612
1.797	0.0398715
1.8	0.0398809
1.803	0.0398896
1.806	0.0398975
1.809	0.0399047
1.812	0.0399113
1.815	0.0399172
1.818	0.0399226
1.821	0.0399273
1.824	0.0399315
1.827	0.0399353
1.83	0.0399385
1.833	0.0399413
1.836	0.0399437
1.839	0.0399457
1.842	0.0399473
1.845	0.0399486
1.848	0.0399496
1.851	0.0399503
1.854	0.0399507
1.857	0.0399509
1.86	0.0399508
1.863	0.0399505
1.866	0.03995
1.869	0.0399493
1.872	0.0399485
1.875	0.0399475
1.878	0.0399463
1.881	0.039945
1.884	0.0399436
1.887	0.0399421
1.89	0.0399404
1.893	0.0399387
1.896	0.0400074
1.899	0.0401307
1.902	0.0402577
1.905	0.0403885
1.908	0.040523
1.911	0.0406614
1.914	0.0408035
1.917	0.0409493
1.92	0.0410989
1.923	0.0412521
1.926	0.041409
1.929	0.0415694
1.932	0.0417332
1.935	0.0419004
1.938	0.0420708
1.941	0.0422443
1.944	0.0424208
1.947	0.0426
1.95	0.0427817
1.953	0.0429658
1.956	0.0431521
1.959	0.0433402
1.962	0.0435298
1.965	0.0437208
1.968	0.0439128
1.971	0.0441055
1.974	0.0442985
1.977	0.0444914
1.98	0.044684
1.983	0.0448757
1.986	0.0450663
1.989	0.0452552
1.992	0.0454421
1.995	0.0456265
1.998	0.0458079
2.001	0.0459861
2.004	0.0461605
2.007	0.0463306
2.01	0.0464961
2.013	0.0466565
2.016	0.0468115
2.019	0.0469605
2.022	0.0471034
2.025	0.0472396
2.028	0.0473688
2.031	0.0474908
2.034	0.0476053
2.037	0.0477119
2.04	0.0478105
2.043	0.0479009
2.046	0.0479829
2.049	0.0480564
2.052	0.0481213
2.055	0.0481775
2.058	0.0482251
2.061	0.048264
2.064	0.0482943
2.067	0.0483162
2.07	0.0483296
2.073	0.0483348
2.076	0.048332
2.079	0.0483213
2.082	0.0483031
2.085	0.0482775
2.088	0.048245
2.091	0.0482057
2.094	0.04816
2.097	0.0481083
2.1	0.0480508
2.103	0.0479881
2.106	0.0479204
2.109	0.0478481
2.112	0.0477715
2.115	0.0476912
2.118	0.0476073
2.121	0.0475204
2.124	0.0474307
2.127	0.0473386
2.13	0.0472445
2.133	0.0471486
2.136	0.0470514
2.139	0.0469531
2.142	0.046854
2.145	0.0467544
2.148	0.0466546
2.151	0.0465548
2.154	0.0464552
2.157	0.0463561
2.16	0.0462576
2.163	0.04616
2.166	0.0460634
2.169	0.045968
2.172	0.045874
2.175	0.0457813
2.178	0.0456903
2.181	0.0456009
2.184	0.0455133
2.187	0.0454276
2.19	0.0453437
2.193	0.0452618
2.196	0.045182
2.199	0.0451042
2.202	0.0450284
2.205	0.0449548
2.208	0.0448832
2.211	0.0448138
2.214	0.0447465
2.217	0.0448618
2.22	0.0451005
2.223	0.0453466
2.226	0.0456002
2.229	0.0458614
2.232	0.0461302
2.235	0.0464066
2.238	0.0466907
2.241	0.0469822
2.244	0.0472813
2.247	0.0475878
2.25	0.0479017
2.253	0.0482226
2.256	0.0485506
2.259	0.0488854
2.262	0.0492267
2.265	0.0495744
2.268	0.0499279
2.271	0.0502871
2.274	0.0506516
2.277	0.0510208
2.28	0.0513944
2.283	0.0517717
2.286	0.0521523
2.289	0.0525356
2.292	0.052921
2.295	0.0533076
2.298	0.0536949
2.301	0.0540821
2.304	0.0544684
2.307	0.0548529
2.31	0.0552348
2.313	0.0556133
2.316	0.0559873
2.319	0.0563561
2.322	0.0567186
2.325	0.0570739
2.328	0.0574211
2.331	0.0577591
2.334	0.058087
2.337	0.058404
2.34	0.058709
2.343	0.0590012
2.346	0.0592797
2.349	0.0595437
2.352	0.0597924
2.355	0.060025
2.358	0.0602409
2.361	0.0604395
2.364	0.0606203
2.367	0.0607826
2.37	0.0609261
2.373	0.0610505
2.376	0.0611556
2.379	0.061241
2.382	0.0613068
2.385	0.061353
2.388	0.0613796
2.391	0.0613867
2.394	0.0613746
2.397	0.0613435
2.4	0.061294
2.403	0.0612264
2.406	0.0611412
2.409	0.0610391
2.412	0.0609206
2.415	0.0607865
2.418	0.0606374
2.421	0.0604742
2.424	0.0602977
2.427	0.0601086
2.43	0.0599078
2.433	0.0596962
2.436	0.0594747
2.439	0.0592441
2.442	0.0590053
2.445	0.0587592
2.448	0.0585067
2.451	0.0582485
2.454	0.0579856
2.457	0.0577186
2.46	0.0574484
2.463	0.0571758
2.466	0.0569013
2.469	0.0566258
2.472	0.0563498
2.475	0.056074
2.478	0.0557989
2.481	0.055525
2.484	0.0552529
2.487	0.0549831
2.49	0.0547159
2.493	0.0544517
2.496	0.0541909
2.499	0.0539338
2.502	0.0536806
2.505	0.0534317
2.508	0.0531873
2.511	0.0529475
2.514	0.0527125
2.517	0.0524825
2.52	0.0522575
2.523	0.0520376
2.526	0.051823
2.529	0.0516137
2.532	0.0518172
2.535	0.0522085
2.538	0.0526105
2.541	0.0530229
2.544	0.0534457
2.547	0.0538787
2.55	0.0543219
2.553	0.0547749
2.556	0.0552376
2.559	0.0557096
2.562	0.0561905
2.565	0.05668
2.568	0.0571776
2.571	0.0576827
2.574	0.0581949
2.577	0.0587134
2.58	0.0592375
2.583	0.0597666
2.586	0.0602997
2.589	0.060836
2.592	0.0613746
2.595	0.0619144
2.598	0.0624544
2.601	0.0629935
2.604	0.0635305
2.607	0.0640642
2.61	0.0645933
2.613	0.0651166
2.616	0.0656327
2.619	0.0661401
2.622	0.0666376
2.625	0.0671237
2.628	0.0675971
2.631	0.0680562
2.634	0.0684998
2.637	0.0689263
2.64	0.0693345
2.643	0.069723
2.646	0.0700906
2.649	0.070436
2.652	0.0707581
2.655	0.0710558
2.658	0.0713281
2.661	0.071574
2.664	0.0717928
2.667	0.0719837
2.67	0.0721462
2.673	0.0722798
2.676	0.072384
2.679	0.0724586
2.682	0.0725036
2.685	0.0725189
2.688	0.0725046
2.691	0.0724609
2.694	0.0723883
2.697	0.0722872
2.7	0.0721582
2.703	0.0720021
2.706	0.0718195
2.709	0.0716115
2.712	0.0713789
2.715	0.0711229
2.718	0.0708445
2.721	0.070545
2.724	0.0702257
2.727	0.0698877
2.73	0.0695324
2.733	0.0691612
2.736	0.0687754
2.739	0.0683763
2.742	0.0679655
2.745	0.0675441
2.748	0.0671135
2.751	0.0666751
2.754	0.0662301
2.757	0.0657799
2.76	0.0653255
2.763	0.0648682
2.766	0.0644092
2.769	0.0639494
2.772	0.0634899
2.775	0.0630317
2.778	0.0625756
2.781	0.0621225
2.784	0.0616733
2.787	0.0612286
2.79	0.0607891
2.793	0.0603555
2.796	0.0599283
2.799	0.059508
2.802	0.0590951
2.805	0.0586899
2.808	0.0582929
2.811	0.0579043
2.814	0.0575244
2.817	0.0571535
2.82	0.0567916
2.823	0.056439
2.826	0.0560958
2.829	0.055762
2.832	0.0554377
2.835	0.0551229
2.838	0.0548176
2.841	0.0545217
2.844	0.0542352
2.847	0.0544304
2.85	0.0548077
2.853	0.0551978
2.856	0.0556008
2.859	0.0560168
2.862	0.056446
2.865	0.0568884
2.868	0.057344
2.871	0.0578129
2.874	0.0582951
2.877	0.0587904
2.88	0.0592987
2.883	0.05982
2.886	0.0603539
2.889	0.0609002
2.892	0.0614586
2.895	0.0620287
2.898	0.06261
2.901	0.0632021
2.904	0.0638043
2.907	0.064416
2.91	0.0650364
2.913	0.0656648
2.916	0.0663003
2.919	0.0669419
2.922	0.0675886
2.925	0.0682392
2.928	0.0688925
2.931	0.0695473
2.934	0.0702022
2.937	0.0708559
2.94	0.0715067
2.943	0.0721532
2.946	0.0727937
2.949	0.0734265
2.952	0.07405
2.955	0.0746623
2.958	0.0752618
2.961	0.0758465
2.964	0.0764146
2.967	0.0769644
2.97	0.077494
2.973	0.0780016
2.976	0.0784854
2.979	0.0789438
2.982	0.0793751
2.985	0.0797777
2.988	0.08015
2.991	0.0804907
2.994	0.0807985
2.997	0.0810722
3	0.0813107
3.003	0.0815131
3.006	0.0816786
3.009	0.0818065
3.012	0.0818965
3.015	0.0819481
3.018	0.0819612
3.021	0.0819358
3.024	0.0818721
3.027	0.0817705
3.03	0.0816313
3.033	0.0814553
3.036	0.0812432
3.039	0.080996
3.042	0.0807147
3.045	0.0804005
3.048	0.0800548
3.051	0.079679
3.054	0.0792744
3.057	0.0788429
3.06	0.0783858
3.063	0.0779051
3.066	0.0774023
3.069	0.0768794
3.072	0.0763381
3.075	0.0757801
3.078	0.0752074
3.081	0.0746216
3.084	0.0740245
3.087	0.073418
3.09	0.0728036
3.093	0.072183
3.096	0.0715577
3.099	0.0709294
3.102	0.0702995
3.105	0.0696693
3.108	0.0690402
3.111	0.0684134
3.114	0.0677901
3.117	0.0671714
3.12	0.0665583
3.123	0.0659517
3.126	0.0653525
3.129	0.0647614
3.132	0.0641792
3.135	0.0636064
3.138	0.0630438
3.141	0.0624916
3.144	0.0619505
3.147	0.0614207
3.15	0.0609025
3.153	0.0603963
3.156	0.0599021
3.159	0.0594202
3.162	0.0589507
3.165	0.0585862
3.168	0.0590241
3.171	0.0594743
3.174	0.0599366
3.177	0.0604111
3.18	0.0608976
3.183	0.0613959
3.186	0.0619059
3.189	0.0624272
3.192	0.0629595
3.195	0.0635025
3.198	0.0640555
3.201	0.0646182
3.204	0.0651899
3.207	0.0657699
3.21	0.0663575
3.213	0.0669518
3.216	0.0675519
3.219	0.0681568
3.222	0.0687653
3.225	0.0693764
3.228	0.0699888
3.231	0.0706011
3.234	0.071212
3.237	0.0718198
3.24	0.0724231
3.243	0.0730203
3.246	0.0736096
3.249	0.0741893
3.252	0.0747575
3.255	0.0753126
3.258	0.0758526
3.261	0.0763757
3.264	0.0768799
3.267	0.0773634
3.27	0.0778243
3.273	0.0782609
3.276	0.0786713
3.279	0.0790539
3.282	0.0794069
3.285	0.0797288
3.288	0.0800182
3.291	0.0802736
3.294	0.080494
3.297	0.0806781
3.3	0.0808251
3.303	0.0809341
3.306	0.0810046
3.309	0.0810359
3.312	0.081028
3.315	0.0809805
3.318	0.0808937
3.321	0.0807677
3.324	0.0806029
3.327	0.0804
3.33	0.0801596
3.333	0.0798827
3.336	0.0795703
3.339	0.0792237
3.342	0.0788441
3.345	0.078433
3.348	0.0779919
3.351	0.0775225
3.354	0.0770265
3.357	0.0765058
3.36	0.0759621
3.363	0.0753973
3.366	0.0748134
3.369	0.0742122
3.372	0.0735958
3.375	0.072966
3.378	0.0723246
3.381	0.0716737
3.384	0.0710149
3.387	0.07035
3.39	0.0696808
3.393	0.0690089
3.396	0.0683358
3.399	0.0676631
3.402	0.0669922
3.405	0.0663243
3.408	0.0656609
3.411	0.0650029
3.414	0.0643516
3.417	0.0637078
3.42	0.0630725
3.423	0.0624466
3.426	0.0618307
3.429	0.0612256
3.432	0.0606318
3.435	0.0600498
3.438	0.0594801
3.441	0.0589231
3.444	0.058379
3.447	0.0578481
3.45	0.0573307
3.453	0.0568268
3.456	0.0563365
3.459	0.0558599
3.462	0.055397
3.465	0.0549478
3.468	0.0545622
3.471	0.0548291
3.474	0.0551039
3.477	0.0553867
3.48	0.0556776
3.483	0.0559763
3.486	0.056283
3.489	0.0565974
3.492	0.0569195
3.495	0.057249
3.498	0.0575858
3.501	0.0579297
3.504	0.0582803
3.507	0.0586374
3.51	0.0590005
3.513	0.0593692
3.516	0.0597431
3.519	0.0601216
3.522	0.0605043
3.525	0.0608903
3.528	0.0612792
3.531	0.0616701
3.534	0.0620623
3.537	0.0624549
3.54	0.062847
3.543	0.0632377
3.546	0.0636261
3.549	0.064011
3.552	0.0643914
3.555	0.0647662
3.558	0.0651343
3.561	0.0654943
3.564	0.0658452
3.567	0.0661857
3.57	0.0665146
3.573	0.0668307
3.576	0.0671326
3.579	0.0674191
3.582	0.0676891
3.585	0.0679414
3.588	0.0681747
3.591	0.0683881
3.594	0.0685804
3.597	0.0687507
3.6	0.068898
3.603	0.0690215
3.606	0.0691205
3.609	0.0691942
3.612	0.0692422
3.615	0.0692639
3.618	0.069259
3.621	0.0692273
3.624	0.0691686
3.627	0.069083
3.63	0.0689704
3.633	0.0688313
3.636	0.0686658
3.639	0.0684744
3.642	0.0682578
3.645	0.0680165
3.648	0.0677514
3.651	0.0674632
3.654	0.0671529
3.657	0.0668216
3.66	0.0664702
3.663	0.0661001
3.666	0.0657123
3.669	0.065308
3.672	0.0648887
3.675	0.0644555
3.678	0.0640097
3.681	0.0635528
3.684	0.063086
3.687	0.0626106
3.69	0.062128
3.693	0.0616394
3.696	0.061146
3.699	0.0606491
3.702	0.0601498
3.705	0.0596493
3.708	0.0591487
3.711	0.0586489
3.714	0.058151
3.717	0.0576558
3.72	0.0571643
3.723	0.0566772
3.726	0.0561953
3.729	0.0557193
3.732	0.0552498
3.735	0.0547873
3.738	0.0543325
3.741	0.0538856
3.744	0.0534473
3.747	0.0530178
3.75	0.0525973
3.753	0.0521863
3.756	0.0517849
3.759	0.0513932
3.762	0.0510115
3.765	0.0506397
3.768	0.050278
3.771	0.0499265
3.774	0.049585
3.777	0.0492536
3.78	0.0489322
3.783	0.0487542
3.786	0.0489186
3.789	0.0490885
3.792	0.0492639
3.795	0.0494448
3.798	0.0496313
3.801	0.0498233
3.804	0.0500209
3.807	0.0502239
3.81	0.0504324
3.813	0.0506463
3.816	0.0508655
3.819	0.0510898
3.822	0.0513192
3.825	0.0515533
3.828	0.0517921
3.831	0.0520352
3.834	0.0522824
3.837	0.0525334
3.84	0.0527878
3.843	0.0530452
3.846	0.0533053
3.849	0.0535674
3.852	0.0538312
3.855	0.0540961
3.858	0.0543614
3.861	0.0546266
3.864	0.054891
3.867	0.0551539
3.87	0.0554145
3.873	0.0556721
3.876	0.0559259
3.879	0.056175
3.882	0.0564186
3.885	0.0566557
3.888	0.0568856
3.891	0.0571073
3.894	0.0573199
3.897	0.0575224
3.9	0.057714
3.903	0.0578938
3.906	0.0580608
3.909	0.0582143
3.912	0.0583534
3.915	0.0584773
3.918	0.0585854
3.921	0.0586768
3.924	0.0587511
3.927	0.0588075
3.93	0.0588457
3.933	0.0588652
3.936	0.0588657
3.939	0.0588469
3.942	0.0588086
3.945	0.0587508
3.948	0.0586734
3.951	0.0585765
3.954	0.0584604
3.957	0.0583252
3.96	0.0581714
3.963	0.0579993
3.966	0.0578095
3.969	0.0576025
3.972	0.057379
3.975	0.0571398
3.978	0.0568856
3.981	0.0566171
3.984	0.0563354
3.987	0.0560413
3.99	0.0557357
3.993	0.0554196
3.996	0.0550939
3.999	0.0547598
4.002	0.054418
4.005	0.0540697
4.008	0.0537159
4.011	0.0533574
4.014	0.0529952
4.017	0.0526303
4.02	0.0522634
4.023	0.0518956
4.026	0.0515276
4.029	0.0511602
4.032	0.0507941
4.035	0.05043
4.038	0.0500686
4.041	0.0497106
4.044	0.0493564
4.047	0.0490065
4.05	0.0486616
4.053	0.0483219
4.056	0.047988
4.059	0.04766
4.062	0.0473385
4.065	0.0470235
4.068	0.0467153
4.071	0.0464142
4.074	0.0461203
4.077	0.0458337
4.08	0.0455545
4.083	0.0452828
4.086	0.0450186
4.089	0.0447619
4.092	0.0445128
4.095	0.0442711
4.098	0.044037
4.101	0.043861
4.104	0.0439301
4.107	0.0440013
4.11	0.0440746
4.113	0.0441501
4.116	0.0442277
4.119	0.0443074
4.122	0.0443892
4.125	0.0444731
4.128	0.0445591
4.131	0.044647
4.134	0.0447369
4.137	0.0448287
4.14	0.0449222
4.143	0.0450175
4.146	0.0451143
4.149	0.0452126
4.152	0.0453121
4.155	0.0454129
4.158	0.0455146
4.161	0.0456171
4.164	0.0457201
4.167	0.0458234
4.17	0.0459268
4.173	0.0460301
4.176	0.0461328
4.179	0.0462347
4.182	0.0463355
4.185	0.0464348
4.188	0.0465323
4.191	0.0466275
4.194	0.0467202
4.197	0.0468098
4.2	0.0468961
4.203	0.0469785
4.206	0.0470567
4.209	0.0471301
4.212	0.0471985
4.215	0.0472613
4.218	0.0473182
4.221	0.0473687
4.224	0.0474125
4.227	0.0474492
4.23	0.0474783
4.233	0.0474997
4.236	0.0475129
4.239	0.0475177
4.242	0.0475138
4.245	0.0475011
4.248	0.0474794
4.251	0.0474485
4.254	0.0474083
4.257	0.0473588
4.26	0.0473001
4.263	0.047232
4.266	0.0471548
4.269	0.0470685
4.272	0.0469733
4.275	0.0468695
4.278	0.0467573
4.281	0.0466369
4.284	0.0465087
4.287	0.0463731
4.29	0.0462305
4.293	0.0460812
4.296	0.0459258
4.299	0.0457646
4.302	0.0455982
4.305	0.045427
4.308	0.0452516
4.311	0.0450723
4.314	0.0448898
4.317	0.0447046
4.32	0.044517
4.323	0.0443277
4.326	0.044137
4.329	0.0439455
4.332	0.0437536
4.335	0.0435616
4.338	0.0433702
4.341	0.0431795
4.344	0.0429899
4.347	0.0428019
4.35	0.0426158
4.353	0.0424317
4.356	0.0422501
4.359	0.0420711
4.362	0.041895
4.365	0.041722
4.368	0.0415523
4.371	0.0413859
4.374	0.0412231
4.377	0.041064
4.38	0.0409087
4.383	0.0407571
4.386	0.0406095
4.389	0.0404659
4.392	0.0403262
4.395	0.0401906
4.398	0.0400589
4.401	0.0399312
4.404	0.0398075
4.407	0.0396878
4.41	0.0395719
4.413	0.0394599
4.416	0.0393587
4.419	0.0393592
4.422	0.0393595
4.425	0.0393597
4.428	0.0393597
4.431	0.0393595
4.434	0.0393592
4.437	0.0393587
4.44	0.039358
4.443	0.0393571
4.446	0.039356
4.449	0.0393547
4.452	0.0393531
4.455	0.0393513
4.458	0.0393492
4.461	0.0393468
4.464	0.0393441
4.467	0.0393411
4.47	0.0393377
4.473	0.039334
4.476	0.0393298
4.479	0.0393253
4.482	0.0393204
4.485	0.039315
4.488	0.0393092
4.491	0.0393028
4.494	0.039296
4.497	0.0392887
4.5	0.0392807
4.503	0.0392723
4.506	0.0392632
4.509	0.0392535
4.512	0.0392432
4.515	0.0392322
4.518	0.0392205
4.521	0.0392081
4.524	0.0391951
4.527	0.0391813
4.53	0.0391667
4.533	0.0391514
4.536	0.0391353
4.539	0.0391185
4.542	0.0391009
4.545	0.0390825
4.548	0.0390633
4.551	0.0390434
4.554	0.0390226
4.557	0.0390011
4.56	0.0389789
4.563	0.0389559
4.566	0.0389322
4.569	0.0389077
4.572	0.0388827
4.575	0.0388569
4.578	0.0388306
4.581	0.0388036
4.584	0.0387762
4.587	0.0387482
4.59	0.0387197
4.593	0.0386908
4.596	0.0386616
4.599	0.038632
4.602	0.0386021
4.605	0.038572
4.608	0.0385417
4.611	0.0385112
4.614	0.0384807
4.617	0.0384501
4.62	0.0384195
4.623	0.038389
4.626	0.0383586
4.629	0.0383283
4.632	0.0382982
4.635	0.0382684
4.638	0.0382388
4.641	0.0382095
4.644	0.0381806
4.647	0.0381521
4.65	0.0381239
4.653	0.0380962
4.656	0.038069
4.659	0.0380423
4.662	0.038016
4.665	0.0379903
4.668	0.0379651
4.671	0.0379405
4.674	0.0379165
4.677	0.037893
4.68	0.0378701
4.683	0.0378478
4.686	0.0378261
4.689	0.037805
4.692	0.0377845
4.695	0.0377646
4.698	0.0377453
4.701	0.0377265
4.704	0.0377084
4.707	0.0376908
4.71	0.0376738
4.713	0.0376573
4.716	0.0376414
4.719	0.037626
4.722	0.0376111
4.725	0.0375968
4.728	0.037583
4.731	0.0375696
4.734	0.0375568
4.737	0.0375607
4.74	0.0375814
4.743	0.0376029
4.746	0.0376251
4.749	0.0376482
4.752	0.037672
4.755	0.0376967
4.758	0.0377222
4.761	0.0377485
4.764	0.0377757
4.767	0.0378037
4.77	0.0378327
4.773	0.0378624
4.776	0.0378931
4.779	0.0379246
4.782	0.0379569
4.785	0.0379902
4.788	0.0380242
4.791	0.0380591
4.794	0.0380948
4.797	0.0381313
4.8	0.0381685
4.803	0.0382065
4.806	0.0382451
4.809	0.0382845
4.812	0.0383244
4.815	0.038365
4.818	0.038406
4.821	0.0384476
4.824	0.0384896
4.827	0.0385319
4.83	0.0385745
4.833	0.0386174
4.836	0.0386604
4.839	0.0387036
4.842	0.0387467
4.845	0.0387898
4.848	0.0388327
4.851	0.0388754
4.854	0.0389178
4.857	0.0389598
4.86	0.0390014
4.863	0.0390424
4.866	0.0390828
4.869	0.0391225
4.872	0.0391614
4.875	0.0391995
4.878	0.0392367
4.881	0.0392729
4.884	0.0393081
4.887	0.0393422
4.89	0.0393752
4.893	0.039407
4.896	0.0394375
4.899	0.0394669
4.902	0.0394949
4.905	0.0395217
4.908	0.0395471
4.911	0.0395713
4.914	0.0395941
4.917	0.0396156
4.92	0.0396358
4.923	0.0396547
4.926	0.0396723
4.929	0.0396886
4.932	0.0397038
4.935	0.0397177
4.938	0.0397305
4.941	0.0397421
4.944	0.0397526
4.947	0.0397621
4.95	0.0397706
4.953	0.0397781
4.956	0.0397847
4.959	0.0397904
4.962	0.0397953
4.965	0.0397994
4.968	0.0398027
4.971	0.0398054
4.974	0.0398073
4.977	0.0398087
4.98	0.0398095
4.983	0.0398098
4.986	0.0398096
4.989	0.0398089
4.992	0.0398078
4.995	0.0398063
4.998	0.0398045
5.001	0.0398024
5.004	0.0397999
5.007	0.0397972
5.01	0.0397942
5.013	0.0397911
5.016	0.0397877
5.019	0.0397842
5.022	0.0397805
5.025	0.0397766
5.028	0.0397727
5.031	0.0397686
5.034	0.0397645
5.037	0.0397602
5.04	0.0397559
5.043	0.0397516
5.046	0.0397525
5.049	0.0398736
5.052	0.0399988
5.055	0.0401282
5.058	0.0402618
5.061	0.0403996
5.064	0.0405416
5.067	0.0406879
5.07	0.0408384
5.073	0.0409931
5.076	0.041152
5.079	0.041315
5.082	0.0414821
5.085	0.0416531
5.088	0.0418279
5.091	0.0420064
5.094	0.0421885
5.097	0.0423739
5.1	0.0425625
5.103	0.042754
5.106	0.0429482
5.109	0.0431448
5.112	0.0433434
5.115	0.0435439
5.118	0.0437457
5.121	0.0439486
5.124	0.0441521
5.127	0.0443558
5.13	0.0445592
5.133	0.0447618
5.136	0.0449632
5.139	0.0451628
5.142	0.0453601
5.145	0.0455545
5.148	0.0457456
5.151	0.0459327
5.154	0.0461153
5.157	0.0462927
5.16	0.0464645
5.163	0.0466301
5.166	0.046789
5.169	0.0469405
5.172	0.0470843
5.175	0.0472198
5.178	0.0473466
5.181	0.0474642
5.184	0.0475722
5.187	0.0476704
5.19	0.0477585
5.193	0.047836
5.196	0.0479029
5.199	0.047959
5.202	0.0480041
5.205	0.0480382
5.208	0.0480614
5.211	0.0480735
5.214	0.0480748
5.217	0.0480653
5.22	0.0480453
5.223	0.048015
5.226	0.0479746
5.229	0.0479246
5.232	0.0478652
5.235	0.0477968
5.238	0.0477199
5.241	0.0476349
5.244	0.0475423
5.247	0.0474426
5.25	0.0473363
5.253	0.0472239
5.256	0.047106
5.259	0.046983
5.262	0.0468555
5.265	0.046724
5.268	0.0465891
5.271	0.0464512
5.274	0.0463108
5.277	0.0461685
5.28	0.0460247
5.283	0.0458798
5.286	0.0457343
5.289	0.0455886
5.292	0.045443
5.295	0.0452979
5.298	0.0451537
5.301	0.0450107
5.304	0.0448691
5.307	0.0447292
5.31	0.0445913
5.313	0.0444557
5.316	0.0443223
5.319	0.0441916
5.322	0.0440636
5.325	0.0439384
5.328	0.0438162
5.331	0.0436971
5.334	0.0435812
5.337	0.0434684
5.34	0.043359
5.343	0.0432528
5.346	0.04315
5.349	0.0430506
5.352	0.0429545
5.355	0.0428617
5.358	0.0427723
5.361	0.0426861
5.364	0.0426032
5.367	0.0425236
5.37	0.0425414
5.373	0.0427021
5.376	0.0428693
5.379	0.0430431
5.382	0.0432237
5.385	0.0434112
5.388	0.0436057
5.391	0.0438074
5.394	0.0440163
5.397	0.0442324
5.4	0.044456
5.403	0.044687
5.406	0.0449255
5.409	0.0451714
5.412	0.0454247
5.415	0.0456853
5.418	0.0459533
5.421	0.0462284
5.424	0.0465104
5.427	0.0467993
5.43	0.0470948
5.433	0.0473965
5.436	0.0477042
5.439	0.0480175
5.442	0.048336
5.445	0.0486592
5.448	0.0489866
5.451	0.0493176
5.454	0.0496515
5.457	0.0499879
5.46	0.0503258
5.463	0.0506645
5.466	0.0510032
5.469	0.0513409
5.472	0.0516769
5.475	0.0520101
5.478	0.0523395
5.481	0.0526641
5.484	0.0529828
5.487	0.0532945
5.49	0.0535982
5.493	0.0538927
5.496	0.054177
5.499	0.05445
5.502	0.0547105
5.505	0.0549576
5.508	0.0551902
5.511	0.0554073
5.514	0.0556081
5.517	0.0557917
5.52	0.0559573
5.523	0.0561043
5.526	0.0562319
5.529	0.0563397
5.532	0.0564273
5.535	0.0564942
5.538	0.0565404
5.541	0.0565657
5.544	0.05657
5.547	0.0565534
5.55	0.0565163
5.553	0.0564588
5.556	0.0563813
5.559	0.0562845
5.562	0.0561688
5.565	0.056035
5.568	0.0558838
5.571	0.055716
5.574	0.0555325
5.577	0.0553342
5.58	0.0551221
5.583	0.0548973
5.586	0.0546607
5.589	0.0544134
5.592	0.0541565
5.595	0.0538911
5.598	0.0536181
5.601	0.0533386
5.604	0.0530537
5.607	0.0527644
5.61	0.0524715
5.613	0.0521761
5.616	0.0518789
5.619	0.051581
5.622	0.0512829
5.625	0.0509856
5.628	0.0506897
5.631	0.0503958
5.634	0.0501045
5.637	0.0498165
5.64	0.0495321
5.643	0.0492518
5.646	0.0489761
5.649	0.0487053
5.652	0.0484397
5.655	0.0481795
5.658	0.0479251
5.661	0.0476765
5.664	0.047434
5.667	0.0471976
5.67	0.0469675
5.673	0.0467437
5.676	0.0465263
5.679	0.0466558
5.682	0.0469186
5.685	0.0471907
5.688	0.0474723
5.691	0.0477633
5.694	0.048064
5.697	0.0483743
5.7	0.0486943
5.703	0.0490239
5.706	0.0493631
5.709	0.0497118
5.712	0.0500697
5.715	0.0504368
5.718	0.0508128
5.721	0.0511973
5.724	0.0515899
5.727	0.0519902
5.73	0.0523977
5.733	0.0528117
5.736	0.0532317
5.739	0.0536568
5.742	0.0540862
5.745	0.054519
5.748	0.0549543
5.751	0.0553908
5.754	0.0558276
5.757	0.0562633
5.76	0.0566966
5.763	0.0571261
5.766	0.0575505
5.769	0.0579682
5.772	0.0583775
5.775	0.058777
5.778	0.059165
5.781	0.0595398
5.784	0.0598998
5.787	0.0602432
5.79	0.0605684
5.793	0.0608739
5.796	0.0611579
5.799	0.061419
5.802	0.0616558
5.805	0.0618668
5.808	0.0620508
5.811	0.0622066
5.814	0.0623334
5.817	0.06243
5.82	0.0624959
5.823	0.0625305
5.826	0.0625333
5.829	0.0625042
5.832	0.062443
5.835	0.0623499
5.838	0.0622252
5.841	0.0620693
5.844	0.0618829
5.847	0.0616668
5.85	0.0614218
5.853	0.0611491
5.856	0.0608499
5.859	0.0605254
5.862	0.0601772
5.865	0.0598067
5.868	0.0594155
5.871	0.0590053
5.874	0.0585778
5.877	0.0581346
5.88	0.0576775
5.883	0.0572083
5.886	0.0567286
5.889	0.0562401
5.892	0.0557446
5.895	0.0552436
5.898	0.0547387
5.901	0.0542314
5.904	0.0537231
5.907	0.0532152
5.91	0.0527089
5.913	0.0522055
5.916	0.0517061
5.919	0.0512116
5.922	0.0507231
5.925	0.0502414
5.928	0.0497672
5.931	0.0493013
5.934	0.0488442
5.937	0.0483966
5.94	0.0479588
5.943	0.0475312
5.946	0.0471143
5.949	0.0467081
5.952	0.046313
5.955	0.0459291
5.958	0.0455565
5.961	0.0451952
5.964	0.0448452
5.967	0.0445065
5.97	0.0441791
5.973	0.0438628
5.976	0.0435575
5.979	0.043263
5.982	0.0429793
5.985	0.042706
5.988	0.042443
5.991	0.0422952
5.994	0.0422897
5.997	0.0422842
