 x  	 F(x)  
0	0.064243
0.003	0.065358
0.006	0.0667706
0.009	0.0682347
0.012	0.0697515
0.015	0.0713225
0.018	0.0729488
0.021	0.0746318
0.024	0.0763728
0.027	0.0781728
0.03	0.0800332
0.033	0.0819551
0.036	0.0839395
0.039	0.0859875
0.042	0.0881
0.045	0.090278
0.048	0.0925223
0.051	0.0948336
0.054	0.0972126
0.057	0.0996598
0.06	0.102176
0.063	0.10476
0.066	0.107414
0.069	0.110138
0.072	0.11293
0.075	0.115792
0.078	0.118722
0.081	0.12172
0.084	0.124785
0.087	0.127918
0.09	0.131115
0.093	0.134377
0.096	0.137703
0.099	0.141089
0.102	0.144536
0.105	0.14804
0.108	0.1516
0.111	0.155213
0.114	0.158878
0.117	0.162591
0.12	0.16635
0.123	0.170151
0.126	0.173992
0.129	0.177869
0.132	0.18178
0.135	0.18572
0.138	0.189686
0.141	0.193675
0.144	0.197682
0.147	0.201703
0.15	0.205736
0.153	0.209775
0.156	0.213817
0.159	0.217858
0.162	0.221895
0.165	0.225922
0.168	0.229936
0.171	0.233934
0.174	0.237912
0.177	0.241865
0.18	0.24579
0.183	0.249684
0.186	0.253544
0.189	0.257366
0.192	0.261147
0.195	0.264884
0.198	0.268575
0.201	0.272216
0.204	0.275805
0.207	0.279341
0.21	0.28282
0.213	0.286241
0.216	0.289603
0.219	0.292903
0.222	0.29614
0.225	0.299314
0.228	0.302422
0.231	0.305465
0.234	0.308441
0.237	0.31135
0.24	0.314191
0.243	0.316965
0.246	0.319671
0.249	0.322309
0.252	0.32488
0.255	0.327383
0.258	0.329819
0.261	0.332189
0.264	0.334493
0.267	0.336732
0.27	0.338907
0.273	0.341019
0.276	0.343068
0.279	0.345055
0.282	0.346982
0.285	0.34885
0.288	0.350659
0.291	0.352412
0.294	0.354109
0.297	0.355751
0.3	0.357341
0.303	0.358878
0.306	0.360364
0.309	0.361802
0.312	0.363191
0.315	0.364534
0.318	0.365831
0.321	0.367084
0.324	0.368294
0.327	0.369386
0.33	0.370438
0.333	0.371533
0.336	0.37267
0.339	0.373853
0.342	0.375082
0.345	0.376358
0.348	0.377684
0.351	0.37906
0.354	0.380489
0.357	0.381971
0.36	0.383509
0.363	0.385103
0.366	0.386755
0.369	0.388467
0.372	0.39024
0.375	0.392075
0.378	0.393973
0.381	0.395937
0.384	0.397967
0.387	0.400065
0.39	0.402231
0.393	0.404466
0.396	0.406772
0.399	0.409149
0.402	0.411599
0.405	0.41412
0.408	0.416715
0.411	0.419384
0.414	0.422126
0.417	0.424942
0.42	0.427831
0.423	0.430794
0.426	0.433829
0.429	0.436937
0.432	0.440115
0.435	0.443364
0.438	0.446682
0.441	0.450068
0.444	0.453519
0.447	0.457034
0.45	0.460611
0.453	0.464248
0.456	0.467941
0.459	0.471689
0.462	0.475488
0.465	0.479335
0.468	0.483226
0.471	0.487159
0.474	0.49113
0.477	0.495134
0.48	0.499168
0.483	0.503227
0.486	0.507308
0.489	0.511406
0.492	0.515517
0.495	0.519636
0.498	0.523759
0.501	0.527881
0.504	0.531998
0.507	0.536106
0.51	0.540199
0.513	0.544274
0.516	0.548327
0.519	0.552352
0.522	0.556346
0.525	0.560306
0.528	0.564227
0.531	0.568105
0.534	0.571937
0.537	0.575721
0.54	0.579452
0.543	0.583128
0.546	0.586746
0.549	0.590304
0.552	0.593799
0.555	0.597229
0.558	0.600593
0.561	0.603889
0.564	0.607115
0.567	0.61027
0.57	0.613354
0.573	0.616365
0.576	0.619302
0.579	0.622166
0.582	0.624956
0.585	0.627673
0.588	0.630315
0.591	0.632883
0.594	0.635378
0.597	0.637801
0.6	0.640151
0.603	0.64243
0.606	0.644638
0.609	0.646777
0.612	0.648847
0.615	0.65085
0.618	0.652787
0.621	0.654659
0.624	0.656467
0.627	0.658213
0.63	0.659898
0.633	0.661524
0.636	0.663091
0.639	0.664603
0.642	0.665695
0.645	0.666279
0.648	0.666896
0.651	0.667546
0.654	0.668231
0.657	0.668952
0.66	0.669711
0.663	0.67051
0.666	0.671348
0.669	0.672228
0.672	0.673152
0.675	0.67412
0.678	0.675135
0.681	0.676197
0.684	0.677307
0.687	0.678469
0.69	0.679681
0.693	0.680947
0.696	0.682267
0.699	0.683642
0.702	0.685074
0.705	0.686564
0.708	0.688112
0.711	0.689721
0.714	0.691389
0.717	0.693119
0.72	0.69491
0.723	0.696764
0.726	0.69868
0.729	0.700659
0.732	0.702701
0.735	0.704805
0.738	0.706971
0.741	0.709199
0.744	0.711488
0.747	0.713836
0.75	0.716243
0.753	0.718708
0.756	0.721228
0.759	0.723802
0.762	0.726427
0.765	0.729103
0.768	0.731825
0.771	0.734591
0.774	0.737399
0.777	0.740244
0.78	0.743125
0.783	0.746037
0.786	0.748977
0.789	0.751941
0.792	0.754926
0.795	0.757926
0.798	0.760939
0.801	0.763959
0.804	0.766984
0.807	0.770008
0.81	0.773028
0.813	0.776039
0.816	0.779038
0.819	0.782019
0.822	0.784981
0.825	0.787918
0.828	0.790826
0.831	0.793704
0.834	0.796546
0.837	0.79935
0.84	0.802113
0.843	0.804832
0.846	0.807505
0.849	0.810129
0.852	0.812701
0.855	0.815221
0.858	0.817686
0.861	0.820095
0.864	0.822447
0.867	0.824739
0.87	0.826973
0.873	0.829146
0.876	0.831259
0.879	0.833311
0.882	0.835302
0.885	0.837232
0.888	0.839101
0.891	0.84091
0.894	0.842659
0.897	0.844349
0.9	0.845981
0.903	0.847555
0.906	0.849072
0.909	0.850533
0.912	0.851939
0.915	0.853293
0.918	0.854593
0.921	0.855843
0.924	0.857043
0.927	0.858194
0.93	0.859298
0.933	0.860357
0.936	0.86137
0.939	0.862341
0.942	0.86327
0.945	0.864159
0.948	0.864887
0.951	0.865423
0.954	0.865986
0.957	0.866576
0.96	0.867195
0.963	0.867842
0.966	0.86852
0.969	0.869229
0.972	0.86997
0.975	0.870744
0.978	0.871552
0.981	0.872395
0.984	0.873273
0.987	0.874188
0.99	0.87514
0.993	0.87613
0.996	0.877158
0.999	0.878226
1.002	0.879334
1.005	0.880483
1.008	0.881672
1.011	0.882903
1.014	0.884175
1.017	0.885489
1.02	0.886845
1.023	0.888242
1.026	0.889682
1.029	0.891162
1.032	0.892684
1.035	0.894246
1.038	0.895848
1.041	0.897489
1.044	0.899168
1.047	0.900884
1.05	0.902636
1.053	0.904422
1.056	0.906241
1.059	0.908091
1.062	0.90997
1.065	0.911877
1.068	0.913809
1.071	0.915764
1.074	0.91774
1.077	0.919735
1.08	0.921745
1.083	0.923769
1.086	0.925803
1.089	0.927846
1.092	0.929894
1.095	0.931945
1.098	0.933995
1.101	0.936043
1.104	0.938085
1.107	0.940119
1.11	0.942141
1.113	0.944151
1.116	0.946144
1.119	0.948119
1.122	0.950073
1.125	0.952005
1.128	0.953911
1.131	0.95579
1.134	0.95764
1.137	0.95946
1.14	0.961247
1.143	0.963001
1.146	0.964719
1.149	0.966402
1.152	0.968048
1.155	0.969655
1.158	0.971224
1.161	0.972754
1.164	0.974243
1.167	0.975693
1.17	0.977103
1.173	0.978472
1.176	0.9798
1.179	0.981089
1.182	0.982337
1.185	0.983545
1.188	0.984715
1.191	0.985845
1.194	0.986937
1.197	0.98799
1.2	0.989007
1.203	0.989988
1.206	0.990932
1.209	0.991842
1.212	0.992717
1.215	0.993559
1.218	0.994369
1.221	0.995147
1.224	0.995894
1.227	0.996611
1.23	0.9973
1.233	0.99796
1.236	0.998593
1.239	0.9992
1.242	0.999782
1.245	1.00034
1.248	1.00087
1.251	1.00138
1.254	1.00187
1.257	1.00234
1.26	1.00253
1.263	1.00273
1.266	1.00294
1.269	1.00315
1.272	1.00338
1.275	1.00361
1.278	1.00385
1.281	1.0041
1.284	1.00436
1.287	1.00463
1.29	1.00491
1.293	1.0052
1.296	1.0055
1.299	1.00581
1.302	1.00614
1.305	1.00647
1.308	1.00682
1.311	1.00718
1.314	1.00755
1.317	1.00793
1.32	1.00833
1.323	1.00874
1.326	1.00916
1.329	1.0096
1.332	1.01005
1.335	1.01051
1.338	1.01098
1.341	1.01147
1.344	1.01198
1.347	1.01249
1.35	1.01303
1.353	1.01357
1.356	1.01413
1.359	1.0147
1.362	1.01528
1.365	1.01588
1.368	1.01649
1.371	1.01711
1.374	1.01774
1.377	1.01839
1.38	1.01904
1.383	1.01971
1.386	1.02038
1.389	1.02106
1.392	1.02176
1.395	1.02246
1.398	1.02316
1.401	1.02388
1.404	1.0246
1.407	1.02532
1.41	1.02605
1.413	1.02678
1.416	1.02751
1.419	1.02824
1.422	1.02898
1.425	1.02971
1.428	1.03044
1.431	1.03117
1.434	1.0319
1.437	1.03262
1.44	1.03333
1.443	1.03404
1.446	1.03475
1.449	1.03545
1.452	1.03614
1.455	1.03682
1.458	1.03749
1.461	1.03815
1.464	1.0388
1.467	1.03944
1.47	1.04007
1.473	1.04068
1.476	1.04129
1.479	1.04188
1.482	1.04246
1.485	1.04302
1.488	1.04357
1.491	1.04411
1.494	1.04464
1.497	1.04515
1.5	1.04565
1.503	1.04613
1.506	1.0466
1.509	1.04705
1.512	1.0475
1.515	1.04792
1.518	1.04834
1.521	1.04874
1.524	1.04913
1.527	1.04951
1.53	1.04987
1.533	1.05022
1.536	1.05056
1.539	1.05089
1.542	1.0512
1.545	1.0515
1.548	1.0518
1.551	1.05208
1.554	1.05235
1.557	1.05261
1.56	1.05286
1.563	1.05311
1.566	1.05334
1.569	1.05356
1.572	1.05378
1.575	1.05399
1.578	1.05418
1.581	1.05401
1.584	1.05379
1.587	1.05356
1.59	1.05333
1.593	1.05308
1.596	1.05283
1.599	1.05256
1.602	1.05229
1.605	1.052
1.608	1.05171
1.611	1.0514
1.614	1.05108
1.617	1.05076
1.62	1.05042
1.623	1.05007
1.626	1.0497
1.629	1.04933
1.632	1.04895
1.635	1.04855
1.638	1.04814
1.641	1.04772
1.644	1.04728
1.647	1.04684
1.65	1.04638
1.653	1.04591
1.656	1.04542
1.659	1.04493
1.662	1.04442
1.665	1.0439
1.668	1.04337
1.671	1.04283
1.674	1.04228
1.677	1.04172
1.68	1.04115
1.683	1.04056
1.686	1.03997
1.689	1.03937
1.692	1.03877
1.695	1.03815
1.698	1.03753
1.701	1.0369
1.704	1.03626
1.707	1.03562
1.71	1.03498
1.713	1.03433
1.716	1.03368
1.719	1.03302
1.722	1.03237
1.725	1.03171
1.728	1.03106
1.731	1.0304
1.734	1.02975
1.737	1.0291
1.74	1.02846
1.743	1.02782
1.746	1.02718
1.749	1.02655
1.752	1.02592
1.755	1.0253
1.758	1.02469
1.761	1.02409
1.764	1.0235
1.767	1.02291
1.77	1.02234
1.773	1.02178
1.776	1.02122
1.779	1.02068
1.782	1.02015
1.785	1.01963
1.788	1.01912
1.791	1.01863
1.794	1.01814
1.797	1.01767
1.8	1.01722
1.803	1.01677
1.806	1.01634
1.809	1.01592
1.812	1.01551
1.815	1.01512
1.818	1.01474
1.821	1.01437
1.824	1.01401
1.827	1.01367
1.83	1.01333
1.833	1.01301
1.836	1.0127
1.839	1.01241
1.842	1.01212
1.845	1.01184
1.848	1.01158
1.851	1.01133
1.854	1.01108
1.857	1.01085
1.86	1.01062
1.863	1.01041
1.866	1.0102
1.869	1.01001
1.872	1.00982
1.875	1.00964
1.878	1.00947
1.881	1.0093
1.884	1.00915
1.887	1.009
1.89	1.00886
1.893	1.00872
1.896	1.0083
1.899	1.00761
1.902	1.00689
1.905	1.00614
1.908	1.00536
1.911	1.00456
1.914	1.00373
1.917	1.00287
1.92	1.00197
1.923	1.00105
1.926	1.00009
1.929	0.999108
1.932	0.998087
1.935	0.997034
1.938	0.995946
1.941	0.994825
1.944	0.993668
1.947	0.992475
1.95	0.991247
1.953	0.989984
1.956	0.988683
1.959	0.987347
1.962	0.985973
1.965	0.984563
1.968	0.983117
1.971	0.981634
1.974	0.980115
1.977	0.978559
1.98	0.976968
1.983	0.975342
1.986	0.973681
1.989	0.971986
1.992	0.970257
1.995	0.968496
1.998	0.966704
2.001	0.964881
2.004	0.963029
2.007	0.961149
2.01	0.959242
2.013	0.957309
2.016	0.955353
2.019	0.953375
2.022	0.951376
2.025	0.949358
2.028	0.947324
2.031	0.945274
2.034	0.943212
2.037	0.941138
2.04	0.939056
2.043	0.936967
2.046	0.934873
2.049	0.932776
2.052	0.930679
2.055	0.928583
2.058	0.926492
2.061	0.924406
2.064	0.922329
2.067	0.920262
2.07	0.918206
2.073	0.916165
2.076	0.91414
2.079	0.912133
2.082	0.910146
2.085	0.90818
2.088	0.906237
2.091	0.904319
2.094	0.902426
2.097	0.900561
2.1	0.898725
2.103	0.896918
2.106	0.895142
2.109	0.893398
2.112	0.891686
2.115	0.890008
2.118	0.888364
2.121	0.886755
2.124	0.885181
2.127	0.883642
2.13	0.882139
2.133	0.880672
2.136	0.879242
2.139	0.877847
2.142	0.876489
2.145	0.875166
2.148	0.873879
2.151	0.872628
2.154	0.871413
2.157	0.870232
2.16	0.869086
2.163	0.867974
2.166	0.866896
2.169	0.865851
2.172	0.864838
2.175	0.863858
2.178	0.862908
2.181	0.86199
2.184	0.861102
2.187	0.860243
2.19	0.859413
2.193	0.858611
2.196	0.857836
2.199	0.857088
2.202	0.856365
2.205	0.855668
2.208	0.854996
2.211	0.854347
2.214	0.853722
2.217	0.85294
2.22	0.851998
2.223	0.851021
2.226	0.850007
2.229	0.848955
2.232	0.847865
2.235	0.846734
2.238	0.845563
2.241	0.84435
2.244	0.843094
2.247	0.841795
2.25	0.84045
2.253	0.839059
2.256	0.837622
2.259	0.836137
2.262	0.834603
2.265	0.83302
2.268	0.831386
2.271	0.829702
2.274	0.827967
2.277	0.826179
2.28	0.824339
2.283	0.822445
2.286	0.820499
2.289	0.818499
2.292	0.816445
2.295	0.814338
2.298	0.812177
2.301	0.809963
2.304	0.807695
2.307	0.805376
2.31	0.803004
2.313	0.800582
2.316	0.798109
2.319	0.795587
2.322	0.793017
2.325	0.7904
2.328	0.787739
2.331	0.785034
2.334	0.782287
2.337	0.7795
2.34	0.776676
2.343	0.773817
2.346	0.770924
2.349	0.768001
2.352	0.76505
2.355	0.762073
2.358	0.759075
2.361	0.756056
2.364	0.753022
2.367	0.749974
2.37	0.746915
2.373	0.74385
2.376	0.740781
2.379	0.737711
2.382	0.734643
2.385	0.731582
2.388	0.72853
2.391	0.72549
2.394	0.722465
2.397	0.719459
2.4	0.716475
2.403	0.713515
2.406	0.710582
2.409	0.707679
2.412	0.704809
2.415	0.701974
2.418	0.699176
2.421	0.696418
2.424	0.693702
2.427	0.691029
2.43	0.688403
2.433	0.685823
2.436	0.683292
2.439	0.680811
2.442	0.678381
2.445	0.676003
2.448	0.673679
2.451	0.671408
2.454	0.669191
2.457	0.66703
2.46	0.664924
2.463	0.662873
2.466	0.660878
2.469	0.658938
2.472	0.657053
2.475	0.655223
2.478	0.653448
2.481	0.651727
2.484	0.65006
2.487	0.648446
2.49	0.646884
2.493	0.645374
2.496	0.643915
2.499	0.642505
2.502	0.641145
2.505	0.639832
2.508	0.638567
2.511	0.637348
2.514	0.636173
2.517	0.635043
2.52	0.633956
2.523	0.63291
2.526	0.631905
2.529	0.630939
2.532	0.629744
2.535	0.6284
2.538	0.627004
2.541	0.625556
2.544	0.624054
2.547	0.622496
2.55	0.620882
2.553	0.61921
2.556	0.617478
2.559	0.615687
2.562	0.613834
2.565	0.611919
2.568	0.60994
2.571	0.607897
2.574	0.605788
2.577	0.603614
2.58	0.601373
2.583	0.599064
2.586	0.596688
2.589	0.594244
2.592	0.591731
2.595	0.58915
2.598	0.586501
2.601	0.583783
2.604	0.580998
2.607	0.578145
2.61	0.575226
2.613	0.572241
2.616	0.569191
2.619	0.566077
2.622	0.562901
2.625	0.559664
2.628	0.556369
2.631	0.553016
2.634	0.549608
2.637	0.546148
2.64	0.542638
2.643	0.53908
2.646	0.535478
2.649	0.531833
2.652	0.528151
2.655	0.524433
2.658	0.520683
2.661	0.516904
2.664	0.513101
2.667	0.509277
2.67	0.505435
2.673	0.501581
2.676	0.497716
2.679	0.493846
2.682	0.489975
2.685	0.486106
2.688	0.482244
2.691	0.478391
2.694	0.474553
2.697	0.470733
2.7	0.466935
2.703	0.463162
2.706	0.459418
2.709	0.455706
2.712	0.45203
2.715	0.448392
2.718	0.444796
2.721	0.441245
2.724	0.437741
2.727	0.434287
2.73	0.430885
2.733	0.427537
2.736	0.424245
2.739	0.421012
2.742	0.417838
2.745	0.414725
2.748	0.411674
2.751	0.408686
2.754	0.405763
2.757	0.402904
2.76	0.400112
2.763	0.397384
2.766	0.394724
2.769	0.392129
2.772	0.3896
2.775	0.387138
2.778	0.384741
2.781	0.38241
2.784	0.380143
2.787	0.377941
2.79	0.375802
2.793	0.373725
2.796	0.371711
2.799	0.369758
2.802	0.367864
2.805	0.366029
2.808	0.364252
2.811	0.362531
2.814	0.360866
2.817	0.359255
2.82	0.357697
2.823	0.35619
2.826	0.354734
2.829	0.353327
2.832	0.351968
2.835	0.350655
2.838	0.349387
2.841	0.348163
2.844	0.346982
2.847	0.345811
2.85	0.344594
2.853	0.343331
2.856	0.342021
2.859	0.340662
2.862	0.339252
2.865	0.337791
2.868	0.336276
2.871	0.334706
2.874	0.33308
2.877	0.331395
2.88	0.329651
2.883	0.327847
2.886	0.32598
2.889	0.324049
2.892	0.322052
2.895	0.31999
2.898	0.317859
2.901	0.31566
2.904	0.31339
2.907	0.311049
2.91	0.308636
2.913	0.306149
2.916	0.303588
2.919	0.300953
2.922	0.298242
2.925	0.295456
2.928	0.292593
2.931	0.289655
2.934	0.28664
2.937	0.283548
2.94	0.280381
2.943	0.277139
2.946	0.273822
2.949	0.270432
2.952	0.266968
2.955	0.263434
2.958	0.259829
2.961	0.256157
2.964	0.252418
2.967	0.248615
2.97	0.244751
2.973	0.240827
2.976	0.236847
2.979	0.232813
2.982	0.22873
2.985	0.224599
2.988	0.220426
2.991	0.216212
2.994	0.211963
2.997	0.207682
3	0.203374
3.003	0.199043
3.006	0.194693
3.009	0.190328
3.012	0.185954
3.015	0.181574
3.018	0.177193
3.021	0.172817
3.024	0.168449
3.027	0.164094
3.03	0.159756
3.033	0.155441
3.036	0.151152
3.039	0.146894
3.042	0.14267
3.045	0.138485
3.048	0.134343
3.051	0.130247
3.054	0.126201
3.057	0.122209
3.06	0.118272
3.063	0.114395
3.066	0.110579
3.069	0.106828
3.072	0.103144
3.075	0.0995282
3.078	0.0959834
3.081	0.092511
3.084	0.0891123
3.087	0.0857886
3.09	0.082541
3.093	0.0793702
3.096	0.0762768
3.099	0.0732613
3.102	0.0703239
3.105	0.0674648
3.108	0.0646837
3.111	0.0619806
3.114	0.059355
3.117	0.0568063
3.12	0.054334
3.123	0.0519372
3.126	0.0496151
3.129	0.0473667
3.132	0.0451909
3.135	0.0430866
3.138	0.0410525
3.141	0.0390873
3.144	0.0371897
3.147	0.0353584
3.15	0.0335918
3.153	0.0318884
3.156	0.0302469
3.159	0.0286656
3.162	0.027143
3.165	0.0256847
3.168	0.024339
3.171	0.0229364
3.174	0.0214752
3.177	0.0199537
3.18	0.0183705
3.183	0.0167237
3.186	0.0150117
3.189	0.0132331
3.192	0.0113862
3.195	0.0094696
3.198	0.00748178
3.201	0.00542139
3.204	0.00328711
3.207	0.00107771
3.21	-0.00120795
3.213	-0.00357091
3.216	-0.0060121
3.219	-0.00853233
3.222	-0.0111323
3.225	-0.0138125
3.228	-0.0165733
3.231	-0.019415
3.234	-0.0223375
3.237	-0.0253408
3.24	-0.0284245
3.243	-0.0315881
3.246	-0.0348308
3.249	-0.0381517
3.252	-0.0415495
3.255	-0.0450229
3.258	-0.0485702
3.261	-0.0521895
3.264	-0.0558788
3.267	-0.0596355
3.27	-0.0634572
3.273	-0.0673409
3.276	-0.0712837
3.279	-0.0752823
3.282	-0.0793331
3.285	-0.0834324
3.288	-0.0875763
3.291	-0.0917609
3.294	-0.0959817
3.297	-0.100234
3.3	-0.104515
3.303	-0.108818
3.306	-0.113138
3.309	-0.117473
3.312	-0.121815
3.315	-0.126161
3.318	-0.130506
3.321	-0.134844
3.324	-0.139171
3.327	-0.143481
3.33	-0.147772
3.333	-0.152036
3.336	-0.156271
3.339	-0.160472
3.342	-0.164634
3.345	-0.168754
3.348	-0.172827
3.351	-0.17685
3.354	-0.180819
3.357	-0.184732
3.36	-0.188584
3.363	-0.192374
3.366	-0.196099
3.369	-0.199755
3.372	-0.203342
3.375	-0.206858
3.378	-0.210299
3.381	-0.213666
3.384	-0.216957
3.387	-0.220171
3.39	-0.223307
3.393	-0.226365
3.396	-0.229345
3.399	-0.232245
3.402	-0.235067
3.405	-0.237809
3.408	-0.240474
3.411	-0.243061
3.414	-0.24557
3.417	-0.248004
3.42	-0.250361
3.423	-0.252644
3.426	-0.254854
3.429	-0.256991
3.432	-0.259057
3.435	-0.261054
3.438	-0.262982
3.441	-0.264843
3.444	-0.266639
3.447	-0.268371
3.45	-0.270041
3.453	-0.27165
3.456	-0.273199
3.459	-0.274692
3.462	-0.276128
3.465	-0.277509
3.468	-0.278815
3.471	-0.279962
3.474	-0.281151
3.477	-0.282387
3.48	-0.283668
3.483	-0.284998
3.486	-0.286376
3.489	-0.287805
3.492	-0.289286
3.495	-0.29082
3.498	-0.292407
3.501	-0.294051
3.504	-0.29575
3.507	-0.297508
3.51	-0.299324
3.513	-0.3012
3.516	-0.303137
3.519	-0.305135
3.522	-0.307196
3.525	-0.309319
3.528	-0.311507
3.531	-0.313759
3.534	-0.316075
3.537	-0.318457
3.54	-0.320904
3.543	-0.323416
3.546	-0.325993
3.549	-0.328635
3.552	-0.331341
3.555	-0.334111
3.558	-0.336945
3.561	-0.339841
3.564	-0.342797
3.567	-0.345814
3.57	-0.348889
3.573	-0.352021
3.576	-0.355208
3.579	-0.358448
3.582	-0.361739
3.585	-0.365078
3.588	-0.368464
3.591	-0.371892
3.594	-0.375361
3.597	-0.378867
3.6	-0.382407
3.603	-0.385978
3.606	-0.389576
3.609	-0.393198
3.612	-0.396841
3.615	-0.4005
3.618	-0.404171
3.621	-0.407852
3.624	-0.411537
3.627	-0.415223
3.63	-0.418907
3.633	-0.422583
3.636	-0.426249
3.639	-0.4299
3.642	-0.433533
3.645	-0.437145
3.648	-0.44073
3.651	-0.444287
3.654	-0.447811
3.657	-0.451299
3.66	-0.454749
3.663	-0.458157
3.666	-0.46152
3.669	-0.464836
3.672	-0.468103
3.675	-0.471317
3.678	-0.474478
3.681	-0.477583
3.684	-0.48063
3.687	-0.483618
3.69	-0.486546
3.693	-0.489411
3.696	-0.492215
3.699	-0.494954
3.702	-0.49763
3.705	-0.500241
3.708	-0.502786
3.711	-0.505267
3.714	-0.507683
3.717	-0.510033
3.72	-0.512319
3.723	-0.51454
3.726	-0.516697
3.729	-0.51879
3.732	-0.520821
3.735	-0.52279
3.738	-0.524698
3.741	-0.526545
3.744	-0.528333
3.747	-0.530063
3.75	-0.531736
3.753	-0.533353
3.756	-0.534915
3.759	-0.536423
3.762	-0.537879
3.765	-0.539284
3.768	-0.540639
3.771	-0.541946
3.774	-0.543206
3.777	-0.544419
3.78	-0.545588
3.783	-0.546608
3.786	-0.547446
3.789	-0.548319
3.792	-0.549226
3.795	-0.550171
3.798	-0.551153
3.801	-0.552174
3.804	-0.553236
3.807	-0.554338
3.81	-0.555484
3.813	-0.556672
3.816	-0.557906
3.819	-0.559185
3.822	-0.560512
3.825	-0.561886
3.828	-0.56331
3.831	-0.564783
3.834	-0.566308
3.837	-0.567885
3.84	-0.569515
3.843	-0.571198
3.846	-0.572936
3.849	-0.574729
3.852	-0.576577
3.855	-0.578481
3.858	-0.580442
3.861	-0.58246
3.864	-0.584534
3.867	-0.586665
3.87	-0.588853
3.873	-0.591097
3.876	-0.593397
3.879	-0.595753
3.882	-0.598164
3.885	-0.600628
3.888	-0.603146
3.891	-0.605715
3.894	-0.608335
3.897	-0.611004
3.9	-0.613719
3.903	-0.616481
3.906	-0.619285
3.909	-0.622131
3.912	-0.625016
3.915	-0.627936
3.918	-0.630891
3.921	-0.633876
3.924	-0.63689
3.927	-0.639928
3.93	-0.642989
3.933	-0.646068
3.936	-0.649162
3.939	-0.652268
3.942	-0.655383
3.945	-0.658502
3.948	-0.661624
3.951	-0.664743
3.954	-0.667857
3.957	-0.670962
3.96	-0.674055
3.963	-0.677132
3.966	-0.68019
3.969	-0.683226
3.972	-0.686236
3.975	-0.689219
3.978	-0.69217
3.981	-0.695087
3.984	-0.697968
3.987	-0.700809
3.99	-0.70361
3.993	-0.706366
3.996	-0.709077
3.999	-0.711741
4.002	-0.714356
4.005	-0.71692
4.008	-0.719432
4.011	-0.721892
4.014	-0.724297
4.017	-0.726647
4.02	-0.728942
4.023	-0.731181
4.026	-0.733363
4.029	-0.735488
4.032	-0.737557
4.035	-0.739569
4.038	-0.741525
4.041	-0.743424
4.044	-0.745267
4.047	-0.747054
4.05	-0.748787
4.053	-0.750466
4.056	-0.752091
4.059	-0.753663
4.062	-0.755183
4.065	-0.756652
4.068	-0.758072
4.071	-0.759442
4.074	-0.760765
4.077	-0.76204
4.08	-0.76327
4.083	-0.764456
4.086	-0.765597
4.089	-0.766697
4.092	-0.767755
4.095	-0.768774
4.098	-0.769753
4.101	-0.770599
4.104	-0.771124
4.107	-0.771673
4.11	-0.772247
4.113	-0.772845
4.116	-0.77347
4.119	-0.774122
4.122	-0.774802
4.125	-0.77551
4.128	-0.776248
4.131	-0.777016
4.134	-0.777816
4.137	-0.778648
4.14	-0.779512
4.143	-0.780411
4.146	-0.781344
4.149	-0.782312
4.152	-0.783316
4.155	-0.784357
4.158	-0.785435
4.161	-0.786551
4.164	-0.787706
4.167	-0.788899
4.17	-0.790132
4.173	-0.791404
4.176	-0.792717
4.179	-0.79407
4.182	-0.795463
4.185	-0.796896
4.188	-0.79837
4.191	-0.799884
4.194	-0.801437
4.197	-0.80303
4.2	-0.804662
4.203	-0.806332
4.206	-0.808039
4.209	-0.809783
4.212	-0.811562
4.215	-0.813376
4.218	-0.815222
4.221	-0.817101
4.224	-0.819009
4.227	-0.820946
4.23	-0.82291
4.233	-0.824899
4.236	-0.82691
4.239	-0.828942
4.242	-0.830993
4.245	-0.83306
4.248	-0.835142
4.251	-0.837234
4.254	-0.839336
4.257	-0.841445
4.26	-0.843558
4.263	-0.845672
4.266	-0.847786
4.269	-0.849896
4.272	-0.852
4.275	-0.854095
4.278	-0.85618
4.281	-0.858251
4.284	-0.860306
4.287	-0.862344
4.29	-0.864361
4.293	-0.866356
4.296	-0.868327
4.299	-0.870272
4.302	-0.872189
4.305	-0.874076
4.308	-0.875933
4.311	-0.877757
4.314	-0.879547
4.317	-0.881302
4.32	-0.883022
4.323	-0.884704
4.326	-0.886349
4.329	-0.887956
4.332	-0.889524
4.335	-0.891053
4.338	-0.892542
4.341	-0.893992
4.344	-0.895401
4.347	-0.896771
4.35	-0.898102
4.353	-0.899392
4.356	-0.900644
4.359	-0.901856
4.362	-0.90303
4.365	-0.904166
4.368	-0.905265
4.371	-0.906327
4.374	-0.907352
4.377	-0.908341
4.38	-0.909296
4.383	-0.910217
4.386	-0.911104
4.389	-0.911958
4.392	-0.912781
4.395	-0.913573
4.398	-0.914334
4.401	-0.915066
4.404	-0.91577
4.407	-0.916446
4.41	-0.917095
4.413	-0.917718
4.416	-0.918286
4.419	-0.918403
4.422	-0.918525
4.425	-0.918653
4.428	-0.918787
4.431	-0.918927
4.434	-0.919074
4.437	-0.919227
4.44	-0.919387
4.443	-0.919554
4.446	-0.919728
4.449	-0.91991
4.452	-0.920099
4.455	-0.920296
4.458	-0.920502
4.461	-0.920715
4.464	-0.920937
4.467	-0.921168
4.47	-0.921407
4.473	-0.921656
4.476	-0.921913
4.479	-0.92218
4.482	-0.922457
4.485	-0.922743
4.488	-0.923038
4.491	-0.923344
4.494	-0.923659
4.497	-0.923984
4.5	-0.924318
4.503	-0.924663
4.506	-0.925017
4.509	-0.925381
4.512	-0.925755
4.515	-0.926138
4.518	-0.926531
4.521	-0.926933
4.524	-0.927344
4.527	-0.927764
4.53	-0.928192
4.533	-0.928628
4.536	-0.929073
4.539	-0.929525
4.542	-0.929984
4.545	-0.930449
4.548	-0.930921
4.551	-0.931399
4.554	-0.931882
4.557	-0.93237
4.56	-0.932862
4.563	-0.933357
4.566	-0.933856
4.569	-0.934357
4.572	-0.93486
4.575	-0.935364
4.578	-0.935868
4.581	-0.936373
4.584	-0.936877
4.587	-0.937379
4.59	-0.93788
4.593	-0.938378
4.596	-0.938873
4.599	-0.939364
4.602	-0.939852
4.605	-0.940334
4.608	-0.940811
4.611	-0.941282
4.614	-0.941748
4.617	-0.942206
4.62	-0.942657
4.623	-0.943101
4.626	-0.943537
4.629	-0.943965
4.632	-0.944385
4.635	-0.944796
4.638	-0.945198
4.641	-0.945591
4.644	-0.945975
4.647	-0.94635
4.65	-0.946715
4.653	-0.947071
4.656	-0.947417
4.659	-0.947753
4.662	-0.94808
4.665	-0.948398
4.668	-0.948706
4.671	-0.949004
4.674	-0.949293
4.677	-0.949573
4.68	-0.949844
4.683	-0.950106
4.686	-0.950359
4.689	-0.950603
4.692	-0.950839
4.695	-0.951066
4.698	-0.951285
4.701	-0.951497
4.704	-0.9517
4.707	-0.951896
4.71	-0.952084
4.713	-0.952266
4.716	-0.95244
4.719	-0.952608
4.722	-0.952769
4.725	-0.952923
4.728	-0.953072
4.731	-0.953214
4.734	-0.953351
4.737	-0.953321
4.74	-0.953115
4.743	-0.9529
4.746	-0.952677
4.749	-0.952444
4.752	-0.952202
4.755	-0.95195
4.758	-0.951688
4.761	-0.951415
4.764	-0.951132
4.767	-0.950837
4.77	-0.950532
4.773	-0.950215
4.776	-0.949886
4.779	-0.949545
4.782	-0.949192
4.785	-0.948826
4.788	-0.948447
4.791	-0.948056
4.794	-0.947651
4.797	-0.947234
4.8	-0.946802
4.803	-0.946358
4.806	-0.945899
4.809	-0.945428
4.812	-0.944942
4.815	-0.944443
4.818	-0.94393
4.821	-0.943404
4.824	-0.942864
4.827	-0.942312
4.83	-0.941746
4.833	-0.941167
4.836	-0.940576
4.839	-0.939974
4.842	-0.939359
4.845	-0.938733
4.848	-0.938096
4.851	-0.937449
4.854	-0.936793
4.857	-0.936127
4.86	-0.935453
4.863	-0.934771
4.866	-0.934083
4.869	-0.933387
4.872	-0.932687
4.875	-0.931982
4.878	-0.931273
4.881	-0.930561
4.884	-0.929847
4.887	-0.929132
4.89	-0.928417
4.893	-0.927703
4.896	-0.92699
4.899	-0.926279
4.902	-0.925572
4.905	-0.924869
4.908	-0.924171
4.911	-0.923479
4.914	-0.922794
4.917	-0.922116
4.92	-0.921446
4.923	-0.920786
4.926	-0.920134
4.929	-0.919494
4.932	-0.918863
4.935	-0.918245
4.938	-0.917638
4.941	-0.917043
4.944	-0.916461
4.947	-0.915892
4.95	-0.915337
4.953	-0.914795
4.956	-0.914267
4.959	-0.913752
4.962	-0.913252
4.965	-0.912767
4.968	-0.912295
4.971	-0.911838
4.974	-0.911395
4.977	-0.910966
4.98	-0.910551
4.983	-0.910151
4.986	-0.909764
4.989	-0.909391
4.992	-0.909032
4.995	-0.908685
4.998	-0.908352
5.001	-0.908032
5.004	-0.907725
5.007	-0.907429
5.01	-0.907146
5.013	-0.906874
5.016	-0.906614
5.019	-0.906365
5.022	-0.906127
5.025	-0.9059
5.028	-0.905682
5.031	-0.905475
5.034	-0.905277
5.037	-0.905089
5.04	-0.904909
5.043	-0.904738
5.046	-0.904549
5.049	-0.903864
5.052	-0.903152
5.055	-0.90241
5.058	-0.901639
5.061	-0.900836
5.064	-0.900001
5.067	-0.899133
5.07	-0.898232
5.073	-0.897296
5.076	-0.896324
5.079	-0.895316
5.082	-0.894271
5.085	-0.893188
5.088	-0.892065
5.091	-0.890903
5.094	-0.889701
5.097	-0.888457
5.1	-0.887172
5.103	-0.885844
5.106	-0.884474
5.109	-0.88306
5.112	-0.881603
5.115	-0.880102
5.118	-0.878556
5.121	-0.876967
5.124	-0.875333
5.127	-0.873655
5.13	-0.871934
5.133	-0.870168
5.136	-0.86836
5.139	-0.866509
5.142	-0.864616
5.145	-0.862682
5.148	-0.860707
5.151	-0.858694
5.154	-0.856643
5.157	-0.854555
5.16	-0.852433
5.163	-0.850277
5.166	-0.848089
5.169	-0.845871
5.172	-0.843626
5.175	-0.841355
5.178	-0.839061
5.181	-0.836745
5.184	-0.834411
5.187	-0.83206
5.19	-0.829695
5.193	-0.827319
5.196	-0.824935
5.199	-0.822545
5.202	-0.820152
5.205	-0.817758
5.208	-0.815366
5.211	-0.81298
5.214	-0.810601
5.217	-0.808233
5.22	-0.805877
5.223	-0.803537
5.226	-0.801215
5.229	-0.798913
5.232	-0.796633
5.235	-0.794379
5.238	-0.792151
5.241	-0.789952
5.244	-0.787783
5.247	-0.785647
5.25	-0.783545
5.253	-0.781478
5.256	-0.779448
5.259	-0.777456
5.262	-0.775503
5.265	-0.77359
5.268	-0.771718
5.271	-0.769887
5.274	-0.768098
5.277	-0.766352
5.28	-0.764648
5.283	-0.762988
5.286	-0.76137
5.289	-0.759795
5.292	-0.758263
5.295	-0.756774
5.298	-0.755328
5.301	-0.753923
5.304	-0.75256
5.307	-0.751238
5.31	-0.749957
5.313	-0.748716
5.316	-0.747514
5.319	-0.746351
5.322	-0.745226
5.325	-0.744137
5.328	-0.743085
5.331	-0.742069
5.334	-0.741087
5.337	-0.740138
5.34	-0.739223
5.343	-0.738339
5.346	-0.737487
5.349	-0.736664
5.352	-0.735871
5.355	-0.735106
5.358	-0.734369
5.361	-0.733658
5.364	-0.732973
5.367	-0.732313
5.37	-0.731654
5.373	-0.730944
5.376	-0.730204
5.379	-0.729431
5.382	-0.728626
5.385	-0.727785
5.388	-0.726909
5.391	-0.725995
5.394	-0.725043
5.397	-0.724052
5.4	-0.723019
5.403	-0.721943
5.406	-0.720824
5.409	-0.71966
5.412	-0.718449
5.415	-0.71719
5.418	-0.715882
5.421	-0.714524
5.424	-0.713114
5.427	-0.711651
5.43	-0.710134
5.433	-0.708562
5.436	-0.706934
5.439	-0.705248
5.442	-0.703504
5.445	-0.701701
5.448	-0.699839
5.451	-0.697916
5.454	-0.695932
5.457	-0.693887
5.46	-0.691781
5.463	-0.689613
5.466	-0.687384
5.469	-0.685093
5.472	-0.682742
5.475	-0.68033
5.478	-0.677859
5.481	-0.67533
5.484	-0.672743
5.487	-0.670101
5.49	-0.667404
5.493	-0.664655
5.496	-0.661856
5.499	-0.659008
5.502	-0.656115
5.505	-0.653178
5.508	-0.650202
5.511	-0.647188
5.514	-0.64414
5.517	-0.641061
5.52	-0.637956
5.523	-0.634827
5.526	-0.631678
5.529	-0.628513
5.532	-0.625337
5.535	-0.622152
5.538	-0.618964
5.541	-0.615777
5.544	-0.612594
5.547	-0.609419
5.55	-0.606257
5.553	-0.603112
5.556	-0.599987
5.559	-0.596887
5.562	-0.593815
5.565	-0.590774
5.568	-0.587768
5.571	-0.584801
5.574	-0.581875
5.577	-0.578993
5.58	-0.576159
5.583	-0.573374
5.586	-0.57064
5.589	-0.567961
5.592	-0.565337
5.595	-0.562771
5.598	-0.560264
5.601	-0.557816
5.604	-0.55543
5.607	-0.553106
5.61	-0.550844
5.613	-0.548646
5.616	-0.54651
5.619	-0.544438
5.622	-0.54243
5.625	-0.540484
5.628	-0.538601
5.631	-0.536781
5.634	-0.535021
5.637	-0.533323
5.64	-0.531685
5.643	-0.530105
5.646	-0.528584
5.649	-0.52712
5.652	-0.525711
5.655	-0.524357
5.658	-0.523056
5.661	-0.521807
5.664	-0.520609
5.667	-0.51946
5.67	-0.518359
5.673	-0.517304
5.676	-0.516295
5.679	-0.515391
5.682	-0.514474
5.685	-0.51351
5.688	-0.512497
5.691	-0.511434
5.694	-0.510319
5.697	-0.509149
5.7	-0.507924
5.703	-0.506641
5.706	-0.505299
5.709	-0.503895
5.712	-0.502428
5.715	-0.500896
5.718	-0.499297
5.721	-0.497629
5.724	-0.495892
5.727	-0.494083
5.73	-0.492201
5.733	-0.490244
5.736	-0.488212
5.739	-0.486102
5.742	-0.483914
5.745	-0.481648
5.748	-0.479302
5.751	-0.476875
5.754	-0.474368
5.757	-0.47178
5.76	-0.469112
5.763	-0.466363
5.766	-0.463535
5.769	-0.460627
5.772	-0.457642
5.775	-0.45458
5.778	-0.451443
5.781	-0.448233
5.784	-0.444952
5.787	-0.441602
5.79	-0.438187
5.793	-0.43471
5.796	-0.431173
5.799	-0.427581
5.802	-0.423937
5.805	-0.420246
5.808	-0.416511
5.811	-0.412737
5.814	-0.40893
5.817	-0.405094
5.82	-0.401234
5.823	-0.397355
5.826	-0.393463
5.829	-0.389562
5.832	-0.385659
5.835	-0.381759
5.838	-0.377867
5.841	-0.373989
5.844	-0.370129
5.847	-0.366293
5.85	-0.362486
5.853	-0.358712
5.856	-0.354977
5.859	-0.351285
5.862	-0.34764
5.865	-0.344045
5.868	-0.340506
5.871	-0.337025
5.874	-0.333605
5.877	-0.330249
5.88	-0.32696
5.883	-0.323741
5.886	-0.320593
5.889	-0.317519
5.892	-0.314518
5.895	-0.311594
5.898	-0.308747
5.901	-0.305977
5.904	-0.303286
5.907	-0.300672
5.91	-0.298137
5.913	-0.29568
5.916	-0.2933
5.919	-0.290998
5.922	-0.288772
5.925	-0.286622
5.928	-0.284546
5.931	-0.282543
5.934	-0.280613
5.937	-0.278753
5.94	-0.276962
5.943	-0.275239
5.946	-0.273583
5.949	-0.27199
5.952	-0.270461
5.955	-0.268993
5.958	-0.267584
5.961	-0.266232
5.964	-0.264937
5.967	-0.263695
5.97	-0.262506
5.973	-0.261367
5.976	-0.260278
5.979	-0.259235
5.982	-0.258238
5.985	-0.257285
5.988	-0.256373
5.991	-0.255899
5.994	-0.255867
5.997	-0.255835
