 x  	 F(x)  
0	0.064416
0.003	0.0655046
0.006	0.0669077
0.009	0.0683622
0.012	0.0698695
0.015	0.0714308
0.018	0.0730476
0.021	0.0747211
0.024	0.0764526
0.027	0.0782432
0.03	0.0800943
0.033	0.082007
0.036	0.0839824
0.039	0.0860215
0.042	0.0881253
0.045	0.0902948
0.048	0.0925308
0.051	0.0948341
0.054	0.0972053
0.057	0.099645
0.06	0.102154
0.063	0.104732
0.066	0.107379
0.069	0.110096
0.072	0.112883
0.075	0.115739
0.078	0.118665
0.081	0.121658
0.084	0.12472
0.087	0.127849
0.09	0.131044
0.093	0.134304
0.096	0.137627
0.099	0.141012
0.102	0.144458
0.105	0.147962
0.108	0.151522
0.111	0.155136
0.114	0.158802
0.117	0.162517
0.12	0.166278
0.123	0.170082
0.126	0.173926
0.129	0.177807
0.132	0.181722
0.135	0.185667
0.138	0.189638
0.141	0.193631
0.144	0.197644
0.147	0.201671
0.15	0.20571
0.153	0.209755
0.156	0.213804
0.159	0.217851
0.162	0.221894
0.165	0.225928
0.168	0.229949
0.171	0.233954
0.174	0.237938
0.177	0.241897
0.18	0.245829
0.183	0.249729
0.186	0.253595
0.189	0.257423
0.192	0.261209
0.195	0.264951
0.198	0.268646
0.201	0.272292
0.204	0.275886
0.207	0.279425
0.21	0.282907
0.213	0.286332
0.216	0.289696
0.219	0.292998
0.222	0.296237
0.225	0.299412
0.228	0.302521
0.231	0.305564
0.234	0.30854
0.237	0.311448
0.24	0.314289
0.243	0.317061
0.246	0.319765
0.249	0.322401
0.252	0.32497
0.255	0.32747
0.258	0.329903
0.261	0.332269
0.264	0.33457
0.267	0.336805
0.27	0.338975
0.273	0.341082
0.276	0.343126
0.279	0.345108
0.282	0.34703
0.285	0.348892
0.288	0.350696
0.291	0.352443
0.294	0.354134
0.297	0.35577
0.3	0.357353
0.303	0.358884
0.306	0.360364
0.309	0.361795
0.312	0.363177
0.315	0.364513
0.318	0.365804
0.321	0.36705
0.324	0.368254
0.327	0.369333
0.33	0.370381
0.333	0.371471
0.336	0.372604
0.339	0.373782
0.342	0.375007
0.345	0.376279
0.348	0.3776
0.351	0.378973
0.354	0.380398
0.357	0.381876
0.36	0.38341
0.363	0.385001
0.366	0.38665
0.369	0.388359
0.372	0.39013
0.375	0.391963
0.378	0.39386
0.381	0.395822
0.384	0.397851
0.387	0.399947
0.39	0.402113
0.393	0.404348
0.396	0.406654
0.399	0.409032
0.402	0.411483
0.405	0.414006
0.408	0.416603
0.411	0.419274
0.414	0.42202
0.417	0.424839
0.42	0.427732
0.423	0.4307
0.426	0.43374
0.429	0.436853
0.432	0.440038
0.435	0.443293
0.438	0.446618
0.441	0.450011
0.444	0.453471
0.447	0.456994
0.45	0.46058
0.453	0.464225
0.456	0.467928
0.459	0.471685
0.462	0.475494
0.465	0.47935
0.468	0.483252
0.471	0.487196
0.474	0.491176
0.477	0.495191
0.48	0.499235
0.483	0.503305
0.486	0.507396
0.489	0.511504
0.492	0.515625
0.495	0.519753
0.498	0.523885
0.501	0.528017
0.504	0.532142
0.507	0.536257
0.51	0.540358
0.513	0.54444
0.516	0.548498
0.519	0.552529
0.522	0.556529
0.525	0.560492
0.528	0.564416
0.531	0.568298
0.534	0.572132
0.537	0.575917
0.54	0.579649
0.543	0.583324
0.546	0.586941
0.549	0.590497
0.552	0.59399
0.555	0.597417
0.558	0.600777
0.561	0.604069
0.564	0.607289
0.567	0.610439
0.57	0.613516
0.573	0.616519
0.576	0.619449
0.579	0.622305
0.582	0.625086
0.585	0.627793
0.588	0.630426
0.591	0.632984
0.594	0.635469
0.597	0.63788
0.6	0.640219
0.603	0.642487
0.606	0.644684
0.609	0.646811
0.612	0.648869
0.615	0.65086
0.618	0.652784
0.621	0.654643
0.624	0.656439
0.627	0.658173
0.63	0.659845
0.633	0.661458
0.636	0.663014
0.639	0.664512
0.642	0.665527
0.645	0.666111
0.648	0.666726
0.651	0.667375
0.654	0.66806
0.657	0.66878
0.66	0.669538
0.663	0.670336
0.666	0.671174
0.669	0.672054
0.672	0.672977
0.675	0.673945
0.678	0.67496
0.681	0.676022
0.684	0.677133
0.687	0.678294
0.69	0.679508
0.693	0.680775
0.696	0.682096
0.699	0.683473
0.702	0.684906
0.705	0.686398
0.708	0.687949
0.711	0.689559
0.714	0.691231
0.717	0.692964
0.72	0.694759
0.723	0.696617
0.726	0.698537
0.729	0.700521
0.732	0.702567
0.735	0.704677
0.738	0.706849
0.741	0.709083
0.744	0.711378
0.747	0.713733
0.75	0.716148
0.753	0.718619
0.756	0.721147
0.759	0.723729
0.762	0.726363
0.765	0.729047
0.768	0.731778
0.771	0.734553
0.774	0.73737
0.777	0.740225
0.78	0.743114
0.783	0.746036
0.786	0.748985
0.789	0.751958
0.792	0.754952
0.795	0.757961
0.798	0.760983
0.801	0.764012
0.804	0.767045
0.807	0.770077
0.81	0.773105
0.813	0.776123
0.816	0.779129
0.819	0.782117
0.822	0.785085
0.825	0.788027
0.828	0.790941
0.831	0.793823
0.834	0.796669
0.837	0.799477
0.84	0.802243
0.843	0.804964
0.846	0.807639
0.849	0.810264
0.852	0.812837
0.855	0.815357
0.858	0.817822
0.861	0.82023
0.864	0.82258
0.867	0.824871
0.87	0.827102
0.873	0.829273
0.876	0.831383
0.879	0.833431
0.882	0.835418
0.885	0.837344
0.888	0.839209
0.891	0.841013
0.894	0.842757
0.897	0.844442
0.9	0.846068
0.903	0.847636
0.906	0.849147
0.909	0.850602
0.912	0.852003
0.915	0.853349
0.918	0.854644
0.921	0.855887
0.924	0.857081
0.927	0.858226
0.93	0.859323
0.933	0.860375
0.936	0.861383
0.939	0.862347
0.942	0.86327
0.945	0.864153
0.948	0.864883
0.951	0.865417
0.954	0.865976
0.957	0.866563
0.96	0.867178
0.963	0.867822
0.966	0.868497
0.969	0.869202
0.972	0.869939
0.975	0.87071
0.978	0.871514
0.981	0.872353
0.984	0.873228
0.987	0.874139
0.99	0.875087
0.993	0.876074
0.996	0.877099
0.999	0.878164
1.002	0.879268
1.005	0.880414
1.008	0.8816
1.011	0.882828
1.014	0.884098
1.017	0.885409
1.02	0.886763
1.023	0.888158
1.026	0.889596
1.029	0.891075
1.032	0.892595
1.035	0.894156
1.038	0.895758
1.041	0.897398
1.044	0.899077
1.047	0.900793
1.05	0.902545
1.053	0.904332
1.056	0.906152
1.059	0.908003
1.062	0.909884
1.065	0.911792
1.068	0.913727
1.071	0.915684
1.074	0.917663
1.077	0.91966
1.08	0.921674
1.083	0.923701
1.086	0.925739
1.089	0.927786
1.092	0.929838
1.095	0.931893
1.098	0.933948
1.101	0.936
1.104	0.938046
1.107	0.940084
1.11	0.942112
1.113	0.944126
1.116	0.946124
1.119	0.948103
1.122	0.950062
1.125	0.951997
1.128	0.953907
1.131	0.95579
1.134	0.957644
1.137	0.959468
1.14	0.961258
1.143	0.963015
1.146	0.964737
1.149	0.966423
1.152	0.968071
1.155	0.969681
1.158	0.971252
1.161	0.972783
1.164	0.974275
1.167	0.975726
1.17	0.977137
1.173	0.978507
1.176	0.979836
1.179	0.981125
1.182	0.982373
1.185	0.983582
1.188	0.984751
1.191	0.985881
1.194	0.986972
1.197	0.988026
1.2	0.989042
1.203	0.990021
1.206	0.990964
1.209	0.991873
1.212	0.992747
1.215	0.993587
1.218	0.994395
1.221	0.995172
1.224	0.995917
1.227	0.996633
1.23	0.997319
1.233	0.997978
1.236	0.998609
1.239	0.999214
1.242	0.999793
1.245	1.00035
1.248	1.00088
1.251	1.00139
1.254	1.00187
1.257	1.00234
1.26	1.00254
1.263	1.00274
1.266	1.00294
1.269	1.00316
1.272	1.00338
1.275	1.00361
1.278	1.00385
1.281	1.0041
1.284	1.00436
1.287	1.00463
1.29	1.00491
1.293	1.0052
1.296	1.0055
1.299	1.00581
1.302	1.00613
1.305	1.00646
1.308	1.00681
1.311	1.00717
1.314	1.00754
1.317	1.00792
1.32	1.00832
1.323	1.00872
1.326	1.00915
1.329	1.00958
1.332	1.01003
1.335	1.01049
1.338	1.01097
1.341	1.01146
1.344	1.01196
1.347	1.01248
1.35	1.01301
1.353	1.01355
1.356	1.01411
1.359	1.01468
1.362	1.01526
1.365	1.01586
1.368	1.01647
1.371	1.01709
1.374	1.01773
1.377	1.01837
1.38	1.01903
1.383	1.01969
1.386	1.02037
1.389	1.02105
1.392	1.02175
1.395	1.02245
1.398	1.02316
1.401	1.02387
1.404	1.02459
1.407	1.02531
1.41	1.02604
1.413	1.02677
1.416	1.02751
1.419	1.02824
1.422	1.02898
1.425	1.02971
1.428	1.03044
1.431	1.03117
1.434	1.0319
1.437	1.03262
1.44	1.03334
1.443	1.03405
1.446	1.03476
1.449	1.03546
1.452	1.03615
1.455	1.03683
1.458	1.0375
1.461	1.03816
1.464	1.03881
1.467	1.03945
1.47	1.04008
1.473	1.04069
1.476	1.0413
1.479	1.04189
1.482	1.04247
1.485	1.04303
1.488	1.04358
1.491	1.04412
1.494	1.04464
1.497	1.04515
1.5	1.04565
1.503	1.04613
1.506	1.0466
1.509	1.04706
1.512	1.0475
1.515	1.04792
1.518	1.04834
1.521	1.04874
1.524	1.04913
1.527	1.0495
1.53	1.04986
1.533	1.05021
1.536	1.05055
1.539	1.05087
1.542	1.05119
1.545	1.05149
1.548	1.05178
1.551	1.05206
1.554	1.05233
1.557	1.05259
1.56	1.05284
1.563	1.05308
1.566	1.05331
1.569	1.05354
1.572	1.05375
1.575	1.05395
1.578	1.05415
1.581	1.05398
1.584	1.05376
1.587	1.05354
1.59	1.0533
1.593	1.05306
1.596	1.0528
1.599	1.05254
1.602	1.05227
1.605	1.05199
1.608	1.05169
1.611	1.05139
1.614	1.05107
1.617	1.05075
1.62	1.05041
1.623	1.05006
1.626	1.0497
1.629	1.04933
1.632	1.04895
1.635	1.04855
1.638	1.04814
1.641	1.04772
1.644	1.04729
1.647	1.04685
1.65	1.04639
1.653	1.04592
1.656	1.04544
1.659	1.04494
1.662	1.04444
1.665	1.04392
1.668	1.04339
1.671	1.04285
1.674	1.0423
1.677	1.04174
1.68	1.04117
1.683	1.04058
1.686	1.03999
1.689	1.03939
1.692	1.03879
1.695	1.03817
1.698	1.03755
1.701	1.03692
1.704	1.03628
1.707	1.03564
1.71	1.03499
1.713	1.03435
1.716	1.03369
1.719	1.03304
1.722	1.03238
1.725	1.03173
1.728	1.03107
1.731	1.03042
1.734	1.02976
1.737	1.02911
1.74	1.02847
1.743	1.02782
1.746	1.02719
1.749	1.02655
1.752	1.02593
1.755	1.02531
1.758	1.0247
1.761	1.02409
1.764	1.0235
1.767	1.02291
1.77	1.02234
1.773	1.02177
1.776	1.02122
1.779	1.02068
1.782	1.02015
1.785	1.01963
1.788	1.01912
1.791	1.01862
1.794	1.01814
1.797	1.01767
1.8	1.01721
1.803	1.01676
1.806	1.01633
1.809	1.01591
1.812	1.01551
1.815	1.01511
1.818	1.01473
1.821	1.01436
1.824	1.014
1.827	1.01366
1.83	1.01333
1.833	1.01301
1.836	1.0127
1.839	1.0124
1.842	1.01212
1.845	1.01184
1.848	1.01158
1.851	1.01132
1.854	1.01108
1.857	1.01085
1.86	1.01062
1.863	1.01041
1.866	1.01021
1.869	1.01001
1.872	1.00982
1.875	1.00964
1.878	1.00947
1.881	1.00931
1.884	1.00915
1.887	1.00901
1.89	1.00886
1.893	1.00873
1.896	1.00829
1.899	1.0076
1.902	1.00688
1.905	1.00614
1.908	1.00537
1.911	1.00456
1.914	1.00373
1.917	1.00287
1.92	1.00198
1.923	1.00106
1.926	1.00011
1.929	0.999126
1.932	0.998107
1.935	0.997056
1.938	0.99597
1.941	0.994849
1.944	0.993693
1.947	0.992502
1.95	0.991275
1.953	0.990011
1.956	0.988711
1.959	0.987375
1.962	0.986001
1.965	0.984591
1.968	0.983144
1.971	0.98166
1.974	0.980139
1.977	0.978583
1.98	0.97699
1.983	0.975361
1.986	0.973698
1.989	0.972001
1.992	0.970269
1.995	0.968506
1.998	0.96671
2.001	0.964884
2.004	0.963028
2.007	0.961144
2.01	0.959233
2.013	0.957296
2.016	0.955335
2.019	0.953353
2.022	0.951349
2.025	0.949327
2.028	0.947287
2.031	0.945233
2.034	0.943166
2.037	0.941087
2.04	0.939
2.043	0.936905
2.046	0.934807
2.049	0.932705
2.052	0.930603
2.055	0.928504
2.058	0.926408
2.061	0.924318
2.064	0.922237
2.067	0.920166
2.07	0.918107
2.073	0.916063
2.076	0.914035
2.079	0.912025
2.082	0.910035
2.085	0.908067
2.088	0.906123
2.091	0.904203
2.094	0.90231
2.097	0.900444
2.1	0.898607
2.103	0.8968
2.106	0.895025
2.109	0.893282
2.112	0.891571
2.115	0.889894
2.118	0.888252
2.121	0.886645
2.124	0.885073
2.127	0.883537
2.13	0.882037
2.133	0.880573
2.136	0.879146
2.139	0.877755
2.142	0.8764
2.145	0.875082
2.148	0.8738
2.151	0.872553
2.154	0.871342
2.157	0.870167
2.16	0.869025
2.163	0.867919
2.166	0.866846
2.169	0.865806
2.172	0.864799
2.175	0.863824
2.178	0.86288
2.181	0.861967
2.184	0.861084
2.187	0.860231
2.19	0.859407
2.193	0.85861
2.196	0.857841
2.199	0.857099
2.202	0.856382
2.205	0.855691
2.208	0.855024
2.211	0.854381
2.214	0.853761
2.217	0.852974
2.22	0.852037
2.223	0.851065
2.226	0.850056
2.229	0.849009
2.232	0.847923
2.235	0.846798
2.238	0.845631
2.241	0.844423
2.244	0.843172
2.247	0.841876
2.25	0.840536
2.253	0.83915
2.256	0.837716
2.259	0.836235
2.262	0.834705
2.265	0.833125
2.268	0.831495
2.271	0.829814
2.274	0.828081
2.277	0.826296
2.28	0.824458
2.283	0.822566
2.286	0.820621
2.289	0.818622
2.292	0.816569
2.295	0.814462
2.298	0.812302
2.301	0.810087
2.304	0.807819
2.307	0.805499
2.31	0.803126
2.313	0.800701
2.316	0.798226
2.319	0.795701
2.322	0.793128
2.325	0.790508
2.328	0.787843
2.331	0.785133
2.334	0.782382
2.337	0.77959
2.34	0.77676
2.343	0.773895
2.346	0.770996
2.349	0.768067
2.352	0.765109
2.355	0.762126
2.358	0.75912
2.361	0.756094
2.364	0.753052
2.367	0.749996
2.37	0.74693
2.373	0.743857
2.376	0.74078
2.379	0.737703
2.382	0.734628
2.385	0.731559
2.388	0.728499
2.391	0.725451
2.394	0.72242
2.397	0.719407
2.4	0.716415
2.403	0.713449
2.406	0.710509
2.409	0.707601
2.412	0.704725
2.415	0.701884
2.418	0.699082
2.421	0.696319
2.424	0.693599
2.427	0.690923
2.43	0.688293
2.433	0.68571
2.436	0.683177
2.439	0.680694
2.442	0.678262
2.445	0.675883
2.448	0.673558
2.451	0.671287
2.454	0.66907
2.457	0.666909
2.46	0.664804
2.463	0.662754
2.466	0.66076
2.469	0.658822
2.472	0.656939
2.475	0.655112
2.478	0.65334
2.481	0.651622
2.484	0.649958
2.487	0.648347
2.49	0.646789
2.493	0.645282
2.496	0.643827
2.499	0.642422
2.502	0.641065
2.505	0.639757
2.508	0.638497
2.511	0.637282
2.514	0.636112
2.517	0.634987
2.52	0.633904
2.523	0.632863
2.526	0.631863
2.529	0.630902
2.532	0.629717
2.535	0.628382
2.538	0.626995
2.541	0.625555
2.544	0.624061
2.547	0.622511
2.55	0.620905
2.553	0.619241
2.556	0.617518
2.559	0.615734
2.562	0.613889
2.565	0.611981
2.568	0.610009
2.571	0.607973
2.574	0.605871
2.577	0.603703
2.58	0.601468
2.583	0.599165
2.586	0.596794
2.589	0.594355
2.592	0.591847
2.595	0.58927
2.598	0.586624
2.601	0.58391
2.604	0.581127
2.607	0.578276
2.61	0.575359
2.613	0.572374
2.616	0.569325
2.619	0.566211
2.622	0.563035
2.625	0.559797
2.628	0.556499
2.631	0.553145
2.634	0.549734
2.637	0.546271
2.64	0.542756
2.643	0.539194
2.646	0.535587
2.649	0.531937
2.652	0.528248
2.655	0.524524
2.658	0.520767
2.661	0.516982
2.664	0.513171
2.667	0.50934
2.67	0.50549
2.673	0.501627
2.676	0.497755
2.679	0.493876
2.682	0.489997
2.685	0.486119
2.688	0.482248
2.691	0.478387
2.694	0.474541
2.697	0.470712
2.7	0.466906
2.703	0.463125
2.706	0.459373
2.709	0.455654
2.712	0.451971
2.715	0.448327
2.718	0.444725
2.721	0.441168
2.724	0.437658
2.727	0.434199
2.73	0.430792
2.733	0.427441
2.736	0.424145
2.739	0.420909
2.742	0.417732
2.745	0.414617
2.748	0.411565
2.751	0.408576
2.754	0.405653
2.757	0.402794
2.76	0.400002
2.763	0.397276
2.766	0.394617
2.769	0.392024
2.772	0.389498
2.775	0.387038
2.778	0.384645
2.781	0.382317
2.784	0.380055
2.787	0.377857
2.79	0.375722
2.793	0.373651
2.796	0.371642
2.799	0.369694
2.802	0.367806
2.805	0.365978
2.808	0.364207
2.811	0.362493
2.814	0.360834
2.817	0.35923
2.82	0.357679
2.823	0.35618
2.826	0.354731
2.829	0.353331
2.832	0.351979
2.835	0.350674
2.838	0.349414
2.841	0.348197
2.844	0.347024
2.847	0.345858
2.85	0.344646
2.853	0.343389
2.856	0.342084
2.859	0.34073
2.862	0.339325
2.865	0.337869
2.868	0.336358
2.871	0.334793
2.874	0.333171
2.877	0.331491
2.88	0.329751
2.883	0.32795
2.886	0.326086
2.889	0.324158
2.892	0.322165
2.895	0.320105
2.898	0.317976
2.901	0.315779
2.904	0.31351
2.907	0.31117
2.91	0.308758
2.913	0.306271
2.916	0.303711
2.919	0.301075
2.922	0.298363
2.925	0.295575
2.928	0.29271
2.931	0.289769
2.934	0.28675
2.937	0.283656
2.94	0.280484
2.943	0.277237
2.946	0.273915
2.949	0.270519
2.952	0.267049
2.955	0.263508
2.958	0.259896
2.961	0.256216
2.964	0.252469
2.967	0.248658
2.97	0.244784
2.973	0.240851
2.976	0.236861
2.979	0.232818
2.982	0.228724
2.985	0.224583
2.988	0.220399
2.991	0.216175
2.994	0.211915
2.997	0.207623
3	0.203304
3.003	0.198962
3.006	0.194601
3.009	0.190226
3.012	0.185841
3.015	0.181451
3.018	0.177061
3.021	0.172675
3.024	0.168298
3.027	0.163935
3.03	0.159589
3.033	0.155266
3.036	0.150971
3.039	0.146706
3.042	0.142477
3.045	0.138287
3.048	0.134141
3.051	0.130042
3.054	0.125993
3.057	0.121998
3.06	0.11806
3.063	0.114182
3.066	0.110367
3.069	0.106617
3.072	0.102934
3.075	0.099321
3.078	0.0957793
3.081	0.0923107
3.084	0.0889165
3.087	0.0855979
3.09	0.082356
3.093	0.0791915
3.096	0.0761051
3.099	0.0730971
3.102	0.0701677
3.105	0.067317
3.108	0.0645449
3.111	0.061851
3.114	0.0592351
3.117	0.0566965
3.12	0.0542345
3.123	0.0518484
3.126	0.0495371
3.129	0.0472998
3.132	0.0451353
3.135	0.0430424
3.138	0.0410198
3.141	0.0390664
3.144	0.0371805
3.147	0.0353609
3.15	0.0336061
3.153	0.0319146
3.156	0.0302848
3.159	0.0287153
3.162	0.0272044
3.165	0.025762
3.168	0.0244234
3.171	0.0230279
3.174	0.0215739
3.177	0.0200595
3.18	0.0184832
3.183	0.0168433
3.186	0.0151382
3.189	0.0133662
3.192	0.0115259
3.195	0.00961563
3.198	0.00763397
3.201	0.0055795
3.204	0.00345089
3.207	0.00124688
3.21	-0.0010337
3.213	-0.00339191
3.216	-0.00582873
3.219	-0.00834498
3.222	-0.0109414
3.225	-0.0136184
3.228	-0.0163766
3.231	-0.0192161
3.234	-0.0221371
3.237	-0.0251393
3.24	-0.0282225
3.243	-0.0313862
3.246	-0.0346296
3.249	-0.0379517
3.252	-0.0413515
3.255	-0.0448275
3.258	-0.048378
3.261	-0.0520012
3.264	-0.055695
3.267	-0.0594569
3.27	-0.0632844
3.273	-0.0671746
3.276	-0.0711245
3.279	-0.0751306
3.282	-0.0791897
3.285	-0.0832977
3.288	-0.087451
3.291	-0.0916453
3.294	-0.0958763
3.297	-0.10014
3.3	-0.104431
3.303	-0.108745
3.306	-0.113078
3.309	-0.117423
3.312	-0.121778
3.315	-0.126136
3.318	-0.130493
3.321	-0.134843
3.324	-0.139182
3.327	-0.143505
3.33	-0.147807
3.333	-0.152083
3.336	-0.15633
3.339	-0.160541
3.342	-0.164714
3.345	-0.168844
3.348	-0.172928
3.351	-0.17696
3.354	-0.180939
3.357	-0.18486
3.36	-0.188721
3.363	-0.192518
3.366	-0.196249
3.369	-0.199913
3.372	-0.203505
3.375	-0.207026
3.378	-0.210472
3.381	-0.213843
3.384	-0.217137
3.387	-0.220354
3.39	-0.223493
3.393	-0.226552
3.396	-0.229533
3.399	-0.232433
3.402	-0.235255
3.405	-0.237998
3.408	-0.240661
3.411	-0.243247
3.414	-0.245754
3.417	-0.248185
3.42	-0.25054
3.423	-0.25282
3.426	-0.255026
3.429	-0.25716
3.432	-0.259222
3.435	-0.261214
3.438	-0.263138
3.441	-0.264994
3.444	-0.266785
3.447	-0.268512
3.45	-0.270176
3.453	-0.271779
3.456	-0.273323
3.459	-0.274809
3.462	-0.27624
3.465	-0.277615
3.468	-0.278923
3.471	-0.280058
3.474	-0.281236
3.477	-0.28246
3.48	-0.28373
3.483	-0.285048
3.486	-0.286415
3.489	-0.287832
3.492	-0.289301
3.495	-0.290823
3.498	-0.2924
3.501	-0.294031
3.504	-0.29572
3.507	-0.297466
3.51	-0.299271
3.513	-0.301136
3.516	-0.303062
3.519	-0.30505
3.522	-0.3071
3.525	-0.309214
3.528	-0.311392
3.531	-0.313635
3.534	-0.315943
3.537	-0.318316
3.54	-0.320755
3.543	-0.32326
3.546	-0.32583
3.549	-0.328466
3.552	-0.331166
3.555	-0.333931
3.558	-0.33676
3.561	-0.339652
3.564	-0.342606
3.567	-0.34562
3.57	-0.348693
3.573	-0.351824
3.576	-0.355011
3.579	-0.358251
3.582	-0.361543
3.585	-0.364884
3.588	-0.368272
3.591	-0.371704
3.594	-0.375176
3.597	-0.378687
3.6	-0.382232
3.603	-0.385809
3.606	-0.389414
3.609	-0.393043
3.612	-0.396693
3.615	-0.40036
3.618	-0.40404
3.621	-0.407729
3.624	-0.411424
3.627	-0.41512
3.63	-0.418813
3.633	-0.4225
3.636	-0.426176
3.639	-0.429838
3.642	-0.433482
3.645	-0.437103
3.648	-0.440699
3.651	-0.444266
3.654	-0.447801
3.657	-0.451299
3.66	-0.454759
3.663	-0.458176
3.666	-0.461549
3.669	-0.464874
3.672	-0.46815
3.675	-0.471373
3.678	-0.474541
3.681	-0.477654
3.684	-0.480708
3.687	-0.483703
3.69	-0.486636
3.693	-0.489508
3.696	-0.492316
3.699	-0.495061
3.702	-0.49774
3.705	-0.500355
3.708	-0.502904
3.711	-0.505387
3.714	-0.507805
3.717	-0.510157
3.72	-0.512444
3.723	-0.514666
3.726	-0.516823
3.729	-0.518917
3.732	-0.520947
3.735	-0.522915
3.738	-0.524821
3.741	-0.526667
3.744	-0.528453
3.747	-0.530181
3.75	-0.531851
3.753	-0.533465
3.756	-0.535024
3.759	-0.536529
3.762	-0.537981
3.765	-0.539382
3.768	-0.540734
3.771	-0.542036
3.774	-0.543291
3.777	-0.544501
3.78	-0.545665
3.783	-0.546697
3.786	-0.547527
3.789	-0.548391
3.792	-0.54929
3.795	-0.550227
3.798	-0.5512
3.801	-0.552213
3.804	-0.553266
3.807	-0.554361
3.81	-0.555498
3.813	-0.556678
3.816	-0.557903
3.819	-0.559175
3.822	-0.560493
3.825	-0.561859
3.828	-0.563275
3.831	-0.564741
3.834	-0.566259
3.837	-0.567828
3.84	-0.569451
3.843	-0.571128
3.846	-0.572859
3.849	-0.574645
3.852	-0.576488
3.855	-0.578387
3.858	-0.580342
3.861	-0.582355
3.864	-0.584425
3.867	-0.586552
3.87	-0.588736
3.873	-0.590977
3.876	-0.593275
3.879	-0.595629
3.882	-0.598038
3.885	-0.600501
3.888	-0.603019
3.891	-0.605588
3.894	-0.608208
3.897	-0.610878
3.9	-0.613596
3.903	-0.616359
3.906	-0.619167
3.909	-0.622016
3.912	-0.624904
3.915	-0.627829
3.918	-0.630788
3.921	-0.633779
3.924	-0.636798
3.927	-0.639842
3.93	-0.642909
3.933	-0.645995
3.936	-0.649096
3.939	-0.652209
3.942	-0.655331
3.945	-0.658458
3.948	-0.661587
3.951	-0.664714
3.954	-0.667836
3.957	-0.670949
3.96	-0.674049
3.963	-0.677134
3.966	-0.680199
3.969	-0.683242
3.972	-0.68626
3.975	-0.689249
3.978	-0.692207
3.981	-0.69513
3.984	-0.698017
3.987	-0.700864
3.99	-0.703669
3.993	-0.70643
3.996	-0.709146
3.999	-0.711813
4.002	-0.714431
4.005	-0.716998
4.008	-0.719513
4.011	-0.721974
4.014	-0.724381
4.017	-0.726732
4.02	-0.729027
4.023	-0.731266
4.026	-0.733448
4.029	-0.735572
4.032	-0.73764
4.035	-0.73965
4.038	-0.741604
4.041	-0.7435
4.044	-0.745341
4.047	-0.747125
4.05	-0.748855
4.053	-0.750529
4.056	-0.75215
4.059	-0.753718
4.062	-0.755234
4.065	-0.756699
4.068	-0.758113
4.071	-0.759478
4.074	-0.760795
4.077	-0.762066
4.08	-0.76329
4.083	-0.76447
4.086	-0.765606
4.089	-0.766699
4.092	-0.767752
4.095	-0.768764
4.098	-0.769737
4.101	-0.770597
4.104	-0.771119
4.107	-0.771665
4.11	-0.772235
4.113	-0.772831
4.116	-0.773452
4.119	-0.774101
4.122	-0.774777
4.125	-0.775483
4.128	-0.776218
4.131	-0.776983
4.134	-0.77778
4.137	-0.778609
4.14	-0.779471
4.143	-0.780366
4.146	-0.781297
4.149	-0.782263
4.152	-0.783264
4.155	-0.784303
4.158	-0.785379
4.161	-0.786493
4.164	-0.787646
4.167	-0.788838
4.17	-0.79007
4.173	-0.791341
4.176	-0.792653
4.179	-0.794005
4.182	-0.795398
4.185	-0.796831
4.188	-0.798305
4.191	-0.799819
4.194	-0.801373
4.197	-0.802967
4.2	-0.8046
4.203	-0.806271
4.206	-0.80798
4.209	-0.809726
4.212	-0.811508
4.215	-0.813324
4.218	-0.815174
4.221	-0.817056
4.224	-0.818968
4.227	-0.820908
4.23	-0.822876
4.233	-0.824869
4.236	-0.826884
4.239	-0.828921
4.242	-0.830976
4.245	-0.833048
4.248	-0.835134
4.251	-0.837232
4.254	-0.839339
4.257	-0.841453
4.26	-0.84357
4.263	-0.845689
4.266	-0.847808
4.269	-0.849922
4.272	-0.852031
4.275	-0.854131
4.278	-0.856219
4.281	-0.858295
4.284	-0.860354
4.287	-0.862395
4.29	-0.864416
4.293	-0.866414
4.296	-0.868388
4.299	-0.870335
4.302	-0.872254
4.305	-0.874144
4.308	-0.876002
4.311	-0.877827
4.314	-0.879618
4.317	-0.881374
4.32	-0.883094
4.323	-0.884776
4.326	-0.886421
4.329	-0.888027
4.332	-0.889594
4.335	-0.891121
4.338	-0.892609
4.341	-0.894057
4.344	-0.895464
4.347	-0.896832
4.35	-0.898159
4.353	-0.899447
4.356	-0.900696
4.359	-0.901905
4.362	-0.903076
4.365	-0.904208
4.368	-0.905303
4.371	-0.90636
4.374	-0.907382
4.377	-0.908367
4.38	-0.909318
4.383	-0.910234
4.386	-0.911117
4.389	-0.911967
4.392	-0.912785
4.395	-0.913572
4.398	-0.914329
4.401	-0.915057
4.404	-0.915756
4.407	-0.916427
4.41	-0.917072
4.413	-0.917691
4.416	-0.918254
4.419	-0.91837
4.422	-0.918492
4.425	-0.91862
4.428	-0.918753
4.431	-0.918893
4.434	-0.91904
4.437	-0.919192
4.44	-0.919352
4.443	-0.919519
4.446	-0.919693
4.449	-0.919874
4.452	-0.920064
4.455	-0.920261
4.458	-0.920466
4.461	-0.920679
4.464	-0.920901
4.467	-0.921132
4.47	-0.921371
4.473	-0.92162
4.476	-0.921878
4.479	-0.922145
4.482	-0.922421
4.485	-0.922707
4.488	-0.923003
4.491	-0.923308
4.494	-0.923624
4.497	-0.923949
4.5	-0.924284
4.503	-0.924629
4.506	-0.924984
4.509	-0.925349
4.512	-0.925723
4.515	-0.926107
4.518	-0.926501
4.521	-0.926903
4.524	-0.927315
4.527	-0.927736
4.53	-0.928165
4.533	-0.928603
4.536	-0.929048
4.539	-0.929501
4.542	-0.929961
4.545	-0.930428
4.548	-0.930902
4.551	-0.931381
4.554	-0.931865
4.557	-0.932354
4.56	-0.932847
4.563	-0.933344
4.566	-0.933844
4.569	-0.934346
4.572	-0.934851
4.575	-0.935356
4.578	-0.935862
4.581	-0.936368
4.584	-0.936873
4.587	-0.937377
4.59	-0.937879
4.593	-0.938378
4.596	-0.938874
4.599	-0.939367
4.602	-0.939855
4.605	-0.940338
4.608	-0.940816
4.611	-0.941289
4.614	-0.941754
4.617	-0.942214
4.62	-0.942665
4.623	-0.94311
4.626	-0.943546
4.629	-0.943975
4.632	-0.944395
4.635	-0.944806
4.638	-0.945208
4.641	-0.945601
4.644	-0.945985
4.647	-0.94636
4.65	-0.946725
4.653	-0.94708
4.656	-0.947426
4.659	-0.947762
4.662	-0.948089
4.665	-0.948405
4.668	-0.948713
4.671	-0.949011
4.674	-0.949299
4.677	-0.949578
4.68	-0.949849
4.683	-0.95011
4.686	-0.950362
4.689	-0.950605
4.692	-0.95084
4.695	-0.951067
4.698	-0.951285
4.701	-0.951495
4.704	-0.951698
4.707	-0.951893
4.71	-0.95208
4.713	-0.952261
4.716	-0.952434
4.719	-0.952601
4.722	-0.952761
4.725	-0.952914
4.728	-0.953062
4.731	-0.953203
4.734	-0.953339
4.737	-0.953305
4.74	-0.953101
4.743	-0.952887
4.746	-0.952665
4.749	-0.952434
4.752	-0.952192
4.755	-0.951942
4.758	-0.95168
4.761	-0.951409
4.764	-0.951127
4.767	-0.950833
4.77	-0.950529
4.773	-0.950213
4.776	-0.949885
4.779	-0.949545
4.782	-0.949193
4.785	-0.948828
4.788	-0.94845
4.791	-0.948059
4.794	-0.947656
4.797	-0.947238
4.8	-0.946808
4.803	-0.946364
4.806	-0.945906
4.809	-0.945434
4.812	-0.944949
4.815	-0.94445
4.818	-0.943938
4.821	-0.943412
4.824	-0.942872
4.827	-0.942319
4.83	-0.941753
4.833	-0.941174
4.836	-0.940583
4.839	-0.93998
4.842	-0.939365
4.845	-0.938738
4.848	-0.938101
4.851	-0.937453
4.854	-0.936796
4.857	-0.936129
4.86	-0.935454
4.863	-0.934771
4.866	-0.934081
4.869	-0.933385
4.872	-0.932683
4.875	-0.931977
4.878	-0.931267
4.881	-0.930553
4.884	-0.929838
4.887	-0.929122
4.89	-0.928405
4.893	-0.927689
4.896	-0.926975
4.899	-0.926263
4.902	-0.925555
4.905	-0.92485
4.908	-0.924151
4.911	-0.923458
4.914	-0.922772
4.917	-0.922093
4.92	-0.921422
4.923	-0.920761
4.926	-0.920109
4.929	-0.919467
4.932	-0.918836
4.935	-0.918217
4.938	-0.91761
4.941	-0.917015
4.944	-0.916433
4.947	-0.915863
4.95	-0.915308
4.953	-0.914766
4.956	-0.914238
4.959	-0.913724
4.962	-0.913224
4.965	-0.912738
4.968	-0.912267
4.971	-0.911811
4.974	-0.911368
4.977	-0.91094
4.98	-0.910526
4.983	-0.910126
4.986	-0.90974
4.989	-0.909368
4.992	-0.90901
4.995	-0.908664
4.998	-0.908332
5.001	-0.908013
5.004	-0.907707
5.007	-0.907412
5.01	-0.90713
5.013	-0.90686
5.016	-0.906601
5.019	-0.906353
5.022	-0.906116
5.025	-0.90589
5.028	-0.905673
5.031	-0.905467
5.034	-0.905271
5.037	-0.905083
5.04	-0.904905
5.043	-0.904735
5.046	-0.904551
5.049	-0.90387
5.052	-0.90316
5.055	-0.902422
5.058	-0.901653
5.061	-0.900853
5.064	-0.900021
5.067	-0.899156
5.07	-0.898258
5.073	-0.897325
5.076	-0.896356
5.079	-0.89535
5.082	-0.894307
5.085	-0.893226
5.088	-0.892106
5.091	-0.890946
5.094	-0.889745
5.097	-0.888503
5.1	-0.88722
5.103	-0.885893
5.106	-0.884524
5.109	-0.883112
5.112	-0.881655
5.115	-0.880155
5.118	-0.87861
5.121	-0.87702
5.124	-0.875386
5.127	-0.873708
5.13	-0.871986
5.133	-0.87022
5.136	-0.86841
5.139	-0.866557
5.142	-0.864663
5.145	-0.862727
5.148	-0.86075
5.151	-0.858734
5.154	-0.85668
5.157	-0.85459
5.16	-0.852464
5.163	-0.850304
5.166	-0.848113
5.169	-0.845891
5.172	-0.843642
5.175	-0.841367
5.178	-0.839068
5.181	-0.836747
5.184	-0.834408
5.187	-0.832052
5.19	-0.829683
5.193	-0.827302
5.196	-0.824913
5.199	-0.822517
5.202	-0.820119
5.205	-0.81772
5.208	-0.815324
5.211	-0.812933
5.214	-0.810549
5.217	-0.808176
5.22	-0.805816
5.223	-0.803472
5.226	-0.801146
5.229	-0.79884
5.232	-0.796557
5.235	-0.794299
5.238	-0.792068
5.241	-0.789866
5.244	-0.787695
5.247	-0.785557
5.25	-0.783453
5.253	-0.781385
5.256	-0.779354
5.259	-0.777361
5.262	-0.775407
5.265	-0.773494
5.268	-0.771621
5.271	-0.769791
5.274	-0.768003
5.277	-0.766257
5.28	-0.764555
5.283	-0.762895
5.286	-0.761279
5.289	-0.759706
5.292	-0.758177
5.295	-0.75669
5.298	-0.755246
5.301	-0.753844
5.304	-0.752484
5.307	-0.751165
5.31	-0.749887
5.313	-0.74865
5.316	-0.747451
5.319	-0.746292
5.322	-0.74517
5.325	-0.744086
5.328	-0.743037
5.331	-0.742025
5.334	-0.741047
5.337	-0.740103
5.34	-0.739191
5.343	-0.738312
5.346	-0.737463
5.349	-0.736645
5.352	-0.735856
5.355	-0.735096
5.358	-0.734363
5.361	-0.733656
5.364	-0.732975
5.367	-0.732319
5.37	-0.731663
5.373	-0.730958
5.376	-0.730221
5.379	-0.729453
5.382	-0.728652
5.385	-0.727815
5.388	-0.726943
5.391	-0.726034
5.394	-0.725086
5.397	-0.724099
5.4	-0.72307
5.403	-0.721999
5.406	-0.720884
5.409	-0.719723
5.412	-0.718516
5.415	-0.717261
5.418	-0.715957
5.421	-0.714603
5.424	-0.713196
5.427	-0.711737
5.43	-0.710223
5.433	-0.708653
5.436	-0.707028
5.439	-0.705345
5.442	-0.703603
5.445	-0.701802
5.448	-0.699941
5.451	-0.69802
5.454	-0.696037
5.457	-0.693993
5.46	-0.691887
5.463	-0.68972
5.466	-0.68749
5.469	-0.685199
5.472	-0.682847
5.475	-0.680434
5.478	-0.677961
5.481	-0.67543
5.484	-0.67284
5.487	-0.670195
5.49	-0.667495
5.493	-0.664742
5.496	-0.661938
5.499	-0.659086
5.502	-0.656188
5.505	-0.653246
5.508	-0.650264
5.511	-0.647244
5.514	-0.64419
5.517	-0.641105
5.52	-0.637993
5.523	-0.634857
5.526	-0.631701
5.529	-0.628529
5.532	-0.625346
5.535	-0.622154
5.538	-0.618959
5.541	-0.615764
5.544	-0.612574
5.547	-0.609392
5.55	-0.606223
5.553	-0.603071
5.556	-0.599939
5.559	-0.596833
5.562	-0.593754
5.565	-0.590707
5.568	-0.587696
5.571	-0.584724
5.574	-0.581793
5.577	-0.578907
5.58	-0.576068
5.583	-0.573279
5.586	-0.570542
5.589	-0.56786
5.592	-0.565234
5.595	-0.562665
5.598	-0.560156
5.601	-0.557707
5.604	-0.55532
5.607	-0.552996
5.61	-0.550734
5.613	-0.548536
5.616	-0.546401
5.619	-0.54433
5.622	-0.542322
5.625	-0.540378
5.628	-0.538497
5.631	-0.536679
5.634	-0.534922
5.637	-0.533226
5.64	-0.531591
5.643	-0.530014
5.646	-0.528496
5.649	-0.527035
5.652	-0.52563
5.655	-0.52428
5.658	-0.522983
5.661	-0.521737
5.664	-0.520543
5.667	-0.519398
5.67	-0.518301
5.673	-0.517251
5.676	-0.516245
5.679	-0.515346
5.682	-0.514435
5.685	-0.513478
5.688	-0.512472
5.691	-0.511416
5.694	-0.510307
5.697	-0.509145
5.7	-0.507927
5.703	-0.506651
5.706	-0.505315
5.709	-0.503919
5.712	-0.502458
5.715	-0.500933
5.718	-0.499341
5.721	-0.497681
5.724	-0.49595
5.727	-0.494148
5.73	-0.492272
5.733	-0.490321
5.736	-0.488295
5.739	-0.486191
5.742	-0.484008
5.745	-0.481747
5.748	-0.479406
5.751	-0.476984
5.754	-0.474481
5.757	-0.471896
5.76	-0.469231
5.763	-0.466485
5.766	-0.463659
5.769	-0.460753
5.772	-0.457769
5.775	-0.454708
5.778	-0.451571
5.781	-0.448361
5.784	-0.445079
5.787	-0.441728
5.79	-0.438311
5.793	-0.434832
5.796	-0.431292
5.799	-0.427696
5.802	-0.424048
5.805	-0.420352
5.808	-0.416612
5.811	-0.412834
5.814	-0.40902
5.817	-0.405178
5.82	-0.401312
5.823	-0.397426
5.826	-0.393527
5.829	-0.38962
5.832	-0.38571
5.835	-0.381802
5.838	-0.377903
5.841	-0.374017
5.844	-0.37015
5.847	-0.366307
5.85	-0.362493
5.853	-0.358713
5.856	-0.354971
5.859	-0.351272
5.862	-0.347621
5.865	-0.344021
5.868	-0.340476
5.871	-0.33699
5.874	-0.333565
5.877	-0.330206
5.88	-0.326913
5.883	-0.323691
5.886	-0.32054
5.889	-0.317463
5.892	-0.314461
5.895	-0.311535
5.898	-0.308687
5.901	-0.305917
5.904	-0.303225
5.907	-0.300612
5.91	-0.298078
5.913	-0.295622
5.916	-0.293244
5.919	-0.290944
5.922	-0.28872
5.925	-0.286572
5.928	-0.284499
5.931	-0.2825
5.934	-0.280573
5.937	-0.278716
5.94	-0.27693
5.943	-0.275211
5.946	-0.273558
5.949	-0.27197
5.952	-0.270445
5.955	-0.268982
5.958	-0.267578
5.961	-0.266231
5.964	-0.26494
5.967	-0.263704
5.97	-0.26252
5.973	-0.261386
5.976	-0.260301
5.979	-0.259264
5.982	-0.258272
5.985	-0.257323
5.988	-0.256417
5.991	-0.255913
5.994	-0.255882
5.997	-0.25585
