 Location  Dispersion    Centroids   Volume
0.000526405   0.131238   0.0308132   1.00779
0.32537   0.140202   0.3732   1.0047
0.64083   0.1191   0.686602   0.988811
0.946828   0.109342   0.87183   0.987828
1.25698   0.124156   1.00866   1.00935
1.57826   0.116129   1.06336   1.00313
1.89445   0.128476   1.02226   1.01221
2.21535   0.137507   0.861565   1.00322
2.52987   0.124274   0.639585   0.982549
2.84492   0.141272   0.347035   1.02292
3.16486   0.122   0.0225839   0.976941
3.46759   0.13041   -0.283555   0.988821
3.78188   0.1305   -0.554235   1.00167
4.10027   0.123692   -0.780771   1.0038
4.41581   0.121177   -0.929452   1.003
4.73554   0.120613   -0.961102   1.00756
5.04583   0.119587   -0.916532   0.998949
5.36886   0.132319   -0.733156   1.00615
5.67673   0.106876   -0.51364   0.977287
5.98953   0.120935   -0.237953   1.01195
