6.03229   0.814325   0.130767   0.130767   7.82637e-07   1
3.82355   6.16048   0.130767   0.130767   1.6738   1
0.807571   5.4923   0.130767   0.130767   3.3476   1
78.2789   353.718   23.7332   586.281   14.5985   0.999825
5.68177   0.044904   0.130767   0.130767   6.69521   1
1.25703   5.01377   0.130767   0.130767   8.36901   1
1.06383   0.315151   0.0538865   0.119402   0.536005   1
5.35587   6.15246   0.128039   0.1282   11.7166   1
15.1026   -3.02824   71.4136   4.29873   -8.87052   1.00012
-7.16446   0.279971   52.4065   3.43296   -23.7908   1.00057
5.37391   0.878438   0.130767   0.130767   16.738   1
4.30364   0.826854   0.130767   0.130767   18.4118   1
2.50892   5.28387   0.130767   0.130767   20.0856   1
5.58283   3.21567   0.130767   0.130767   21.7594   1
11.6844   12.4182   8.21399   1.55556   23.5634   0.999999
0.740759   3.23621   0.130767   0.130767   25.107   1
0.000257747   3.3733   0.130767   0.130767   26.7808   1
4.33195   0.758641   0.130767   0.130767   28.4546   1
4.02879   5.78641   0.130767   0.130767   30.1284   1
2.91255   4.28606   0.130767   0.130767   31.8022   1
3.68017   1.77866   0.130767   0.130767   33.476   1
0.206769   2.47786   0.130767   0.130767   35.1498   1
-2.95898   58.0197   0.535148   46.9902   36.4165   0.999993
55.9685   -201.802   16.5341   283.346   38.7144   0.999996
2.37611   1.55713   0.130947   0.131059   40.1712   1
4.23814   0.79098   0.130767   0.130767   41.845   1
3.69353   4.66669   0.130767   0.130767   43.5189   1
0.384198   4.1526   0.130767   0.130767   45.1927   1
4.77024   1.28931   0.130767   0.130767   46.8665   1
1.79088   5.43809   0.130767   0.130767   48.5403   1
2.83615   0.144532   0.130767   0.130767   50.2141   1
125.741   234.99   51.7767   327.086   14.2323   0.999279
0.582773   1.21988   0.117525   0.070808   53.5617   1
5.74917   2.31293   0.130767   0.130767   55.2355   1
6.35901   4.99573   0.130767   0.130767   56.9093   1
3.80749   4.60801   0.131926   0.131874   58.5831   1
0.211473   4.26979   0.130767   0.130767   60.2569   1
103.779   -99.1465   67.7892   81.4349   68.5537   0.999976
3.12181   2.25021   0.130898   0.130901   63.6045   1
3.64809   1.00698   0.130767   0.130767   65.2783   1
5.73943   1.8716   0.130767   0.130767   66.9521   1
2.78411   1.08358   0.130767   0.130767   68.6259   1
4.41223   1.43336   0.130767   0.130767   70.2997   1
1.30175   4.30174   0.130767   0.130767   71.9735   1
-25.7164   776.727   2.81449   188.937   71.9828   0.999952
1.7457   5.68039   0.130767   0.130767   75.3211   1
6.06875   3.71231   0.130767   0.130767   76.9949   1
-272.914   414.196   270.866   867.06   98.083   1.00029
6.10811   2.80166   0.130767   0.130767   80.3425   1
3.05611   4.483   0.130767   0.130767   82.0163   1
