 Location  Dispersion    Centroids   Volume
5.59243e-05   0.122382   0.00217224   1.00004
0.120993   0.121895   0.119667   0.999972
0.245896   0.122233   0.24547   0.999996
0.366171   0.122195   0.358344   0.99999
0.49172   0.122368   0.471491   1
0.611762   0.122186   0.574526   0.999991
0.731743   0.122409   0.669041   1
0.857613   0.122408   0.755744   1
0.977742   0.122331   0.828557   0.999998
1.09776   0.122475   0.890709   1.00001
1.22381   0.12246   0.940756   1
1.34391   0.122409   0.97514   1
1.46995   0.122419   0.994001   1
1.59   0.122427   1.00161   1
1.71006   0.12242   0.990465   1
1.83607   0.122397   0.96665   1
1.95621   0.122464   0.927594   1
2.08215   0.122428   0.871752   1
2.20224   0.122327   0.808658   0.999997
2.32234   0.122505   0.730064   1.00001
2.44821   0.122381   0.6396   0.999999
2.56846   0.122334   0.54149   1
2.69418   0.12232   0.432744   0.999998
2.81404   0.122039   0.322284   0.999982
2.93409   0.122409   0.206448   1
3.05981   0.122504   0.0825447   1.00001
3.17991   0.122164   -0.0385275   0.999989
3.30009   0.122546   -0.157581   1.00001
3.42569   0.122377   -0.281674   0.999999
3.54613   0.122272   -0.393394   0.999994
3.67171   0.12243   -0.505944   1
3.7918   0.122192   -0.605089   0.999991
3.91179   0.122408   -0.697304   1
4.03767   0.122413   -0.780298   1
4.15785   0.122401   -0.850796   1
4.28377   0.122434   -0.90968   1
4.40389   0.12238   -0.953401   1
4.5239   0.122428   -0.983137   1
4.64996   0.122423   -0.996766   1
4.77003   0.122443   -1.00009   1
4.89608   0.122421   -0.982978   1
5.01613   0.122399   -0.954644   1
5.13621   0.122437   -0.911851   1
5.26213   0.122335   -0.853385   0.999998
5.38212   0.122245   -0.785886   0.999993
5.50223   0.122527   -0.704626   1.00001
5.6279   0.122292   -0.609166   0.999995
5.7483   0.122288   -0.511718   0.999997
5.87322   0.121921   -0.39852   0.999976
5.99408   0.122269   -0.284371   1.00002
