 Location  Dispersion    Centroids   Volume
0.000139913   0.0804475   -0.00216056   1.00004
0.121196   0.0808123   0.120663   0.99995
0.245146   0.0814877   0.24267   1
0.366358   0.0812329   0.359353   0.999993
0.491291   0.0815853   0.471971   1
0.611708   0.0805327   0.57521   0.999989
0.731844   0.0812072   0.669998   1
0.857373   0.0811544   0.756715   1.00001
0.977684   0.0805194   0.830486   0.999996
1.09773   0.0807967   0.892079   1
1.22363   0.080751   0.941312   1.00001
1.34385   0.0805652   0.976095   1
1.46989   0.0806163   0.99623   1.00001
1.59001   0.080567   1.00125   1
1.71015   0.0806344   0.99157   1.00001
1.83616   0.080571   0.966769   1
1.95642   0.0807791   0.927492   1.00001
2.08227   0.0808343   0.873936   1
2.20231   0.0805092   0.808374   0.999994
2.32267   0.08124   0.730961   1.00001
2.44797   0.0809794   0.641019   0.999994
2.56882   0.0812459   0.542296   1
2.69392   0.081537   0.434227   1
2.81419   0.0805861   0.322128   0.999987
2.93457   0.0817093   0.205368   1
3.05964   0.081722   0.0825498   0.999999
3.17996   0.0806107   -0.038447   0.999986
3.30035   0.0817513   -0.158909   1
3.42521   0.08138   -0.279824   0.999995
3.5463   0.081237   -0.394985   0.999995
3.67129   0.0815477   -0.505519   1
3.7917   0.0805245   -0.60626   0.999989
3.91183   0.0811761   -0.6981   1
4.03732   0.0809969   -0.781297   1
4.15783   0.0807113   -0.85205   0.999998
4.28355   0.080865   -0.910336   1.00001
4.4038   0.0805428   -0.95416   1
4.52385   0.0806038   -0.983974   1
4.64993   0.0805997   -0.999407   1.00001
4.77007   0.0805982   -0.999702   1.00001
4.89615   0.080602   -0.984853   1
5.0162   0.0805445   -0.955599   1
5.13644   0.080845   -0.912324   1.00001
5.26227   0.0808701   -0.854502   1
5.38232   0.0805088   -0.785079   0.999993
5.50269   0.0812875   -0.70415   1.00001
5.62792   0.08099   -0.610989   0.999992
5.7489   0.081357   -0.509552   1.00001
5.87314   0.0806801   -0.399086   0.999952
5.99395   0.0803784   -0.283271   1.00003
