 Location  Dispersion    Centroids   Volume
0.00232324   0.0498945   -0.034993   1.00525
0.120349   0.0434687   0.101247   0.998953
0.246089   0.0409858   0.231312   0.998423
0.366103   0.0399162   0.354171   0.998265
0.492023   0.039163   0.4702   0.998084
0.612001   0.0394385   0.577828   0.998504
0.732023   0.0397828   0.677043   0.998684
0.857936   0.0409246   0.767016   0.999398
0.977967   0.041769   0.844541   0.999944
1.0981   0.0428046   0.910434   1.00039
1.22391   0.0441135   0.962493   1.00119
1.34423   0.0448059   1.00018   1.00148
1.46998   0.0455521   1.0223   1.00191
1.59017   0.0454806   1.02748   1.00191
1.71042   0.0461186   1.01899   1.00215
1.83612   0.0457236   0.993581   1.00182
1.95651   0.0456237   0.952715   1.00179
2.08223   0.0445748   0.897633   1.00102
2.20237   0.0437484   0.828829   1.00067
2.32248   0.0433964   0.748822   1.00035
2.44829   0.0419887   0.656458   0.999427
2.56839   0.0415105   0.554014   0.999236
2.69425   0.0401585   0.443956   0.998399
2.81425   0.0397617   0.328522   0.99833
2.93425   0.0392985   0.208451   0.997963
3.06014   0.0388359   0.0843594   0.997698
3.18011   0.0389925   -0.0397356   0.997915
3.30011   0.0389744   -0.163417   0.997785
3.42601   0.0396154   -0.285841   0.998176
3.54602   0.0399827   -0.404479   0.998347
3.67189   0.0409627   -0.516961   0.998972
3.79191   0.041573   -0.620723   0.999446
3.91201   0.0422754   -0.716114   0.9997
4.03779   0.0436159   -0.801254   1.00062
4.15805   0.0440377   -0.87487   1.00078
4.2838   0.0450168   -0.934868   1.00149
4.40396   0.0449377   -0.979265   1.00156
4.52418   0.0454737   -1.01062   1.00178
4.64989   0.045506   -1.02556   1.00188
4.77026   0.0452083   -1.02469   1.00174
4.896   0.0444816   -1.00803   1.00133
5.01615   0.0434462   -0.9752   1.00088
5.13625   0.0428414   -0.928938   1.00052
5.2621   0.0413786   -0.867385   0.999673
5.38217   0.0404787   -0.793134   0.999281
5.50219   0.039731   -0.707353   0.998758
5.6282   0.0393339   -0.609834   0.998403
5.74831   0.0397606   -0.501633   0.998348
5.87431   0.0406196   -0.382984   0.998001
5.9924   0.0467759   -0.257794   1.00331
