 Location  Dispersion    Centroids   Volume
0.000567777   0.136346   -0.00418165   1.00014
0.205912   0.136619   0.204254   0.999787
0.412223   0.138278   0.402161   0.999993
0.617503   0.137426   0.582812   0.999968
0.826198   0.137481   0.738221   1.00001
1.03106   0.136628   0.862804   1.00001
1.24095   0.136742   0.949897   1.00004
1.44568   0.136324   0.996946   1.00004
1.65624   0.136387   1.001   1.00005
1.8607   0.136352   0.962729   1.00003
2.06545   0.137046   0.883634   1.00003
2.2749   0.136913   0.766859   0.999987
2.47986   0.137793   0.616878   0.999998
2.68822   0.137795   0.441104   0.99996
2.89342   0.138324   0.246359   0.999975
3.10122   0.138318   0.0411806   0.999956
3.3065   0.138256   -0.165689   0.999965
3.51441   0.138199   -0.365542   0.999971
3.71952   0.137552   -0.549963   0.999973
3.92825   0.13767   -0.710821   1
4.13288   0.136514   -0.840815   1.00001
4.33709   0.136588   -0.935299   1.00003
4.54746   0.136509   -0.990612   1.00005
4.75217   0.136406   -1.00366   1.00005
4.96262   0.136331   -0.973783   1.00003
5.16738   0.136953   -0.901801   1.00004
5.37689   0.136797   -0.791952   0.999985
5.58196   0.13783   -0.647679   1.00002
5.78898   0.136292   -0.476022   0.999808
5.99378   0.136065   -0.281728   1.00008
