 x  	 F(x)  
0	0.0235871
0.003	0.0247324
0.006	0.0259195
0.009	0.0271495
0.012	0.0284236
0.015	0.0297428
0.018	0.0311084
0.021	0.0325213
0.024	0.0339827
0.027	0.0354937
0.03	0.0370553
0.033	0.0386685
0.036	0.0403343
0.039	0.0420537
0.042	0.0438275
0.045	0.0456567
0.048	0.0475419
0.051	0.049484
0.054	0.0514837
0.057	0.0535415
0.06	0.055658
0.063	0.0578337
0.066	0.0600688
0.069	0.0623637
0.072	0.0647186
0.075	0.0671335
0.078	0.0696083
0.081	0.0721429
0.084	0.074737
0.087	0.0773903
0.09	0.0801021
0.093	0.0828718
0.096	0.0856985
0.099	0.0885815
0.102	0.0915195
0.105	0.0945113
0.108	0.0975556
0.111	0.100651
0.114	0.103796
0.117	0.106988
0.12	0.110225
0.123	0.113507
0.126	0.116829
0.129	0.120191
0.132	0.123589
0.135	0.127022
0.138	0.130486
0.141	0.133979
0.144	0.137498
0.147	0.14104
0.15	0.144602
0.153	0.148182
0.156	0.151775
0.159	0.15538
0.162	0.158993
0.165	0.162612
0.168	0.166232
0.171	0.169852
0.174	0.173467
0.177	0.177076
0.18	0.180676
0.183	0.184262
0.186	0.187834
0.189	0.191389
0.192	0.194923
0.195	0.198434
0.198	0.201921
0.201	0.205381
0.204	0.208812
0.207	0.212213
0.21	0.215581
0.213	0.218915
0.216	0.222214
0.219	0.225477
0.222	0.228702
0.225	0.231889
0.228	0.235037
0.231	0.238145
0.234	0.241213
0.237	0.24424
0.24	0.247227
0.243	0.250174
0.246	0.25308
0.249	0.255947
0.252	0.258774
0.255	0.261563
0.258	0.264313
0.261	0.267026
0.264	0.269703
0.267	0.272344
0.27	0.274952
0.273	0.277527
0.276	0.28007
0.279	0.282584
0.282	0.285069
0.285	0.287527
0.288	0.289961
0.291	0.29237
0.294	0.294759
0.297	0.297127
0.3	0.299477
0.303	0.301811
0.306	0.304131
0.309	0.306439
0.312	0.308737
0.315	0.311026
0.318	0.313309
0.321	0.315587
0.324	0.317864
0.327	0.320139
0.33	0.322417
0.333	0.324698
0.336	0.326984
0.339	0.329278
0.342	0.33158
0.345	0.333894
0.348	0.33622
0.351	0.338561
0.354	0.340918
0.357	0.343293
0.36	0.345686
0.363	0.3481
0.366	0.350537
0.369	0.352996
0.372	0.35548
0.375	0.35799
0.378	0.360526
0.381	0.36309
0.384	0.365683
0.387	0.368304
0.39	0.370955
0.393	0.373637
0.396	0.376349
0.399	0.379092
0.402	0.381866
0.405	0.38467
0.408	0.387506
0.411	0.390372
0.414	0.393269
0.417	0.396195
0.42	0.39915
0.423	0.402133
0.426	0.405144
0.429	0.408181
0.432	0.411244
0.435	0.41433
0.438	0.417439
0.441	0.420568
0.444	0.423717
0.447	0.426884
0.45	0.430067
0.453	0.433264
0.456	0.436473
0.459	0.439693
0.462	0.44292
0.465	0.446153
0.468	0.44939
0.471	0.452629
0.474	0.455867
0.477	0.459102
0.48	0.462332
0.483	0.465555
0.486	0.468768
0.489	0.47197
0.492	0.475158
0.495	0.47833
0.498	0.481485
0.501	0.484619
0.504	0.487732
0.507	0.490822
0.51	0.493886
0.513	0.496924
0.516	0.499933
0.519	0.502912
0.522	0.505861
0.525	0.508778
0.528	0.511661
0.531	0.51451
0.534	0.517325
0.537	0.520104
0.54	0.522846
0.543	0.525552
0.546	0.528221
0.549	0.530853
0.552	0.533448
0.555	0.536005
0.558	0.538526
0.561	0.54101
0.564	0.543457
0.567	0.545869
0.57	0.548245
0.573	0.550587
0.576	0.552895
0.579	0.55517
0.582	0.557413
0.585	0.559625
0.588	0.561807
0.591	0.56396
0.594	0.566087
0.597	0.568187
0.6	0.570262
0.603	0.572315
0.606	0.574345
0.609	0.576355
0.612	0.578346
0.615	0.580321
0.618	0.582279
0.621	0.584224
0.624	0.586156
0.627	0.588078
0.63	0.589991
0.633	0.591896
0.636	0.593796
0.639	0.595692
0.642	0.597586
0.645	0.59948
0.648	0.601374
0.651	0.603271
0.654	0.605172
0.657	0.607079
0.66	0.608994
0.663	0.610917
0.666	0.612851
0.669	0.614796
0.672	0.616754
0.675	0.618727
0.678	0.620715
0.681	0.622721
0.684	0.624743
0.687	0.626785
0.69	0.628847
0.693	0.630929
0.696	0.633033
0.699	0.635159
0.702	0.637308
0.705	0.63948
0.708	0.641676
0.711	0.643896
0.714	0.64614
0.717	0.648408
0.72	0.650701
0.723	0.653017
0.726	0.655358
0.729	0.657722
0.732	0.660109
0.735	0.662519
0.738	0.664951
0.741	0.667403
0.744	0.669876
0.747	0.672368
0.75	0.674878
0.753	0.677404
0.756	0.679946
0.759	0.682503
0.762	0.685072
0.765	0.687652
0.768	0.690242
0.771	0.692839
0.774	0.695443
0.777	0.698051
0.78	0.700662
0.783	0.703273
0.786	0.705884
0.789	0.708491
0.792	0.711093
0.795	0.713689
0.798	0.716276
0.801	0.718853
0.804	0.721417
0.807	0.723967
0.81	0.726502
0.813	0.729019
0.816	0.731517
0.819	0.733994
0.822	0.73645
0.825	0.738882
0.828	0.741289
0.831	0.74367
0.834	0.746024
0.837	0.74835
0.84	0.750647
0.843	0.752913
0.846	0.755149
0.849	0.757354
0.852	0.759527
0.855	0.761667
0.858	0.763775
0.861	0.76585
0.864	0.767891
0.867	0.7699
0.87	0.771875
0.873	0.773818
0.876	0.775728
0.879	0.777605
0.882	0.779451
0.885	0.781265
0.888	0.783048
0.891	0.784801
0.894	0.786524
0.897	0.788218
0.9	0.789884
0.903	0.791522
0.906	0.793135
0.909	0.794722
0.912	0.796285
0.915	0.797824
0.918	0.799342
0.921	0.800838
0.924	0.802314
0.927	0.803772
0.93	0.805211
0.933	0.806635
0.936	0.808044
0.939	0.809438
0.942	0.81082
0.945	0.81219
0.948	0.813551
0.951	0.814902
0.954	0.816246
0.957	0.817583
0.96	0.818915
0.963	0.820243
0.966	0.821569
0.969	0.822892
0.972	0.824215
0.975	0.825539
0.978	0.826864
0.981	0.828192
0.984	0.829524
0.987	0.830861
0.99	0.832204
0.993	0.833553
0.996	0.834909
0.999	0.836274
1.002	0.837649
1.005	0.839032
1.008	0.840427
1.011	0.841832
1.014	0.843249
1.017	0.844678
1.02	0.846119
1.023	0.847573
1.026	0.849041
1.029	0.850521
1.032	0.852015
1.035	0.853522
1.038	0.855043
1.041	0.856577
1.044	0.858124
1.047	0.859684
1.05	0.861256
1.053	0.862841
1.056	0.864437
1.059	0.866045
1.062	0.867663
1.065	0.869291
1.068	0.870928
1.071	0.872574
1.074	0.874227
1.077	0.875887
1.08	0.877552
1.083	0.879222
1.086	0.880895
1.089	0.882571
1.092	0.884248
1.095	0.885925
1.098	0.887601
1.101	0.889275
1.104	0.890946
1.107	0.892612
1.11	0.894272
1.113	0.895925
1.116	0.89757
1.119	0.899205
1.122	0.90083
1.125	0.902443
1.128	0.904043
1.131	0.905629
1.134	0.907201
1.137	0.908756
1.14	0.910295
1.143	0.911816
1.146	0.913318
1.149	0.914802
1.152	0.916265
1.155	0.917707
1.158	0.919128
1.161	0.920527
1.164	0.921903
1.167	0.923257
1.17	0.924588
1.173	0.925895
1.176	0.927179
1.179	0.928439
1.182	0.929675
1.185	0.930887
1.188	0.932074
1.191	0.933238
1.194	0.934378
1.197	0.935494
1.2	0.936587
1.203	0.937656
1.206	0.938702
1.209	0.939726
1.212	0.940727
1.215	0.941706
1.218	0.942664
1.221	0.943601
1.224	0.944517
1.227	0.945413
1.23	0.94629
1.233	0.947147
1.236	0.947987
1.239	0.948809
1.242	0.949613
1.245	0.950401
1.248	0.951173
1.251	0.95193
1.254	0.952672
1.257	0.953401
1.26	0.954116
1.263	0.954818
1.266	0.955509
1.269	0.956188
1.272	0.956857
1.275	0.957515
1.278	0.958164
1.281	0.958805
1.284	0.959437
1.287	0.960062
1.29	0.96068
1.293	0.961292
1.296	0.961898
1.299	0.962499
1.302	0.963095
1.305	0.963688
1.308	0.964276
1.311	0.964862
1.314	0.965445
1.317	0.966026
1.32	0.966605
1.323	0.967183
1.326	0.967759
1.329	0.968336
1.332	0.968911
1.335	0.969487
1.338	0.970064
1.341	0.97064
1.344	0.971218
1.347	0.971796
1.35	0.972375
1.353	0.972956
1.356	0.973537
1.359	0.97412
1.362	0.974705
1.365	0.97529
1.368	0.975877
1.371	0.976465
1.374	0.977054
1.377	0.977644
1.38	0.978235
1.383	0.978826
1.386	0.979418
1.389	0.980009
1.392	0.980601
1.395	0.981192
1.398	0.981782
1.401	0.982371
1.404	0.982958
1.407	0.983544
1.41	0.984127
1.413	0.984707
1.416	0.985285
1.419	0.985858
1.422	0.986428
1.425	0.986994
1.428	0.987554
1.431	0.988109
1.434	0.988658
1.437	0.989201
1.44	0.989737
1.443	0.990266
1.446	0.990788
1.449	0.991302
1.452	0.991807
1.455	0.992303
1.458	0.992791
1.461	0.993269
1.464	0.993737
1.467	0.994194
1.47	0.994642
1.473	0.995078
1.476	0.995504
1.479	0.995918
1.482	0.99632
1.485	0.996711
1.488	0.997089
1.491	0.997456
1.494	0.99781
1.497	0.998151
1.5	0.99848
1.503	0.998796
1.506	0.999099
1.509	0.999389
1.512	0.999666
1.515	0.99993
1.518	1.00018
1.521	1.00042
1.524	1.00064
1.527	1.00085
1.53	1.00105
1.533	1.00123
1.536	1.0014
1.539	1.00156
1.542	1.0017
1.545	1.00183
1.548	1.00195
1.551	1.00205
1.554	1.00214
1.557	1.00222
1.56	1.00228
1.563	1.00233
1.566	1.00237
1.569	1.00239
1.572	1.0024
1.575	1.00239
1.578	1.00237
1.581	1.00234
1.584	1.0023
1.587	1.00224
1.59	1.00217
1.593	1.00208
1.596	1.00198
1.599	1.00187
1.602	1.00175
1.605	1.00161
1.608	1.00146
1.611	1.00129
1.614	1.00111
1.617	1.00092
1.62	1.00071
1.623	1.00049
1.626	1.00026
1.629	1.00001
1.632	0.999752
1.635	0.999479
1.638	0.999192
1.641	0.998892
1.644	0.998579
1.647	0.998253
1.65	0.997914
1.653	0.997562
1.656	0.997197
1.659	0.996819
1.662	0.996429
1.665	0.996027
1.668	0.995612
1.671	0.995186
1.674	0.994748
1.677	0.994298
1.68	0.993837
1.683	0.993365
1.686	0.992882
1.689	0.992389
1.692	0.991886
1.695	0.991373
1.698	0.990851
1.701	0.990319
1.704	0.989779
1.707	0.989231
1.71	0.988675
1.713	0.988112
1.716	0.987542
1.719	0.986965
1.722	0.986382
1.725	0.985794
1.728	0.9852
1.731	0.984602
1.734	0.983999
1.737	0.983392
1.74	0.982783
1.743	0.98217
1.746	0.981555
1.749	0.980937
1.752	0.980318
1.755	0.979698
1.758	0.979077
1.761	0.978455
1.764	0.977833
1.767	0.977211
1.77	0.976589
1.773	0.975968
1.776	0.975347
1.779	0.974728
1.782	0.97411
1.785	0.973493
1.788	0.972878
1.791	0.972264
1.794	0.971652
1.797	0.971041
1.8	0.970432
1.803	0.969824
1.806	0.969218
1.809	0.968614
1.812	0.96801
1.815	0.967408
1.818	0.966806
1.821	0.966205
1.824	0.965604
1.827	0.965003
1.83	0.964402
1.833	0.9638
1.836	0.963198
1.839	0.962593
1.842	0.961987
1.845	0.961379
1.848	0.960768
1.851	0.960153
1.854	0.959535
1.857	0.958912
1.86	0.958284
1.863	0.957651
1.866	0.957011
1.869	0.956365
1.872	0.955711
1.875	0.95505
1.878	0.954379
1.881	0.9537
1.884	0.95301
1.887	0.952309
1.89	0.951598
1.893	0.950874
1.896	0.950137
1.899	0.949387
1.902	0.948622
1.905	0.947843
1.908	0.947048
1.911	0.946237
1.914	0.945409
1.917	0.944563
1.92	0.943699
1.923	0.942817
1.926	0.941914
1.929	0.940992
1.932	0.940048
1.935	0.939083
1.938	0.938097
1.941	0.937088
1.944	0.936056
1.947	0.935001
1.95	0.933923
1.953	0.93282
1.956	0.931693
1.959	0.930541
1.962	0.929364
1.965	0.928163
1.968	0.926936
1.971	0.925683
1.974	0.924406
1.977	0.923103
1.98	0.921775
1.983	0.920422
1.986	0.919045
1.989	0.917643
1.992	0.916217
1.995	0.914767
1.998	0.913294
2.001	0.911799
2.004	0.910281
2.007	0.908743
2.01	0.907184
2.013	0.905605
2.016	0.904008
2.019	0.902393
2.022	0.900761
2.025	0.899114
2.028	0.897452
2.031	0.895776
2.034	0.894088
2.037	0.892389
2.04	0.890681
2.043	0.888964
2.046	0.887239
2.049	0.885509
2.052	0.883774
2.055	0.882036
2.058	0.880296
2.061	0.878555
2.064	0.876815
2.067	0.875077
2.07	0.873342
2.073	0.871611
2.076	0.869886
2.079	0.868167
2.082	0.866456
2.085	0.864753
2.088	0.863061
2.091	0.861378
2.094	0.859707
2.097	0.858048
2.1	0.856401
2.103	0.854768
2.106	0.853148
2.109	0.851543
2.112	0.849952
2.115	0.848377
2.118	0.846816
2.121	0.84527
2.124	0.84374
2.127	0.842225
2.13	0.840725
2.133	0.839239
2.136	0.837769
2.139	0.836312
2.142	0.834869
2.145	0.83344
2.148	0.832024
2.151	0.830619
2.154	0.829227
2.157	0.827845
2.16	0.826473
2.163	0.82511
2.166	0.823755
2.169	0.822408
2.172	0.821067
2.175	0.819731
2.178	0.818399
2.181	0.817071
2.184	0.815745
2.187	0.814419
2.19	0.813093
2.193	0.811765
2.196	0.810435
2.199	0.8091
2.202	0.807761
2.205	0.806414
2.208	0.80506
2.211	0.803696
2.214	0.802322
2.217	0.800936
2.22	0.799537
2.223	0.798123
2.226	0.796694
2.229	0.795248
2.232	0.793783
2.235	0.792299
2.238	0.790795
2.241	0.789268
2.244	0.787719
2.247	0.786146
2.25	0.784547
2.253	0.782922
2.256	0.78127
2.259	0.77959
2.262	0.77788
2.265	0.776141
2.268	0.774371
2.271	0.77257
2.274	0.770737
2.277	0.768871
2.28	0.766972
2.283	0.76504
2.286	0.763074
2.289	0.761074
2.292	0.75904
2.295	0.756971
2.298	0.754869
2.301	0.752732
2.304	0.750562
2.307	0.748359
2.31	0.746122
2.313	0.743853
2.316	0.741552
2.319	0.739221
2.322	0.736859
2.325	0.734468
2.328	0.732049
2.331	0.729604
2.334	0.727132
2.337	0.724637
2.34	0.722118
2.343	0.719578
2.346	0.717018
2.349	0.71444
2.352	0.711846
2.355	0.709237
2.358	0.706615
2.361	0.703982
2.364	0.70134
2.367	0.698691
2.37	0.696036
2.373	0.693378
2.376	0.690719
2.379	0.688059
2.382	0.685403
2.385	0.68275
2.388	0.680103
2.391	0.677464
2.394	0.674835
2.397	0.672217
2.4	0.669611
2.403	0.667019
2.406	0.664443
2.409	0.661884
2.412	0.659343
2.415	0.656821
2.418	0.65432
2.421	0.65184
2.424	0.649382
2.427	0.646947
2.43	0.644535
2.433	0.642147
2.436	0.639783
2.439	0.637444
2.442	0.635129
2.445	0.632839
2.448	0.630574
2.451	0.628334
2.454	0.626117
2.457	0.623924
2.46	0.621755
2.463	0.619608
2.466	0.617484
2.469	0.615381
2.472	0.613298
2.475	0.611234
2.478	0.609189
2.481	0.607162
2.484	0.605151
2.487	0.603155
2.49	0.601172
2.493	0.599202
2.496	0.597243
2.499	0.595294
2.502	0.593352
2.505	0.591417
2.508	0.589488
2.511	0.587561
2.514	0.585637
2.517	0.583713
2.52	0.581787
2.523	0.579858
2.526	0.577924
2.529	0.575984
2.532	0.574036
2.535	0.572078
2.538	0.570108
2.541	0.568126
2.544	0.566128
2.547	0.564114
2.55	0.562083
2.553	0.560032
2.556	0.557959
2.559	0.555865
2.562	0.553746
2.565	0.551602
2.568	0.549432
2.571	0.547234
2.574	0.545006
2.577	0.542749
2.58	0.54046
2.583	0.538139
2.586	0.535785
2.589	0.533397
2.592	0.530974
2.595	0.528515
2.598	0.526021
2.601	0.523491
2.604	0.520924
2.607	0.518321
2.61	0.51568
2.613	0.513003
2.616	0.510288
2.619	0.507538
2.622	0.504751
2.625	0.501929
2.628	0.499071
2.631	0.49618
2.634	0.493255
2.637	0.490298
2.64	0.487309
2.643	0.484291
2.646	0.481243
2.649	0.478169
2.652	0.475068
2.655	0.471944
2.658	0.468797
2.661	0.46563
2.664	0.462444
2.667	0.459242
2.67	0.456024
2.673	0.452795
2.676	0.449554
2.679	0.446306
2.682	0.443051
2.685	0.439793
2.688	0.436532
2.691	0.433273
2.694	0.430016
2.697	0.426764
2.7	0.423518
2.703	0.420282
2.706	0.417058
2.709	0.413846
2.712	0.410649
2.715	0.407469
2.718	0.404308
2.721	0.401167
2.724	0.398047
2.727	0.394951
2.73	0.39188
2.733	0.388834
2.736	0.385815
2.739	0.382824
2.742	0.379862
2.745	0.376929
2.748	0.374026
2.751	0.371154
2.754	0.368312
2.757	0.365502
2.76	0.362722
2.763	0.359974
2.766	0.357257
2.769	0.354571
2.772	0.351914
2.775	0.349288
2.778	0.346691
2.781	0.344122
2.784	0.34158
2.787	0.339065
2.79	0.336576
2.793	0.334111
2.796	0.33167
2.799	0.32925
2.802	0.326851
2.805	0.324471
2.808	0.322109
2.811	0.319762
2.814	0.31743
2.817	0.315111
2.82	0.312803
2.823	0.310504
2.826	0.308213
2.829	0.305927
2.832	0.303645
2.835	0.301364
2.838	0.299084
2.841	0.296802
2.844	0.294516
2.847	0.292224
2.85	0.289925
2.853	0.287616
2.856	0.285296
2.859	0.282962
2.862	0.280613
2.865	0.278248
2.868	0.275864
2.871	0.273459
2.874	0.271032
2.877	0.268582
2.88	0.266106
2.883	0.263604
2.886	0.261074
2.889	0.258514
2.892	0.255923
2.895	0.2533
2.898	0.250644
2.901	0.247953
2.904	0.245228
2.907	0.242467
2.91	0.239669
2.913	0.236834
2.916	0.233961
2.919	0.231051
2.922	0.228102
2.925	0.225115
2.928	0.22209
2.931	0.219026
2.934	0.215925
2.937	0.212786
2.94	0.209611
2.943	0.206399
2.946	0.203153
2.949	0.199872
2.952	0.196558
2.955	0.193212
2.958	0.189836
2.961	0.18643
2.964	0.182998
2.967	0.179539
2.97	0.176057
2.973	0.172554
2.976	0.16903
2.979	0.165488
2.982	0.161931
2.985	0.158361
2.988	0.15478
2.991	0.15119
2.994	0.147594
2.997	0.143994
3	0.140393
3.003	0.136793
3.006	0.133196
3.009	0.129605
3.012	0.126022
3.015	0.12245
3.018	0.118891
3.021	0.115346
3.024	0.111819
3.027	0.108311
3.03	0.104824
3.033	0.101361
3.036	0.0979217
3.039	0.0945093
3.042	0.091125
3.045	0.0877701
3.048	0.0844461
3.051	0.0811539
3.054	0.0778947
3.057	0.0746694
3.06	0.0714787
3.063	0.0683233
3.066	0.0652035
3.069	0.0621199
3.072	0.0590725
3.075	0.0560615
3.078	0.0530868
3.081	0.0501482
3.084	0.0472453
3.087	0.0443777
3.09	0.0415449
3.093	0.0387461
3.096	0.0359805
3.099	0.0332473
3.102	0.0305454
3.105	0.0278737
3.108	0.025231
3.111	0.022616
3.114	0.0200273
3.117	0.0174634
3.12	0.0149229
3.123	0.012404
3.126	0.00990527
3.129	0.00742483
3.132	0.00496097
3.135	0.00251187
3.138	7.56758e-05
3.141	-0.0023495
3.144	-0.00476556
3.147	-0.00717446
3.15	-0.00957814
3.153	-0.0119786
3.156	-0.0143777
3.159	-0.0167776
3.162	-0.0191802
3.165	-0.0215874
3.168	-0.0240012
3.171	-0.0264235
3.174	-0.0288563
3.177	-0.0313013
3.18	-0.0337606
3.183	-0.0362357
3.186	-0.0387286
3.189	-0.0412409
3.192	-0.0437743
3.195	-0.0463303
3.198	-0.0489105
3.201	-0.0515163
3.204	-0.054149
3.207	-0.05681
3.21	-0.0595004
3.213	-0.0622214
3.216	-0.0649739
3.219	-0.0677588
3.222	-0.070577
3.225	-0.0734291
3.228	-0.0763156
3.231	-0.079237
3.234	-0.0821936
3.237	-0.0851857
3.24	-0.0882132
3.243	-0.091276
3.246	-0.0943741
3.249	-0.0975069
3.252	-0.100674
3.255	-0.103875
3.258	-0.107109
3.261	-0.110375
3.264	-0.113672
3.267	-0.116999
3.27	-0.120355
3.273	-0.123738
3.276	-0.127147
3.279	-0.130579
3.282	-0.134035
3.285	-0.13751
3.288	-0.141005
3.291	-0.144516
3.294	-0.148041
3.297	-0.151579
3.3	-0.155126
3.303	-0.158682
3.306	-0.162243
3.309	-0.165807
3.312	-0.169372
3.315	-0.172936
3.318	-0.176495
3.321	-0.180049
3.324	-0.183593
3.327	-0.187127
3.33	-0.190648
3.333	-0.194153
3.336	-0.197641
3.339	-0.201109
3.342	-0.204555
3.345	-0.207978
3.348	-0.211376
3.351	-0.214748
3.354	-0.21809
3.357	-0.221403
3.36	-0.224684
3.363	-0.227933
3.366	-0.231148
3.369	-0.234329
3.372	-0.237474
3.375	-0.240583
3.378	-0.243655
3.381	-0.246691
3.384	-0.249688
3.387	-0.252649
3.39	-0.255571
3.393	-0.258456
3.396	-0.261304
3.399	-0.264115
3.402	-0.266889
3.405	-0.269627
3.408	-0.27233
3.411	-0.274998
3.414	-0.277633
3.417	-0.280235
3.42	-0.282806
3.423	-0.285346
3.426	-0.287858
3.429	-0.290341
3.432	-0.292798
3.435	-0.295231
3.438	-0.29764
3.441	-0.300027
3.444	-0.302394
3.447	-0.304743
3.45	-0.307075
3.453	-0.309392
3.456	-0.311696
3.459	-0.313989
3.462	-0.316273
3.465	-0.318549
3.468	-0.32082
3.471	-0.323087
3.474	-0.325352
3.477	-0.327617
3.48	-0.329884
3.483	-0.332155
3.486	-0.334431
3.489	-0.336715
3.492	-0.339009
3.495	-0.341313
3.498	-0.34363
3.501	-0.345962
3.504	-0.34831
3.507	-0.350675
3.51	-0.35306
3.513	-0.355465
3.516	-0.357892
3.519	-0.360343
3.522	-0.362818
3.525	-0.365318
3.528	-0.367846
3.531	-0.370401
3.534	-0.372985
3.537	-0.375598
3.54	-0.378241
3.543	-0.380914
3.546	-0.383619
3.549	-0.386354
3.552	-0.389121
3.555	-0.39192
3.558	-0.394749
3.561	-0.39761
3.564	-0.400502
3.567	-0.403424
3.57	-0.406376
3.573	-0.409357
3.576	-0.412365
3.579	-0.415402
3.582	-0.418464
3.585	-0.421551
3.588	-0.424662
3.591	-0.427794
3.594	-0.430947
3.597	-0.434119
3.6	-0.437308
3.603	-0.440512
3.606	-0.443729
3.609	-0.446958
3.612	-0.450195
3.615	-0.45344
3.618	-0.456689
3.621	-0.459941
3.624	-0.463194
3.627	-0.466444
3.63	-0.46969
3.633	-0.47293
3.636	-0.476161
3.639	-0.479382
3.642	-0.482589
3.645	-0.485781
3.648	-0.488956
3.651	-0.492111
3.654	-0.495245
3.657	-0.498356
3.66	-0.501442
3.663	-0.504501
3.666	-0.507532
3.669	-0.510534
3.672	-0.513504
3.675	-0.516442
3.678	-0.519346
3.681	-0.522216
3.684	-0.525051
3.687	-0.527849
3.69	-0.53061
3.693	-0.533334
3.696	-0.53602
3.699	-0.538668
3.702	-0.541278
3.705	-0.543849
3.708	-0.546383
3.711	-0.548878
3.714	-0.551335
3.717	-0.553755
3.72	-0.556139
3.723	-0.558486
3.726	-0.560798
3.729	-0.563075
3.732	-0.565318
3.735	-0.567529
3.738	-0.569708
3.741	-0.571856
3.744	-0.573975
3.747	-0.576066
3.75	-0.57813
3.753	-0.580168
3.756	-0.582183
3.759	-0.584175
3.762	-0.586147
3.765	-0.588099
3.768	-0.590033
3.771	-0.59195
3.774	-0.593854
3.777	-0.595744
3.78	-0.597623
3.783	-0.599493
3.786	-0.601354
3.789	-0.60321
3.792	-0.605061
3.795	-0.606909
3.798	-0.608756
3.801	-0.610603
3.804	-0.612453
3.807	-0.614306
3.81	-0.616164
3.813	-0.61803
3.816	-0.619903
3.819	-0.621787
3.822	-0.623681
3.825	-0.625589
3.828	-0.62751
3.831	-0.629446
3.834	-0.631399
3.837	-0.633369
3.84	-0.635358
3.843	-0.637367
3.846	-0.639396
3.849	-0.641446
3.852	-0.643519
3.855	-0.645614
3.858	-0.647733
3.861	-0.649875
3.864	-0.652042
3.867	-0.654233
3.87	-0.656448
3.873	-0.658689
3.876	-0.660954
3.879	-0.663243
3.882	-0.665557
3.885	-0.667894
3.888	-0.670255
3.891	-0.672638
3.894	-0.675044
3.897	-0.67747
3.9	-0.679917
3.903	-0.682384
3.906	-0.684868
3.909	-0.687369
3.912	-0.689886
3.915	-0.692417
3.918	-0.694961
3.921	-0.697516
3.924	-0.70008
3.927	-0.702653
3.93	-0.705231
3.933	-0.707814
3.936	-0.7104
3.939	-0.712986
3.942	-0.715571
3.945	-0.718153
3.948	-0.720731
3.951	-0.723301
3.954	-0.725863
3.957	-0.728415
3.96	-0.730954
3.963	-0.733479
3.966	-0.735989
3.969	-0.738481
3.972	-0.740954
3.975	-0.743406
3.978	-0.745837
3.981	-0.748244
3.984	-0.750627
3.987	-0.752983
3.99	-0.755313
3.993	-0.757614
3.996	-0.759887
3.999	-0.76213
4.002	-0.764342
4.005	-0.766523
4.008	-0.768672
4.011	-0.770789
4.014	-0.772873
4.017	-0.774925
4.02	-0.776943
4.023	-0.778929
4.026	-0.780882
4.029	-0.782802
4.032	-0.784689
4.035	-0.786544
4.038	-0.788368
4.041	-0.79016
4.044	-0.791921
4.047	-0.793651
4.05	-0.795353
4.053	-0.797025
4.056	-0.798669
4.059	-0.800286
4.062	-0.801877
4.065	-0.803443
4.068	-0.804984
4.071	-0.806502
4.074	-0.807997
4.077	-0.809472
4.08	-0.810926
4.083	-0.812361
4.086	-0.813779
4.089	-0.81518
4.092	-0.816566
4.095	-0.817938
4.098	-0.819297
4.101	-0.820644
4.104	-0.821981
4.107	-0.823308
4.11	-0.824628
4.113	-0.82594
4.116	-0.827248
4.119	-0.82855
4.122	-0.82985
4.125	-0.831147
4.128	-0.832443
4.131	-0.83374
4.134	-0.835037
4.137	-0.836337
4.14	-0.83764
4.143	-0.838948
4.146	-0.84026
4.149	-0.841579
4.152	-0.842904
4.155	-0.844237
4.158	-0.845579
4.161	-0.84693
4.164	-0.84829
4.167	-0.849661
4.17	-0.851043
4.173	-0.852436
4.176	-0.853841
4.179	-0.855258
4.182	-0.856687
4.185	-0.858129
4.188	-0.859583
4.191	-0.861051
4.194	-0.862531
4.197	-0.864023
4.2	-0.865529
4.203	-0.867046
4.206	-0.868576
4.209	-0.870117
4.212	-0.871669
4.215	-0.873232
4.218	-0.874804
4.221	-0.876387
4.224	-0.877978
4.227	-0.879576
4.23	-0.881182
4.233	-0.882794
4.236	-0.884412
4.239	-0.886033
4.242	-0.887658
4.245	-0.889285
4.248	-0.890913
4.251	-0.892541
4.254	-0.894168
4.257	-0.895793
4.26	-0.897414
4.263	-0.899031
4.266	-0.900641
4.269	-0.902245
4.272	-0.90384
4.275	-0.905427
4.278	-0.907002
4.281	-0.908567
4.284	-0.910118
4.287	-0.911656
4.29	-0.913179
4.293	-0.914687
4.296	-0.916178
4.299	-0.917652
4.302	-0.919108
4.305	-0.920544
4.308	-0.921961
4.311	-0.923358
4.314	-0.924734
4.317	-0.926088
4.32	-0.927421
4.323	-0.928731
4.326	-0.930019
4.329	-0.931283
4.332	-0.932525
4.335	-0.933743
4.338	-0.934938
4.341	-0.936109
4.344	-0.937256
4.347	-0.93838
4.35	-0.939481
4.353	-0.940558
4.356	-0.941613
4.359	-0.942644
4.362	-0.943653
4.365	-0.944639
4.368	-0.945604
4.371	-0.946547
4.374	-0.947469
4.377	-0.94837
4.38	-0.949251
4.383	-0.950112
4.386	-0.950954
4.389	-0.951778
4.392	-0.952583
4.395	-0.953371
4.398	-0.954142
4.401	-0.954896
4.404	-0.955635
4.407	-0.956358
4.41	-0.957067
4.413	-0.957762
4.416	-0.958444
4.419	-0.959113
4.422	-0.95977
4.425	-0.960416
4.428	-0.961051
4.431	-0.961676
4.434	-0.962291
4.437	-0.962897
4.44	-0.963496
4.443	-0.964086
4.446	-0.964669
4.449	-0.965246
4.452	-0.965816
4.455	-0.966381
4.458	-0.966941
4.461	-0.967497
4.464	-0.968048
4.467	-0.968596
4.47	-0.969141
4.473	-0.969684
4.476	-0.970224
4.479	-0.970762
4.482	-0.971299
4.485	-0.971834
4.488	-0.972369
4.491	-0.972903
4.494	-0.973437
4.497	-0.973971
4.5	-0.974505
4.503	-0.975039
4.506	-0.975573
4.509	-0.976109
4.512	-0.976644
4.515	-0.977181
4.518	-0.977718
4.521	-0.978256
4.524	-0.978795
4.527	-0.979335
4.53	-0.979875
4.533	-0.980415
4.536	-0.980956
4.539	-0.981497
4.542	-0.982038
4.545	-0.982578
4.548	-0.983118
4.551	-0.983657
4.554	-0.984195
4.557	-0.984732
4.56	-0.985267
4.563	-0.9858
4.566	-0.98633
4.569	-0.986858
4.572	-0.987382
4.575	-0.987903
4.578	-0.98842
4.581	-0.988932
4.584	-0.98944
4.587	-0.989942
4.59	-0.990439
4.593	-0.99093
4.596	-0.991414
4.599	-0.991892
4.602	-0.992362
4.605	-0.992825
4.608	-0.99328
4.611	-0.993726
4.614	-0.994164
4.617	-0.994592
4.62	-0.995012
4.623	-0.995421
4.626	-0.995821
4.629	-0.99621
4.632	-0.996589
4.635	-0.996957
4.638	-0.997314
4.641	-0.997659
4.644	-0.997994
4.647	-0.998316
4.65	-0.998627
4.653	-0.998926
4.656	-0.999213
4.659	-0.999488
4.662	-0.99975
4.665	-1
4.668	-1.00024
4.671	-1.00046
4.674	-1.00067
4.677	-1.00087
4.68	-1.00106
4.683	-1.00123
4.686	-1.00139
4.689	-1.00154
4.692	-1.00167
4.695	-1.00179
4.698	-1.0019
4.701	-1.002
4.704	-1.00208
4.707	-1.00215
4.71	-1.0022
4.713	-1.00224
4.716	-1.00227
4.719	-1.00229
4.722	-1.00229
4.725	-1.00228
4.728	-1.00226
4.731	-1.00222
4.734	-1.00217
4.737	-1.0021
4.74	-1.00202
4.743	-1.00193
4.746	-1.00182
4.749	-1.00171
4.752	-1.00157
4.755	-1.00143
4.758	-1.00127
4.761	-1.00109
4.764	-1.0009
4.767	-1.0007
4.77	-1.00049
4.773	-1.00026
4.776	-1.00001
4.779	-0.999755
4.782	-0.999483
4.785	-0.999198
4.788	-0.998899
4.791	-0.998586
4.794	-0.998259
4.797	-0.997918
4.8	-0.997564
4.803	-0.997195
4.806	-0.996814
4.809	-0.996418
4.812	-0.996009
4.815	-0.995587
4.818	-0.995152
4.821	-0.994704
4.824	-0.994243
4.827	-0.99377
4.83	-0.993284
4.833	-0.992786
4.836	-0.992276
4.839	-0.991754
4.842	-0.991222
4.845	-0.990678
4.848	-0.990124
4.851	-0.98956
4.854	-0.988986
4.857	-0.988402
4.86	-0.987809
4.863	-0.987208
4.866	-0.986598
4.869	-0.985981
4.872	-0.985357
4.875	-0.984726
4.878	-0.984089
4.881	-0.983445
4.884	-0.982797
4.887	-0.982144
4.89	-0.981486
4.893	-0.980825
4.896	-0.98016
4.899	-0.979493
4.902	-0.978823
4.905	-0.978151
4.908	-0.977478
4.911	-0.976804
4.914	-0.976129
4.917	-0.975454
4.92	-0.974779
4.923	-0.974105
4.926	-0.973431
4.929	-0.972759
4.932	-0.972087
4.935	-0.971418
4.938	-0.97075
4.941	-0.970084
4.944	-0.96942
4.947	-0.968758
4.95	-0.968099
4.953	-0.967442
4.956	-0.966787
4.959	-0.966134
4.962	-0.965484
4.965	-0.964835
4.968	-0.964189
4.971	-0.963544
4.974	-0.962901
4.977	-0.962259
4.98	-0.961619
4.983	-0.960979
4.986	-0.960339
4.989	-0.9597
4.992	-0.95906
4.995	-0.958419
4.998	-0.957777
5.001	-0.957134
5.004	-0.956488
5.007	-0.95584
5.01	-0.955188
5.013	-0.954533
5.016	-0.953873
5.019	-0.953208
5.022	-0.952538
5.025	-0.951861
5.028	-0.951178
5.031	-0.950487
5.034	-0.949787
5.037	-0.949079
5.04	-0.948361
5.043	-0.947632
5.046	-0.946893
5.049	-0.946142
5.052	-0.945378
5.055	-0.944601
5.058	-0.943809
5.061	-0.943003
5.064	-0.942182
5.067	-0.941345
5.07	-0.94049
5.073	-0.939618
5.076	-0.938728
5.079	-0.937819
5.082	-0.93689
5.085	-0.935942
5.088	-0.934972
5.091	-0.933981
5.094	-0.932967
5.097	-0.931932
5.1	-0.930873
5.103	-0.929791
5.106	-0.928685
5.109	-0.927554
5.112	-0.926399
5.115	-0.92522
5.118	-0.924014
5.121	-0.922784
5.124	-0.921528
5.127	-0.920246
5.13	-0.918939
5.133	-0.917606
5.136	-0.916248
5.139	-0.914864
5.142	-0.913456
5.145	-0.912022
5.148	-0.910565
5.151	-0.909083
5.154	-0.907577
5.157	-0.906049
5.16	-0.904499
5.163	-0.902927
5.166	-0.901334
5.169	-0.899721
5.172	-0.898089
5.175	-0.89644
5.178	-0.894773
5.181	-0.89309
5.184	-0.891392
5.187	-0.889681
5.19	-0.887957
5.193	-0.886221
5.196	-0.884476
5.199	-0.882722
5.202	-0.880961
5.205	-0.879194
5.208	-0.877422
5.211	-0.875646
5.214	-0.873868
5.217	-0.87209
5.22	-0.870312
5.223	-0.868536
5.226	-0.866763
5.229	-0.864994
5.232	-0.863231
5.235	-0.861474
5.238	-0.859724
5.241	-0.857983
5.244	-0.856252
5.247	-0.854531
5.25	-0.852821
5.253	-0.851123
5.256	-0.849438
5.259	-0.847766
5.262	-0.846107
5.265	-0.844463
5.268	-0.842833
5.271	-0.841218
5.274	-0.839618
5.277	-0.838032
5.28	-0.836462
5.283	-0.834907
5.286	-0.833366
5.289	-0.83184
5.292	-0.830329
5.295	-0.828831
5.298	-0.827347
5.301	-0.825876
5.304	-0.824417
5.307	-0.82297
5.31	-0.821534
5.313	-0.820109
5.316	-0.818693
5.319	-0.817285
5.322	-0.815886
5.325	-0.814493
5.328	-0.813105
5.331	-0.811723
5.334	-0.810344
5.337	-0.808967
5.34	-0.807592
5.343	-0.806217
5.346	-0.804841
5.349	-0.803462
5.352	-0.80208
5.355	-0.800693
5.358	-0.7993
5.361	-0.797899
5.364	-0.79649
5.367	-0.795071
5.37	-0.79364
5.373	-0.792197
5.376	-0.79074
5.379	-0.789267
5.382	-0.787779
5.385	-0.786272
5.388	-0.784747
5.391	-0.783201
5.394	-0.781635
5.397	-0.780045
5.4	-0.778433
5.403	-0.776795
5.406	-0.775132
5.409	-0.773443
5.412	-0.771725
5.415	-0.76998
5.418	-0.768205
5.421	-0.7664
5.424	-0.764565
5.427	-0.762698
5.43	-0.7608
5.433	-0.758869
5.436	-0.756906
5.439	-0.75491
5.442	-0.752881
5.445	-0.750818
5.448	-0.748722
5.451	-0.746593
5.454	-0.744432
5.457	-0.742237
5.46	-0.74001
5.463	-0.737752
5.466	-0.735462
5.469	-0.733141
5.472	-0.730791
5.475	-0.728412
5.478	-0.726005
5.481	-0.723571
5.484	-0.721112
5.487	-0.718628
5.49	-0.716121
5.493	-0.713593
5.496	-0.711045
5.499	-0.708478
5.502	-0.705894
5.505	-0.703295
5.508	-0.700682
5.511	-0.698058
5.514	-0.695424
5.517	-0.692782
5.52	-0.690134
5.523	-0.687482
5.526	-0.684827
5.529	-0.682172
5.532	-0.679519
5.535	-0.676868
5.538	-0.674223
5.541	-0.671584
5.544	-0.668954
5.547	-0.666333
5.55	-0.663725
5.553	-0.66113
5.556	-0.658549
5.559	-0.655984
5.562	-0.653437
5.565	-0.650908
5.568	-0.648398
5.571	-0.645909
5.574	-0.643442
5.577	-0.640996
5.58	-0.638573
5.583	-0.636174
5.586	-0.633798
5.589	-0.631446
5.592	-0.629118
5.595	-0.626815
5.598	-0.624536
5.601	-0.622281
5.604	-0.62005
5.607	-0.617843
5.61	-0.615659
5.613	-0.613497
5.616	-0.611357
5.619	-0.609239
5.622	-0.607141
5.625	-0.605062
5.628	-0.603002
5.631	-0.60096
5.634	-0.598933
5.637	-0.596922
5.64	-0.594924
5.643	-0.592939
5.646	-0.590965
5.649	-0.589
5.652	-0.587043
5.655	-0.585093
5.658	-0.583148
5.661	-0.581206
5.664	-0.579265
5.667	-0.577325
5.67	-0.575382
5.673	-0.573436
5.676	-0.571485
5.679	-0.569526
5.682	-0.567559
5.685	-0.565581
5.688	-0.56359
5.691	-0.561586
5.694	-0.559566
5.697	-0.557528
5.7	-0.555471
5.703	-0.553392
5.706	-0.551292
5.709	-0.549167
5.712	-0.547016
5.715	-0.544839
5.718	-0.542632
5.721	-0.540396
5.724	-0.538128
5.727	-0.535828
5.73	-0.533494
5.733	-0.531125
5.736	-0.52872
5.739	-0.526279
5.742	-0.5238
5.745	-0.521284
5.748	-0.518728
5.751	-0.516134
5.754	-0.5135
5.757	-0.510827
5.76	-0.508114
5.763	-0.505361
5.766	-0.502569
5.769	-0.499738
5.772	-0.496869
5.775	-0.493962
5.778	-0.491017
5.781	-0.488037
5.784	-0.485022
5.787	-0.481973
5.79	-0.478892
5.793	-0.475781
5.796	-0.47264
5.799	-0.469472
5.802	-0.466279
5.805	-0.463062
5.808	-0.459825
5.811	-0.456569
5.814	-0.453297
5.817	-0.45001
5.82	-0.446713
5.823	-0.443407
5.826	-0.440095
5.829	-0.43678
5.832	-0.433465
5.835	-0.430153
5.838	-0.426846
5.841	-0.423547
5.844	-0.42026
5.847	-0.416986
5.85	-0.413729
5.853	-0.410492
5.856	-0.407277
5.859	-0.404087
5.862	-0.400925
5.865	-0.397792
5.868	-0.394692
5.871	-0.391627
5.874	-0.388598
5.877	-0.385609
5.88	-0.382661
5.883	-0.379755
5.886	-0.376894
5.889	-0.374079
5.892	-0.371312
5.895	-0.368594
5.898	-0.365926
5.901	-0.363309
5.904	-0.360745
5.907	-0.358233
5.91	-0.355775
5.913	-0.353371
5.916	-0.351022
5.919	-0.348728
5.922	-0.346489
5.925	-0.344306
5.928	-0.342177
5.931	-0.340104
5.934	-0.338085
5.937	-0.336121
5.94	-0.334212
5.943	-0.332356
5.946	-0.330553
5.949	-0.328803
5.952	-0.327105
5.955	-0.325458
5.958	-0.323861
5.961	-0.322314
5.964	-0.320816
5.967	-0.319366
5.97	-0.317962
5.973	-0.316605
5.976	-0.315293
5.979	-0.314024
5.982	-0.312799
5.985	-0.311615
5.988	-0.310472
5.991	-0.30937
5.994	-0.308306
5.997	-0.307279
