 Location  Dispersion    Centroids   Volume
0.0018314   0.209934   -0.00478818   1.00028
0.318353   0.208644   0.31343   0.999407
0.627413   0.210967   0.595302   0.999908
0.944329   0.210102   0.818691   1.00005
1.25796   0.20881   0.96279   1.0002
1.57798   0.208849   1.01078   1.00031
1.89244   0.209209   0.958857   1.00024
2.2117   0.21043   0.811124   1.00001
2.52837   0.210635   0.583675   0.999887
2.84069   0.212064   0.299744   0.999823
3.155   0.212235   -0.0129918   0.999759
3.46703   0.211596   -0.324574   0.999848
3.78269   0.211696   -0.605793   0.999834
4.10033   0.209973   -0.827537   1.0001
4.41404   0.208817   -0.967046   1.00021
4.73409   0.20882   -1.01068   1.00031
5.04855   0.209347   -0.95382   1.00022
5.36715   0.209781   -0.803464   1.00002
5.67715   0.208263   -0.573796   0.999559
5.99325   0.20894   -0.281946   1.00003
