 Location  Dispersion    Centroids   Volume
0.000118569   0.0105796   0.00157439   1.00003
0.0300943   0.010188   0.0290259   0.999971
0.0600794   0.0106999   0.060881   1.00002
0.0900347   0.0101591   0.0896575   0.999967
0.119978   0.0107334   0.12006   1.00002
0.149986   0.0104251   0.148247   0.999988
0.180037   0.0108288   0.178994   1.00002
0.210099   0.0104388   0.209102   0.999995
0.239939   0.0100637   0.237053   0.999961
0.269842   0.0107818   0.266551   1.00001
0.299967   0.0109909   0.295324   1.00003
0.329975   0.0103348   0.323886   0.999971
0.359927   0.0109508   0.351714   1.00002
0.39009   0.0109764   0.38008   1.00003
0.420128   0.0102999   0.409322   0.999976
0.449973   0.0103538   0.434087   0.999987
0.480017   0.0106815   0.460989   1.00002
0.510142   0.0106309   0.488386   1.00001
0.540073   0.0102159   0.514536   0.999971
0.569901   0.0103011   0.540468   0.999978
0.599823   0.0105168   0.563796   1
0.629863   0.0104624   0.588679   1
0.659942   0.0108227   0.614039   1.00002
0.69002   0.0105792   0.636532   1
0.720077   0.0106775   0.661574   1
0.756054   0.0106129   0.684632   1.00001
0.78599   0.00992101   0.708071   0.999969
0.815961   0.0106005   0.728831   1.00002
0.846001   0.0104192   0.748432   0.999993
0.875988   0.0101931   0.76763   1
0.905999   0.0101855   0.787125   0.999992
0.936012   0.0105571   0.805511   1.00002
0.966063   0.010203   0.82308   0.999994
0.996043   0.0102452   0.839919   1
1.02604   0.010121   0.855385   0.999999
1.05599   0.0100719   0.870301   0.999987
1.08596   0.0102904   0.884582   1.00001
1.11596   0.010039   0.898746   0.999992
1.14596   0.0101746   0.911324   1.00001
1.17598   0.0101357   0.922906   1
1.20596   0.0101097   0.934526   0.999996
1.23596   0.010229   0.944345   1
1.26602   0.010359   0.953974   1.00001
1.29605   0.0100897   0.96376   0.999995
1.32602   0.0100438   0.969682   0.999999
1.35601   0.00998995   0.976075   0.999997
1.386   0.0100798   0.982403   1
1.41599   0.010043   0.98762   0.999997
1.44599   0.0100863   0.992601   1
1.476   0.0100444   0.995036   0.999998
1.506   0.0100726   0.99805   1
1.536   0.0100447   0.999429   0.999999
1.566   0.0100586   1.00003   1
1.596   0.0100491   1.00037   1
1.62599   0.010033   0.998891   0.999998
1.65601   0.0101442   0.996762   1.00001
1.68602   0.0100764   0.993646   0.999999
1.71601   0.0100309   0.989209   0.999998
1.74601   0.010072   0.98489   1
1.77603   0.0101341   0.979674   1
1.80603   0.0100212   0.972713   0.999998
1.836   0.00996546   0.965872   0.999993
1.86599   0.0101766   0.957186   1
1.89602   0.0101839   0.947422   1.00001
1.926   0.00995837   0.937788   0.99999
1.95598   0.010084   0.927435   1
1.98599   0.0102145   0.913912   1
2.01604   0.0104264   0.90288   1.00002
2.04609   0.0101499   0.889379   0.999996
2.07605   0.0101821   0.875556   0.999995
2.10605   0.0103111   0.859881   1
2.13604   0.0101278   0.84477   0.999992
2.16594   0.0100007   0.828201   0.999979
2.19592   0.0104085   0.81143   1.00001
2.22603   0.0105678   0.792266   1.00001
2.26197   0.0100548   0.771059   0.999976
2.29187   0.0103788   0.752209   0.999992
2.32198   0.01086   0.730116   1.00004
2.35198   0.00992129   0.711031   0.999965
2.38196   0.0106815   0.689582   1.00003
2.41196   0.0104486   0.666936   0.99998
2.44206   0.0109318   0.643508   1.00005
2.47206   0.0100124   0.620931   0.999953
2.50194   0.0106128   0.59787   1.00002
2.53206   0.0106818   0.571011   1.00001
2.56204   0.0104756   0.547705   0.999984
2.59198   0.0105777   0.523504   0.999999
2.62197   0.0105366   0.497235   1
2.65204   0.0107762   0.469935   1.00002
2.6821   0.0106723   0.442055   0.999998
2.71202   0.0104493   0.416979   0.999985
2.74201   0.0107061   0.388288   1.00001
2.77211   0.0109029   0.361725   1.00001
2.8021   0.0104284   0.332788   0.999985
2.83197   0.010272   0.304853   0.999979
2.86201   0.0110858   0.276697   1.00003
2.8921   0.0104812   0.245058   0.999984
2.92201   0.010453   0.21801   0.999995
2.95198   0.0106313   0.18907   0.999998
2.98203   0.0108258   0.158685   1.00001
3.01208   0.01078   0.128685   1
3.04203   0.0105315   0.0989296   0.999982
3.07192   0.0105082   0.0702535   0.999993
3.10189   0.0106553   0.0391847   0.999999
3.13197   0.0110586   0.00921257   1.00002
3.16204   0.010736   -0.0207939   1
3.19211   0.0108682   -0.0501391   1.00001
3.22204   0.0105985   -0.0807707   0.99997
3.25194   0.0106478   -0.110163   1
3.28203   0.010899   -0.139631   1.00003
3.31208   0.0106939   -0.169576   0.999986
3.34201   0.0107364   -0.199349   0.999997
3.37209   0.0108463   -0.228642   1.00002
3.40208   0.0103528   -0.256925   0.999979
3.43198   0.0103957   -0.286944   0.99999
3.46192   0.010597   -0.313637   0.999997
3.49197   0.0107997   -0.342869   1.00001
3.52206   0.0108449   -0.371259   1.00002
3.55213   0.0106121   -0.399622   0.999999
3.58209   0.0105779   -0.426161   0.999994
3.61205   0.010589   -0.453303   0.999991
3.64202   0.0105448   -0.479571   1
3.67204   0.0105084   -0.505274   1
3.70209   0.0105135   -0.53178   1.00001
3.73213   0.0104617   -0.558734   0.999985
3.76795   0.0105144   -0.584285   0.99999
3.79801   0.0105708   -0.610304   1.00001
3.82797   0.0101592   -0.633563   0.99998
3.85796   0.010471   -0.657422   1.00001
3.88803   0.0104593   -0.679398   1.00001
3.91806   0.0102652   -0.700239   1
3.94802   0.0102209   -0.722322   0.999986
3.978   0.0105922   -0.74109   1.00001
4.00808   0.0104402   -0.762767   1.00001
4.03804   0.0101945   -0.78023   0.999985
4.06795   0.0101744   -0.800258   0.999983
4.09793   0.0104347   -0.816589   1.00001
4.12798   0.0102665   -0.833483   1
4.15802   0.0103204   -0.850824   1.00001
4.18796   0.00982133   -0.86551   0.999974
4.2179   0.0101394   -0.880491   1.00001
4.24795   0.0101986   -0.89387   1.00001
4.27796   0.0101312   -0.907229   0.999995
4.30797   0.0102852   -0.918113   1.00001
4.33799   0.0100243   -0.930461   0.999993
4.36798   0.0101746   -0.943122   1
4.39801   0.0101858   -0.952089   1.00001
4.42802   0.0100417   -0.959822   0.999995
4.45801   0.010129   -0.967304   1
4.48804   0.0101369   -0.974957   1.00001
4.51803   0.00989493   -0.981168   0.999989
4.548   0.0100828   -0.987174   1
4.57803   0.0101463   -0.990288   1
4.60802   0.00998317   -0.995718   0.999995
4.638   0.0100318   -0.995815   0.999999
4.668   0.0100378   -0.998767   0.999999
4.69802   0.0101182   -1.00137   1
4.72801   0.00999146   -0.999689   0.999997
4.758   0.0100354   -0.999319   0.999999
4.78801   0.0100533   -0.998014   1
4.81802   0.0100738   -0.99328   1
4.84802   0.01004   -0.991338   0.999999
4.878   0.00998428   -0.986996   0.999996
4.90799   0.0100732   -0.980218   1
4.93799   0.0100962   -0.975667   1
4.96801   0.0101312   -0.966849   1
4.99799   0.00998902   -0.959169   0.999992
5.02798   0.0101513   -0.95127   1
5.05803   0.0102927   -0.940258   1.00001
5.08802   0.00996381   -0.930805   0.999986
5.11797   0.0100946   -0.918285   0.999999
5.14803   0.0102449   -0.908271   1.00002
5.178   0.00982585   -0.893349   0.999975
5.20795   0.0103181   -0.880386   1.00001
5.23801   0.0103761   -0.865305   1
5.27401   0.0104746   -0.846826   1.00001
5.30399   0.0100301   -0.830696   0.999987
5.33395   0.0101459   -0.813013   0.999999
5.364   0.0105294   -0.795007   1.00002
5.394   0.010263   -0.777021   0.999986
5.42399   0.0103869   -0.75669   1.00001
5.45396   0.0102054   -0.737998   0.999985
5.484   0.0107136   -0.716739   1.00003
5.51408   0.0104131   -0.6946   0.999996
5.54405   0.0105276   -0.673687   0.999996
5.57407   0.0105868   -0.651817   1.00001
5.60411   0.0101732   -0.627719   0.999996
5.634   0.0100043   -0.604899   0.999972
5.66391   0.0105561   -0.581986   1
5.69399   0.0107014   -0.555315   1.00002
5.72402   0.0104356   -0.529875   0.999988
5.75401   0.0107671   -0.504776   1.00001
5.78397   0.0103185   -0.47787   0.999974
5.81399   0.0108551   -0.4526   1.00003
5.84407   0.0104532   -0.425527   0.999988
5.87397   0.0104716   -0.398709   0.999987
5.90405   0.010828   -0.369878   1.00003
5.93401   0.0100122   -0.342844   0.999958
5.96385   0.0104974   -0.312372   0.999992
5.99393   0.0107447   -0.285063   1.00003
