 Location  Dispersion    Centroids   Volume
0.0731987   0.206712   -0.0832155   1.04331
0.197039   0.212954   0.14254   1.03404
0.417484   0.18816   0.42636   1.0246
0.622329   0.206339   0.675282   1.03388
0.832475   0.250957   0.896297   1.05305
1.04404   0.30838   1.09342   1.08226
1.25972   0.357525   1.22511   1.10761
1.47418   0.395289   1.30761   1.12851
1.69213   0.406978   1.31879   1.13321
1.90502   0.392706   1.26804   1.12367
2.10725   0.348056   1.13545   1.09429
2.31436   0.291333   0.952257   1.06374
2.5153   0.246051   0.73562   1.03934
2.71146   0.210319   0.531539   1.02905
2.90509   0.175947   0.287723   1.01688
3.10431   0.163186   0.0248147   1.01431
3.31896   0.193569   -0.26636   1.02421
3.58247   0.23102   -0.674175   1.11048
0.727202   -4.92205   0.00349769   1.17864
-48.8143   94.361   24.513   0.0679194
8.39362   -6.01442   -1.56605   1.84074
4.36341   0.259695   -1.29687   1.1685
4.52695   0.363886   -1.3372   1.14755
4.73698   0.3788   -1.28994   1.11151
4.96093   0.314829   -1.19969   1.07852
5.16495   0.252662   -1.06242   1.04701
5.36964   0.189873   -0.884492   1.02105
5.57207   0.14465   -0.66931   1.0056
5.79313   0.149972   -0.417179   1.00657
5.95516   0.167629   -0.20325   1.02014
