 Location  Dispersion    Centroids   Volume
-7.04996e-05   0.428264   0.000777468   1.00001
0.425235   0.427834   0.416605   0.999577
0.855912   0.428429   0.762533   1
1.28287   0.428757   0.960618   1.00032
1.71089   0.429096   1.00176   1.00054
2.14298   0.427522   0.851239   0.999698
2.56947   0.428363   0.540008   1.00017
2.9996   0.427154   0.143719   0.999279
3.41964   0.425034   -0.278771   0.998262
3.848   0.42813   -0.470409   1.00777
4.31202   0.400084   -0.907393   0.994027
4.70962   0.428895   -1.00078   1.00044
5.13725   0.428678   -0.924265   1.00019
5.56951   0.428514   -0.658005   1.00005
5.99491   0.427803   -0.287761   0.999622
