 x  	 F(x)  
0	0.0342868
0.003	0.0364545
0.006	0.0386727
0.009	0.0409349
0.012	0.0432351
0.015	0.0455676
0.018	0.0479271
0.021	0.0503094
0.024	0.0527106
0.027	0.0551281
0.03	0.05756
0.033	0.0600055
0.036	0.0624645
0.039	0.0649381
0.042	0.0674281
0.045	0.0699373
0.048	0.0724691
0.051	0.0750275
0.054	0.077617
0.057	0.0802427
0.06	0.0829095
0.063	0.0856228
0.066	0.0883876
0.069	0.0912088
0.072	0.0940908
0.075	0.0970374
0.078	0.100051
0.081	0.103134
0.084	0.106288
0.087	0.10951
0.09	0.112799
0.093	0.116152
0.096	0.119562
0.099	0.123023
0.102	0.126526
0.105	0.130061
0.108	0.133618
0.111	0.137183
0.114	0.140746
0.117	0.144292
0.12	0.14781
0.123	0.151287
0.126	0.154713
0.129	0.158078
0.132	0.161373
0.135	0.164592
0.138	0.16773
0.141	0.170784
0.144	0.173753
0.147	0.176638
0.15	0.179441
0.153	0.182166
0.156	0.184819
0.159	0.187405
0.162	0.189932
0.165	0.192409
0.168	0.194844
0.171	0.197246
0.174	0.199624
0.177	0.201989
0.18	0.204349
0.183	0.206715
0.186	0.209094
0.189	0.211495
0.192	0.213927
0.195	0.216395
0.198	0.218906
0.201	0.221465
0.204	0.224075
0.207	0.22674
0.21	0.229459
0.213	0.232233
0.216	0.235059
0.219	0.237933
0.222	0.240851
0.225	0.243806
0.228	0.24679
0.231	0.249795
0.234	0.252811
0.237	0.255828
0.24	0.258836
0.243	0.261826
0.246	0.264788
0.249	0.267714
0.252	0.270596
0.255	0.273428
0.258	0.276205
0.261	0.278923
0.264	0.281581
0.267	0.284178
0.27	0.286714
0.273	0.289193
0.276	0.291616
0.279	0.293989
0.282	0.296316
0.285	0.298604
0.288	0.30086
0.291	0.303091
0.294	0.305305
0.297	0.307509
0.3	0.309712
0.303	0.311923
0.306	0.314149
0.309	0.316398
0.312	0.318678
0.315	0.320997
0.318	0.323361
0.321	0.325777
0.324	0.328249
0.327	0.330782
0.33	0.333379
0.333	0.336043
0.336	0.338773
0.339	0.34157
0.342	0.344432
0.345	0.347353
0.348	0.350331
0.351	0.353358
0.354	0.356426
0.357	0.359527
0.36	0.362652
0.363	0.36579
0.366	0.368931
0.369	0.372066
0.372	0.375184
0.375	0.378276
0.378	0.381334
0.381	0.384352
0.384	0.387323
0.387	0.390244
0.39	0.393112
0.393	0.395927
0.396	0.398689
0.399	0.401399
0.402	0.404062
0.405	0.406683
0.408	0.409266
0.411	0.411819
0.414	0.414351
0.417	0.416869
0.42	0.419382
0.423	0.421901
0.426	0.424434
0.429	0.426994
0.432	0.429588
0.435	0.432229
0.438	0.434925
0.441	0.437686
0.444	0.440521
0.447	0.443438
0.45	0.446444
0.453	0.449546
0.456	0.452747
0.459	0.456051
0.462	0.459459
0.465	0.46297
0.468	0.466582
0.471	0.470292
0.474	0.474091
0.477	0.477972
0.48	0.481924
0.483	0.485937
0.486	0.489998
0.489	0.494093
0.492	0.498207
0.495	0.502329
0.498	0.506443
0.501	0.510536
0.504	0.514598
0.507	0.518618
0.51	0.522587
0.513	0.526499
0.516	0.530347
0.519	0.534129
0.522	0.537844
0.525	0.541491
0.528	0.545072
0.531	0.548592
0.534	0.552053
0.537	0.555462
0.54	0.558826
0.543	0.562151
0.546	0.565445
0.549	0.568715
0.552	0.571971
0.555	0.575218
0.558	0.578466
0.561	0.58172
0.564	0.584986
0.567	0.588271
0.57	0.591577
0.573	0.594908
0.576	0.598265
0.579	0.601648
0.582	0.605055
0.585	0.608483
0.588	0.611926
0.591	0.615379
0.594	0.618832
0.597	0.622275
0.6	0.625699
0.603	0.629091
0.606	0.63244
0.609	0.635732
0.612	0.638957
0.615	0.642101
0.618	0.645156
0.621	0.648111
0.624	0.650959
0.627	0.653694
0.63	0.656311
0.633	0.658809
0.636	0.661185
0.639	0.663442
0.642	0.665582
0.645	0.667609
0.648	0.669528
0.651	0.671345
0.654	0.673068
0.657	0.674704
0.66	0.676262
0.663	0.67775
0.666	0.679176
0.669	0.680549
0.672	0.681879
0.675	0.683172
0.678	0.684438
0.681	0.685685
0.684	0.68692
0.687	0.68815
0.69	0.689383
0.693	0.690624
0.696	0.691879
0.699	0.693154
0.702	0.694452
0.705	0.695778
0.708	0.697134
0.711	0.698522
0.714	0.699943
0.717	0.701399
0.72	0.702887
0.723	0.704407
0.726	0.705956
0.729	0.707531
0.732	0.709129
0.735	0.710745
0.738	0.712375
0.741	0.714013
0.744	0.715656
0.747	0.717298
0.75	0.718936
0.753	0.720565
0.756	0.722183
0.759	0.723786
0.762	0.725374
0.765	0.726944
0.768	0.728498
0.771	0.730035
0.774	0.731557
0.777	0.733067
0.78	0.734566
0.783	0.736059
0.786	0.737549
0.789	0.739041
0.792	0.740538
0.795	0.742047
0.798	0.743571
0.801	0.745117
0.804	0.746689
0.807	0.748291
0.81	0.749929
0.813	0.751606
0.816	0.753327
0.819	0.755093
0.822	0.756908
0.825	0.758772
0.828	0.760687
0.831	0.76265
0.834	0.764662
0.837	0.766718
0.84	0.768816
0.843	0.77095
0.846	0.773114
0.849	0.775303
0.852	0.777509
0.855	0.779725
0.858	0.781943
0.861	0.784156
0.864	0.786357
0.867	0.78854
0.87	0.790698
0.873	0.792826
0.876	0.794921
0.879	0.79698
0.882	0.799
0.885	0.800981
0.888	0.802924
0.891	0.804828
0.894	0.806697
0.897	0.808532
0.9	0.810338
0.903	0.812119
0.906	0.813879
0.909	0.815624
0.912	0.817358
0.915	0.819086
0.918	0.820815
0.921	0.822549
0.924	0.824294
0.927	0.826054
0.93	0.827834
0.933	0.829638
0.936	0.831469
0.939	0.833331
0.942	0.835224
0.945	0.83715
0.948	0.839108
0.951	0.841099
0.954	0.843118
0.957	0.845165
0.96	0.847233
0.963	0.849319
0.966	0.851415
0.969	0.853516
0.972	0.855615
0.975	0.857703
0.978	0.859773
0.981	0.861819
0.984	0.863833
0.987	0.865808
0.99	0.867741
0.993	0.869625
0.996	0.871458
0.999	0.873237
1.002	0.87496
1.005	0.876629
1.008	0.878243
1.011	0.879805
1.014	0.881317
1.017	0.882783
1.02	0.884208
1.023	0.885595
1.026	0.886951
1.029	0.888281
1.032	0.889592
1.035	0.890889
1.038	0.892178
1.041	0.893467
1.044	0.894761
1.047	0.896067
1.05	0.897391
1.053	0.898739
1.056	0.900116
1.059	0.901528
1.062	0.902978
1.065	0.904472
1.068	0.906013
1.071	0.907602
1.074	0.909243
1.077	0.910935
1.08	0.912679
1.083	0.914474
1.086	0.916316
1.089	0.918203
1.092	0.920131
1.095	0.922095
1.098	0.924088
1.101	0.926105
1.104	0.928139
1.107	0.930182
1.11	0.932229
1.113	0.934271
1.116	0.936304
1.119	0.938321
1.122	0.940318
1.125	0.942291
1.128	0.944235
1.131	0.946149
1.134	0.948032
1.137	0.949882
1.14	0.9517
1.143	0.953487
1.146	0.955245
1.149	0.956974
1.152	0.958678
1.155	0.960359
1.158	0.962021
1.161	0.963665
1.164	0.965296
1.167	0.966915
1.17	0.968525
1.173	0.970129
1.176	0.971728
1.179	0.973322
1.182	0.974914
1.185	0.976502
1.188	0.978085
1.191	0.979663
1.194	0.981233
1.197	0.982791
1.2	0.984335
1.203	0.985859
1.206	0.987359
1.209	0.988829
1.212	0.990266
1.215	0.991662
1.218	0.993013
1.221	0.994314
1.224	0.99556
1.227	0.996748
1.23	0.997874
1.233	0.998937
1.236	0.999934
1.239	1.00086
1.242	1.00173
1.245	1.00253
1.248	1.00327
1.251	1.00395
1.254	1.00457
1.257	1.00514
1.26	1.00566
1.263	1.00613
1.266	1.00656
1.269	1.00695
1.272	1.00731
1.275	1.00764
1.278	1.00794
1.281	1.00822
1.284	1.00849
1.287	1.00874
1.29	1.00898
1.293	1.00922
1.296	1.00945
1.299	1.00968
1.302	1.00992
1.305	1.01016
1.308	1.01041
1.311	1.01067
1.314	1.01095
1.317	1.01124
1.32	1.01155
1.323	1.01188
1.326	1.01224
1.329	1.01261
1.332	1.01302
1.335	1.01344
1.338	1.01389
1.341	1.01436
1.344	1.01486
1.347	1.01538
1.35	1.01592
1.353	1.01648
1.356	1.01706
1.359	1.01765
1.362	1.01826
1.365	1.01887
1.368	1.0195
1.371	1.02012
1.374	1.02076
1.377	1.02139
1.38	1.02203
1.383	1.02266
1.386	1.02329
1.389	1.02392
1.392	1.02454
1.395	1.02516
1.398	1.02577
1.401	1.02638
1.404	1.02698
1.407	1.02758
1.41	1.02817
1.413	1.02875
1.416	1.02933
1.419	1.0299
1.422	1.03046
1.425	1.03101
1.428	1.03155
1.431	1.03208
1.434	1.0326
1.437	1.0331
1.44	1.03359
1.443	1.03405
1.446	1.0345
1.449	1.03491
1.452	1.03531
1.455	1.03567
1.458	1.036
1.461	1.0363
1.464	1.03657
1.467	1.0368
1.47	1.03699
1.473	1.03715
1.476	1.03726
1.479	1.03734
1.482	1.03739
1.485	1.0374
1.488	1.03738
1.491	1.03732
1.494	1.03724
1.497	1.03713
1.5	1.03699
1.503	1.03683
1.506	1.03665
1.509	1.03644
1.512	1.03622
1.515	1.03599
1.518	1.03574
1.521	1.03547
1.524	1.03519
1.527	1.0349
1.53	1.0346
1.533	1.03429
1.536	1.03396
1.539	1.03363
1.542	1.03328
1.545	1.03293
1.548	1.03257
1.551	1.03219
1.554	1.03181
1.557	1.03143
1.56	1.03103
1.563	1.03063
1.566	1.03022
1.569	1.0298
1.572	1.02939
1.575	1.02897
1.578	1.02855
1.581	1.02813
1.584	1.02772
1.587	1.02731
1.59	1.0269
1.593	1.02651
1.596	1.02612
1.599	1.02574
1.602	1.02538
1.605	1.02503
1.608	1.0247
1.611	1.02437
1.614	1.02407
1.617	1.02378
1.62	1.0235
1.623	1.02324
1.626	1.02299
1.629	1.02276
1.632	1.02254
1.635	1.02233
1.638	1.02213
1.641	1.02194
1.644	1.02176
1.647	1.02159
1.65	1.02143
1.653	1.02127
1.656	1.02112
1.659	1.02098
1.662	1.02084
1.665	1.0207
1.668	1.02057
1.671	1.02044
1.674	1.02032
1.677	1.02019
1.68	1.02007
1.683	1.01995
1.686	1.01983
1.689	1.01971
1.692	1.0196
1.695	1.01948
1.698	1.01937
1.701	1.01926
1.704	1.01916
1.707	1.01905
1.71	1.01895
1.713	1.01885
1.716	1.01876
1.719	1.01867
1.722	1.01858
1.725	1.01849
1.728	1.01841
1.731	1.01832
1.734	1.01824
1.737	1.01816
1.74	1.01808
1.743	1.018
1.746	1.01792
1.749	1.01784
1.752	1.01775
1.755	1.01766
1.758	1.01755
1.761	1.01745
1.764	1.01733
1.767	1.01719
1.77	1.01705
1.773	1.01688
1.776	1.0167
1.779	1.01649
1.782	1.01626
1.785	1.016
1.788	1.01571
1.791	1.01538
1.794	1.01501
1.797	1.01461
1.8	1.01415
1.803	1.01365
1.806	1.0131
1.809	1.01249
1.812	1.01182
1.815	1.0111
1.818	1.01031
1.821	1.00947
1.824	1.00856
1.827	1.0076
1.83	1.00658
1.833	1.0055
1.836	1.00438
1.839	1.0032
1.842	1.00199
1.845	1.00073
1.848	0.999448
1.851	0.998136
1.854	0.996802
1.857	0.995452
1.86	0.994089
1.863	0.992719
1.866	0.991344
1.869	0.989967
1.872	0.988592
1.875	0.987218
1.878	0.985847
1.881	0.98448
1.884	0.983115
1.887	0.981753
1.89	0.980391
1.893	0.979028
1.896	0.977661
1.899	0.976289
1.902	0.974909
1.905	0.973517
1.908	0.972113
1.911	0.970693
1.914	0.969255
1.917	0.967797
1.92	0.966318
1.923	0.964816
1.926	0.963291
1.929	0.961743
1.932	0.960173
1.935	0.958582
1.938	0.956972
1.941	0.955347
1.944	0.953709
1.947	0.952064
1.95	0.950416
1.953	0.948771
1.956	0.947134
1.959	0.945511
1.962	0.943908
1.965	0.942331
1.968	0.940785
1.971	0.939275
1.974	0.937806
1.977	0.936381
1.98	0.935002
1.983	0.933671
1.986	0.932391
1.989	0.93116
1.992	0.929979
1.995	0.928845
1.998	0.927758
2.001	0.926715
2.004	0.925712
2.007	0.924747
2.01	0.923817
2.013	0.922917
2.016	0.922043
2.019	0.921192
2.022	0.920361
2.025	0.919544
2.028	0.918739
2.031	0.917943
2.034	0.917152
2.037	0.916363
2.04	0.915573
2.043	0.914781
2.046	0.913985
2.049	0.913184
2.052	0.912375
2.055	0.91156
2.058	0.910737
2.061	0.909907
2.064	0.909072
2.067	0.908231
2.07	0.907388
2.073	0.906543
2.076	0.905698
2.079	0.904857
2.082	0.904021
2.085	0.903192
2.088	0.902372
2.091	0.901564
2.094	0.900767
2.097	0.899985
2.1	0.899217
2.103	0.898463
2.106	0.897723
2.109	0.896996
2.112	0.896281
2.115	0.895577
2.118	0.89488
2.121	0.894188
2.124	0.893497
2.127	0.892805
2.13	0.892107
2.133	0.891399
2.136	0.890675
2.139	0.889931
2.142	0.889162
2.145	0.888362
2.148	0.887524
2.151	0.886644
2.154	0.885714
2.157	0.884728
2.16	0.883681
2.163	0.882566
2.166	0.881377
2.169	0.880109
2.172	0.878757
2.175	0.877317
2.178	0.875786
2.181	0.87416
2.184	0.87244
2.187	0.870625
2.19	0.868717
2.193	0.866719
2.196	0.864634
2.199	0.86247
2.202	0.860232
2.205	0.85793
2.208	0.85557
2.211	0.853164
2.214	0.85072
2.217	0.848247
2.22	0.845756
2.223	0.843254
2.226	0.840749
2.229	0.838248
2.232	0.835757
2.235	0.83328
2.238	0.830821
2.241	0.828381
2.244	0.825961
2.247	0.823561
2.25	0.82118
2.253	0.818816
2.256	0.816465
2.259	0.814125
2.262	0.811792
2.265	0.809461
2.268	0.807129
2.271	0.804791
2.274	0.802444
2.277	0.800084
2.28	0.797709
2.283	0.795315
2.286	0.792902
2.289	0.790469
2.292	0.788016
2.295	0.785545
2.298	0.783058
2.301	0.78056
2.304	0.778056
2.307	0.775551
2.31	0.773053
2.313	0.770569
2.316	0.768109
2.319	0.76568
2.322	0.763292
2.325	0.760954
2.328	0.758673
2.331	0.756458
2.334	0.754315
2.337	0.752248
2.34	0.750263
2.343	0.748363
2.346	0.746547
2.349	0.744817
2.352	0.74317
2.355	0.741605
2.358	0.740117
2.361	0.738701
2.364	0.737352
2.367	0.736064
2.37	0.734828
2.373	0.733638
2.376	0.732486
2.379	0.731364
2.382	0.730263
2.385	0.729176
2.388	0.728093
2.391	0.727007
2.394	0.725909
2.397	0.724791
2.4	0.723645
2.403	0.722464
2.406	0.72124
2.409	0.719967
2.412	0.718639
2.415	0.717249
2.418	0.715793
2.421	0.714267
2.424	0.712669
2.427	0.710997
2.43	0.70925
2.433	0.707429
2.436	0.705536
2.439	0.703575
2.442	0.70155
2.445	0.699466
2.448	0.69733
2.451	0.695148
2.454	0.692929
2.457	0.690679
2.46	0.688407
2.463	0.686119
2.466	0.683823
2.469	0.681523
2.472	0.679225
2.475	0.676933
2.478	0.67465
2.481	0.672378
2.484	0.670117
2.487	0.667866
2.49	0.665625
2.493	0.663391
2.496	0.66116
2.499	0.658928
2.502	0.65669
2.505	0.654441
2.508	0.652174
2.511	0.649884
2.514	0.647564
2.517	0.645207
2.52	0.642807
2.523	0.640358
2.526	0.637853
2.529	0.635288
2.532	0.632657
2.535	0.629958
2.538	0.627187
2.541	0.624342
2.544	0.621424
2.547	0.618434
2.55	0.615373
2.553	0.612248
2.556	0.609062
2.559	0.605823
2.562	0.60254
2.565	0.599222
2.568	0.59588
2.571	0.592524
2.574	0.589165
2.577	0.585815
2.58	0.582485
2.583	0.579184
2.586	0.575921
2.589	0.572704
2.592	0.569539
2.595	0.566432
2.598	0.563385
2.601	0.560399
2.604	0.557475
2.607	0.554611
2.61	0.551803
2.613	0.549048
2.616	0.54634
2.619	0.543671
2.622	0.541035
2.625	0.538424
2.628	0.535828
2.631	0.533239
2.634	0.530646
2.637	0.528041
2.64	0.525414
2.643	0.522756
2.646	0.520057
2.649	0.51731
2.652	0.514506
2.655	0.511639
2.658	0.508703
2.661	0.505693
2.664	0.502607
2.667	0.499441
2.67	0.496197
2.673	0.492875
2.676	0.48948
2.679	0.486017
2.682	0.482493
2.685	0.478916
2.688	0.475297
2.691	0.471647
2.694	0.467978
2.697	0.464302
2.7	0.460632
2.703	0.456979
2.706	0.453357
2.709	0.449775
2.712	0.446243
2.715	0.442769
2.718	0.439359
2.721	0.436017
2.724	0.432748
2.727	0.429551
2.73	0.426427
2.733	0.423373
2.736	0.420387
2.739	0.417464
2.742	0.414599
2.745	0.411785
2.748	0.409015
2.751	0.406282
2.754	0.403579
2.757	0.400898
2.76	0.39823
2.763	0.395569
2.766	0.392908
2.769	0.39024
2.772	0.38756
2.775	0.384862
2.778	0.382142
2.781	0.379399
2.784	0.376631
2.787	0.373837
2.79	0.371019
2.793	0.36818
2.796	0.365324
2.799	0.362457
2.802	0.359585
2.805	0.356717
2.808	0.353862
2.811	0.35103
2.814	0.348229
2.817	0.345471
2.82	0.342765
2.823	0.340119
2.826	0.337543
2.829	0.335042
2.832	0.332624
2.835	0.330291
2.838	0.328047
2.841	0.325893
2.844	0.323827
2.847	0.32185
2.85	0.319956
2.853	0.318142
2.856	0.316402
2.859	0.31473
2.862	0.313118
2.865	0.311558
2.868	0.310042
2.871	0.30856
2.874	0.307105
2.877	0.305665
2.88	0.304232
2.883	0.302796
2.886	0.301348
2.889	0.299878
2.892	0.298376
2.895	0.296834
2.898	0.295243
2.901	0.293595
2.904	0.291882
2.907	0.290097
2.91	0.288235
2.913	0.286289
2.916	0.284258
2.919	0.282137
2.922	0.279926
2.925	0.277625
2.928	0.275236
2.931	0.272762
2.934	0.270208
2.937	0.26758
2.94	0.264885
2.943	0.262131
2.946	0.259327
2.949	0.256481
2.952	0.253603
2.955	0.2507
2.958	0.247781
2.961	0.244852
2.964	0.24192
2.967	0.23899
2.97	0.236064
2.973	0.233144
2.976	0.230232
2.979	0.227326
2.982	0.224423
2.985	0.221521
2.988	0.218615
2.991	0.215699
2.994	0.212765
2.997	0.209808
3	0.20682
3.003	0.203791
3.006	0.200714
3.009	0.197581
3.012	0.194384
3.015	0.191115
3.018	0.187769
3.021	0.184338
3.024	0.180819
3.027	0.177209
3.03	0.173507
3.033	0.169713
3.036	0.16583
3.039	0.161862
3.042	0.157815
3.045	0.153699
3.048	0.149524
3.051	0.145302
3.054	0.141045
3.057	0.13677
3.06	0.132489
3.063	0.128218
3.066	0.123972
3.069	0.119765
3.072	0.115609
3.075	0.111515
3.078	0.107494
3.081	0.103552
3.084	0.0996943
3.087	0.0959255
3.09	0.0922467
3.093	0.0886574
3.096	0.0851553
3.099	0.0817367
3.102	0.0783963
3.105	0.0751278
3.108	0.0719236
3.111	0.0687758
3.114	0.0656754
3.117	0.0626135
3.12	0.0595809
3.123	0.0565684
3.126	0.0535671
3.129	0.0505685
3.132	0.0475645
3.135	0.0445482
3.138	0.0415133
3.141	0.0384546
3.144	0.0353684
3.147	0.0322523
3.15	0.0291052
3.153	0.0259281
3.156	0.0227232
3.159	0.0194948
3.162	0.0162484
3.165	0.0129915
3.168	0.00973277
3.171	0.00648203
3.174	0.00325005
3.177	4.81639e-05
3.18	-0.00311211
3.183	-0.00621939
3.186	-0.00926287
3.189	-0.0122326
3.192	-0.0151199
3.195	-0.0179174
3.198	-0.0206196
3.201	-0.0232227
3.204	-0.0257248
3.207	-0.0281256
3.21	-0.030427
3.213	-0.0326322
3.216	-0.0347461
3.219	-0.0367751
3.222	-0.0387265
3.225	-0.0406089
3.228	-0.0424315
3.231	-0.0442043
3.234	-0.0459379
3.237	-0.0476432
3.24	-0.0493313
3.243	-0.0510137
3.246	-0.0527018
3.249	-0.0544068
3.252	-0.0561401
3.255	-0.0579125
3.258	-0.0597346
3.261	-0.0616165
3.264	-0.0635675
3.267	-0.0655962
3.27	-0.0677102
3.273	-0.069916
3.276	-0.0722188
3.279	-0.0746221
3.282	-0.077128
3.285	-0.079737
3.288	-0.0824474
3.291	-0.0852561
3.294	-0.0881581
3.297	-0.0911468
3.3	-0.0942141
3.303	-0.0973508
3.306	-0.100547
3.309	-0.103791
3.312	-0.107073
3.315	-0.110381
3.318	-0.113706
3.321	-0.117037
3.324	-0.120367
3.327	-0.123687
3.33	-0.126992
3.333	-0.130279
3.336	-0.133543
3.339	-0.136784
3.342	-0.140002
3.345	-0.143199
3.348	-0.146379
3.351	-0.149545
3.354	-0.152703
3.357	-0.155859
3.36	-0.159021
3.363	-0.162194
3.366	-0.165388
3.369	-0.16861
3.372	-0.171868
3.375	-0.175168
3.378	-0.178519
3.381	-0.181926
3.384	-0.185395
3.387	-0.18893
3.39	-0.192533
3.393	-0.196207
3.396	-0.19995
3.399	-0.203761
3.402	-0.207635
3.405	-0.211567
3.408	-0.215549
3.411	-0.219572
3.414	-0.223624
3.417	-0.227693
3.42	-0.231765
3.423	-0.235827
3.426	-0.239864
3.429	-0.243863
3.432	-0.247809
3.435	-0.251691
3.438	-0.255497
3.441	-0.259218
3.444	-0.262846
3.447	-0.266375
3.45	-0.269802
3.453	-0.273124
3.456	-0.276342
3.459	-0.279459
3.462	-0.282476
3.465	-0.285401
3.468	-0.288238
3.471	-0.290995
3.474	-0.29368
3.477	-0.296303
3.48	-0.298873
3.483	-0.301399
3.486	-0.303891
3.489	-0.306359
3.492	-0.308814
3.495	-0.311264
3.498	-0.313719
3.501	-0.316188
3.504	-0.318678
3.507	-0.321198
3.51	-0.323754
3.513	-0.326352
3.516	-0.328995
3.519	-0.331688
3.522	-0.334433
3.525	-0.337229
3.528	-0.340076
3.531	-0.342972
3.534	-0.345912
3.537	-0.348892
3.54	-0.351904
3.543	-0.354941
3.546	-0.357995
3.549	-0.361054
3.552	-0.364111
3.555	-0.367155
3.558	-0.370176
3.561	-0.373165
3.564	-0.376113
3.567	-0.379014
3.57	-0.381861
3.573	-0.384649
3.576	-0.387374
3.579	-0.390035
3.582	-0.392631
3.585	-0.395162
3.588	-0.397631
3.591	-0.400041
3.594	-0.402396
3.597	-0.404701
3.6	-0.406961
3.603	-0.409183
3.606	-0.411372
3.609	-0.413537
3.612	-0.415684
3.615	-0.417818
3.618	-0.419948
3.621	-0.42208
3.624	-0.424218
3.627	-0.426368
3.63	-0.428535
3.633	-0.430722
3.636	-0.432931
3.639	-0.435165
3.642	-0.437423
3.645	-0.439705
3.648	-0.442008
3.651	-0.444331
3.654	-0.446668
3.657	-0.449014
3.66	-0.451364
3.663	-0.45371
3.666	-0.456044
3.669	-0.45836
3.672	-0.46065
3.675	-0.462907
3.678	-0.465124
3.681	-0.467294
3.684	-0.469413
3.687	-0.471477
3.69	-0.473482
3.693	-0.475427
3.696	-0.477311
3.699	-0.479136
3.702	-0.480901
3.705	-0.482612
3.708	-0.48427
3.711	-0.48588
3.714	-0.487449
3.717	-0.48898
3.72	-0.490482
3.723	-0.491959
3.726	-0.49342
3.729	-0.494871
3.732	-0.496319
3.735	-0.497771
3.738	-0.499235
3.741	-0.500718
3.744	-0.502225
3.747	-0.503763
3.75	-0.505338
3.753	-0.506955
3.756	-0.508618
3.759	-0.510332
3.762	-0.512098
3.765	-0.513918
3.768	-0.515794
3.771	-0.517723
3.774	-0.519705
3.777	-0.521737
3.78	-0.523813
3.783	-0.52593
3.786	-0.52808
3.789	-0.530256
3.792	-0.532452
3.795	-0.534659
3.798	-0.536869
3.801	-0.539075
3.804	-0.541269
3.807	-0.543446
3.81	-0.545598
3.813	-0.547722
3.816	-0.549813
3.819	-0.55187
3.822	-0.55389
3.825	-0.555874
3.828	-0.557822
3.831	-0.559737
3.834	-0.561621
3.837	-0.563477
3.84	-0.56531
3.843	-0.567124
3.846	-0.568925
3.849	-0.570719
3.852	-0.57251
3.855	-0.574306
3.858	-0.576111
3.861	-0.577931
3.864	-0.579772
3.867	-0.581639
3.87	-0.583536
3.873	-0.585467
3.876	-0.587435
3.879	-0.589443
3.882	-0.591492
3.885	-0.593582
3.888	-0.595714
3.891	-0.597885
3.894	-0.600092
3.897	-0.602333
3.9	-0.604602
3.903	-0.606894
3.906	-0.609202
3.909	-0.61152
3.912	-0.61384
3.915	-0.616156
3.918	-0.61846
3.921	-0.620746
3.924	-0.623007
3.927	-0.625239
3.93	-0.627437
3.933	-0.629597
3.936	-0.631718
3.939	-0.633798
3.942	-0.635838
3.945	-0.63784
3.948	-0.639805
3.951	-0.641737
3.954	-0.64364
3.957	-0.64552
3.96	-0.647383
3.963	-0.649234
3.966	-0.651082
3.969	-0.652933
3.972	-0.654795
3.975	-0.656677
3.978	-0.658585
3.981	-0.660528
3.984	-0.662514
3.987	-0.66455
3.99	-0.666642
3.993	-0.668798
3.996	-0.671021
3.999	-0.673318
4.002	-0.675692
4.005	-0.678144
4.008	-0.680676
4.011	-0.683286
4.014	-0.685974
4.017	-0.688734
4.02	-0.691562
4.023	-0.694452
4.026	-0.697394
4.029	-0.70038
4.032	-0.7034
4.035	-0.706444
4.038	-0.7095
4.041	-0.712558
4.044	-0.715607
4.047	-0.718638
4.05	-0.721642
4.053	-0.724611
4.056	-0.727537
4.059	-0.730417
4.062	-0.733247
4.065	-0.736023
4.068	-0.738745
4.071	-0.741414
4.074	-0.74403
4.077	-0.746596
4.08	-0.749116
4.083	-0.751594
4.086	-0.754035
4.089	-0.756444
4.092	-0.758828
4.095	-0.761192
4.098	-0.763543
4.101	-0.765888
4.104	-0.768231
4.107	-0.77058
4.11	-0.77294
4.113	-0.775316
4.116	-0.777712
4.119	-0.780133
4.122	-0.782581
4.125	-0.785058
4.128	-0.787566
4.131	-0.790103
4.134	-0.79267
4.137	-0.795262
4.14	-0.797876
4.143	-0.800508
4.146	-0.80315
4.149	-0.805795
4.152	-0.808435
4.155	-0.811061
4.158	-0.813663
4.161	-0.816231
4.164	-0.818757
4.167	-0.821231
4.17	-0.823644
4.173	-0.825989
4.176	-0.828258
4.179	-0.830448
4.182	-0.832552
4.185	-0.83457
4.188	-0.836499
4.191	-0.838339
4.194	-0.840093
4.197	-0.841761
4.2	-0.843348
4.203	-0.844858
4.206	-0.846295
4.209	-0.847665
4.212	-0.848974
4.215	-0.850227
4.218	-0.851431
4.221	-0.852591
4.224	-0.853714
4.227	-0.854805
4.23	-0.855871
4.233	-0.856915
4.236	-0.857944
4.239	-0.858962
4.242	-0.859972
4.245	-0.860978
4.248	-0.861984
4.251	-0.862991
4.254	-0.864001
4.257	-0.865016
4.26	-0.866037
4.263	-0.867063
4.266	-0.868093
4.269	-0.869127
4.272	-0.870163
4.275	-0.871199
4.278	-0.872233
4.281	-0.873262
4.284	-0.874283
4.287	-0.875293
4.29	-0.87629
4.293	-0.877271
4.296	-0.878234
4.299	-0.879177
4.302	-0.880098
4.305	-0.880996
4.308	-0.881871
4.311	-0.882721
4.314	-0.883547
4.317	-0.884349
4.32	-0.885129
4.323	-0.885887
4.326	-0.886625
4.329	-0.887345
4.332	-0.888049
4.335	-0.888738
4.338	-0.889416
4.341	-0.890084
4.344	-0.890744
4.347	-0.891399
4.35	-0.892052
4.353	-0.892703
4.356	-0.893356
4.359	-0.894011
4.362	-0.894671
4.365	-0.895337
4.368	-0.896009
4.371	-0.896689
4.374	-0.897377
4.377	-0.898072
4.38	-0.898774
4.383	-0.899483
4.386	-0.900198
4.389	-0.900916
4.392	-0.901636
4.395	-0.902356
4.398	-0.903073
4.401	-0.903786
4.404	-0.904492
4.407	-0.905187
4.41	-0.905871
4.413	-0.90654
4.416	-0.907193
4.419	-0.907829
4.422	-0.908445
4.425	-0.909042
4.428	-0.909618
4.431	-0.910175
4.434	-0.910711
4.437	-0.911228
4.44	-0.911727
4.443	-0.91221
4.446	-0.912677
4.449	-0.913131
4.452	-0.913574
4.455	-0.914007
4.458	-0.914434
4.461	-0.914857
4.464	-0.915278
4.467	-0.9157
4.47	-0.916125
4.473	-0.916556
4.476	-0.916996
4.479	-0.917447
4.482	-0.917912
4.485	-0.918393
4.488	-0.918893
4.491	-0.919413
4.494	-0.919956
4.497	-0.920523
4.5	-0.921115
4.503	-0.921734
4.506	-0.922381
4.509	-0.923054
4.512	-0.923755
4.515	-0.924482
4.518	-0.925234
4.521	-0.92601
4.524	-0.926808
4.527	-0.927624
4.53	-0.928458
4.533	-0.929305
4.536	-0.930162
4.539	-0.931027
4.542	-0.931897
4.545	-0.932769
4.548	-0.93364
4.551	-0.934508
4.554	-0.935372
4.557	-0.936228
4.56	-0.937077
4.563	-0.937917
4.566	-0.938748
4.569	-0.93957
4.572	-0.940383
4.575	-0.941188
4.578	-0.941984
4.581	-0.942774
4.584	-0.943558
4.587	-0.944336
4.59	-0.945111
4.593	-0.945884
4.596	-0.946654
4.599	-0.947424
4.602	-0.948193
4.605	-0.948963
4.608	-0.949732
4.611	-0.950502
4.614	-0.951272
4.617	-0.95204
4.62	-0.952806
4.623	-0.953568
4.626	-0.954324
4.629	-0.955072
4.632	-0.95581
4.635	-0.956535
4.638	-0.957244
4.641	-0.957935
4.644	-0.958605
4.647	-0.959251
4.65	-0.959871
4.653	-0.960463
4.656	-0.961025
4.659	-0.961555
4.662	-0.962054
4.665	-0.96252
4.668	-0.962953
4.671	-0.963354
4.674	-0.963722
4.677	-0.96406
4.68	-0.964367
4.683	-0.964645
4.686	-0.964896
4.689	-0.96512
4.692	-0.965319
4.695	-0.965495
4.698	-0.965649
4.701	-0.965782
4.704	-0.965895
4.707	-0.965988
4.71	-0.966064
4.713	-0.966122
4.716	-0.966162
4.719	-0.966186
4.722	-0.966192
4.725	-0.966181
4.728	-0.966153
4.731	-0.966107
4.734	-0.966043
4.737	-0.96596
4.74	-0.965857
4.743	-0.965734
4.746	-0.965589
4.749	-0.965424
4.752	-0.965236
4.755	-0.965025
4.758	-0.964791
4.761	-0.964535
4.764	-0.964256
4.767	-0.963954
4.77	-0.963631
4.773	-0.963287
4.776	-0.962923
4.779	-0.962542
4.782	-0.962144
4.785	-0.96173
4.788	-0.961304
4.791	-0.960865
4.794	-0.960417
4.797	-0.95996
4.8	-0.959496
4.803	-0.959027
4.806	-0.958553
4.809	-0.958075
4.812	-0.957594
4.815	-0.95711
4.818	-0.956624
4.821	-0.956135
4.824	-0.955643
4.827	-0.955147
4.83	-0.954649
4.833	-0.954145
4.836	-0.953637
4.839	-0.953122
4.842	-0.952602
4.845	-0.952074
4.848	-0.951538
4.851	-0.950993
4.854	-0.95044
4.857	-0.949877
4.86	-0.949306
4.863	-0.948725
4.866	-0.948136
4.869	-0.947539
4.872	-0.946936
4.875	-0.946327
4.878	-0.945713
4.881	-0.945098
4.884	-0.944482
4.887	-0.943867
4.89	-0.943257
4.893	-0.942651
4.896	-0.942054
4.899	-0.941466
4.902	-0.940889
4.905	-0.940325
4.908	-0.939775
4.911	-0.939239
4.914	-0.93872
4.917	-0.938215
4.92	-0.937726
4.923	-0.937252
4.926	-0.936792
4.929	-0.936346
4.932	-0.935911
4.935	-0.935487
4.938	-0.935071
4.941	-0.934663
4.944	-0.934259
4.947	-0.933857
4.95	-0.933456
4.953	-0.933052
4.956	-0.932644
4.959	-0.932228
4.962	-0.931804
4.965	-0.931366
4.968	-0.930915
4.971	-0.930446
4.974	-0.929958
4.977	-0.929448
4.98	-0.928914
4.983	-0.928355
4.986	-0.927769
4.989	-0.927155
4.992	-0.926512
4.995	-0.925839
4.998	-0.925136
5.001	-0.924404
5.004	-0.923644
5.007	-0.922857
5.01	-0.922044
5.013	-0.921208
5.016	-0.920352
5.019	-0.919478
5.022	-0.918589
5.025	-0.917687
5.028	-0.916776
5.031	-0.915859
5.034	-0.914937
5.037	-0.914012
5.04	-0.913087
5.043	-0.912163
5.046	-0.911239
5.049	-0.910317
5.052	-0.909396
5.055	-0.908474
5.058	-0.907551
5.061	-0.906623
5.064	-0.90569
5.067	-0.904748
5.07	-0.903792
5.073	-0.902821
5.076	-0.901829
5.079	-0.900813
5.082	-0.899768
5.085	-0.898688
5.088	-0.89757
5.091	-0.896409
5.094	-0.8952
5.097	-0.893938
5.1	-0.892619
5.103	-0.89124
5.106	-0.889797
5.109	-0.888287
5.112	-0.886709
5.115	-0.885062
5.118	-0.883344
5.121	-0.881559
5.124	-0.879707
5.127	-0.877791
5.13	-0.875817
5.133	-0.873788
5.136	-0.871712
5.139	-0.869595
5.142	-0.867444
5.145	-0.865266
5.148	-0.86307
5.151	-0.860863
5.154	-0.858651
5.157	-0.856441
5.16	-0.85424
5.163	-0.852051
5.166	-0.849879
5.169	-0.847726
5.172	-0.845595
5.175	-0.843486
5.178	-0.841398
5.181	-0.839331
5.184	-0.837283
5.187	-0.835251
5.19	-0.833232
5.193	-0.831222
5.196	-0.829216
5.199	-0.82721
5.202	-0.825201
5.205	-0.823182
5.208	-0.821149
5.211	-0.819099
5.214	-0.817028
5.217	-0.814931
5.22	-0.812806
5.223	-0.810652
5.226	-0.808466
5.229	-0.806249
5.232	-0.804002
5.235	-0.801725
5.238	-0.799423
5.241	-0.7971
5.244	-0.794759
5.247	-0.792408
5.25	-0.790053
5.253	-0.787701
5.256	-0.785361
5.259	-0.783041
5.262	-0.780747
5.265	-0.77849
5.268	-0.776275
5.271	-0.774109
5.274	-0.771997
5.277	-0.769945
5.28	-0.767956
5.283	-0.766032
5.286	-0.764174
5.289	-0.762382
5.292	-0.760655
5.295	-0.758991
5.298	-0.757388
5.301	-0.75584
5.304	-0.754344
5.307	-0.752896
5.31	-0.751489
5.313	-0.750118
5.316	-0.748777
5.319	-0.74746
5.322	-0.746163
5.325	-0.744877
5.328	-0.743599
5.331	-0.742322
5.334	-0.741041
5.337	-0.739752
5.34	-0.738449
5.343	-0.737129
5.346	-0.735789
5.349	-0.734426
5.352	-0.733037
5.355	-0.731621
5.358	-0.730179
5.361	-0.728709
5.364	-0.727213
5.367	-0.725693
5.37	-0.724151
5.373	-0.722591
5.376	-0.721017
5.379	-0.719433
5.382	-0.717843
5.385	-0.716254
5.388	-0.714669
5.391	-0.713093
5.394	-0.711531
5.397	-0.709987
5.4	-0.708464
5.403	-0.706964
5.406	-0.705491
5.409	-0.704044
5.412	-0.702623
5.415	-0.701229
5.418	-0.69986
5.421	-0.698513
5.424	-0.697185
5.427	-0.695873
5.43	-0.694572
5.433	-0.693277
5.436	-0.691983
5.439	-0.690683
5.442	-0.689373
5.445	-0.688045
5.448	-0.686692
5.451	-0.685307
5.454	-0.683884
5.457	-0.682416
5.46	-0.680895
5.463	-0.679316
5.466	-0.677671
5.469	-0.675955
5.472	-0.674162
5.475	-0.672289
5.478	-0.670332
5.481	-0.668288
5.484	-0.666156
5.487	-0.663936
5.49	-0.66163
5.493	-0.659241
5.496	-0.656772
5.499	-0.654229
5.502	-0.65162
5.505	-0.648951
5.508	-0.646232
5.511	-0.643473
5.514	-0.640681
5.517	-0.637868
5.52	-0.635042
5.523	-0.632211
5.526	-0.629385
5.529	-0.626569
5.532	-0.62377
5.535	-0.620991
5.538	-0.618237
5.541	-0.615508
5.544	-0.612806
5.547	-0.61013
5.55	-0.607477
5.553	-0.604845
5.556	-0.60223
5.559	-0.599628
5.562	-0.597033
5.565	-0.594439
5.568	-0.59184
5.571	-0.58923
5.574	-0.586603
5.577	-0.583953
5.58	-0.581272
5.583	-0.578557
5.586	-0.575802
5.589	-0.573003
5.592	-0.570157
5.595	-0.567262
5.598	-0.564317
5.601	-0.561323
5.604	-0.558282
5.607	-0.555198
5.61	-0.552074
5.613	-0.548919
5.616	-0.54574
5.619	-0.542545
5.622	-0.539346
5.625	-0.536153
5.628	-0.532976
5.631	-0.529828
5.634	-0.526719
5.637	-0.523659
5.64	-0.520659
5.643	-0.517727
5.646	-0.514869
5.649	-0.512092
5.652	-0.509399
5.655	-0.506792
5.658	-0.504273
5.661	-0.50184
5.664	-0.499492
5.667	-0.497224
5.67	-0.495033
5.673	-0.492912
5.676	-0.490855
5.679	-0.488856
5.682	-0.486905
5.685	-0.484996
5.688	-0.48312
5.691	-0.481268
5.694	-0.479432
5.697	-0.477604
5.7	-0.475775
5.703	-0.473937
5.706	-0.472082
5.709	-0.470203
5.712	-0.468293
5.715	-0.466346
5.718	-0.464356
5.721	-0.462318
5.724	-0.460229
5.727	-0.458085
5.73	-0.455886
5.733	-0.453631
5.736	-0.45132
5.739	-0.448957
5.742	-0.446544
5.745	-0.444086
5.748	-0.441588
5.751	-0.439059
5.754	-0.436504
5.757	-0.433932
5.76	-0.431351
5.763	-0.42877
5.766	-0.426195
5.769	-0.423636
5.772	-0.421097
5.775	-0.418586
5.778	-0.416106
5.781	-0.413662
5.784	-0.411254
5.787	-0.408885
5.79	-0.406555
5.793	-0.404261
5.796	-0.402001
5.799	-0.399772
5.802	-0.39757
5.805	-0.39539
5.808	-0.393226
5.811	-0.391073
5.814	-0.388925
5.817	-0.386776
5.82	-0.38462
5.823	-0.382451
5.826	-0.380264
5.829	-0.378053
5.832	-0.375816
5.835	-0.373548
5.838	-0.371247
5.841	-0.368912
5.844	-0.366543
5.847	-0.36414
5.85	-0.361707
5.853	-0.359246
5.856	-0.356762
5.859	-0.354262
5.862	-0.351752
5.865	-0.349239
5.868	-0.346732
5.871	-0.34424
5.874	-0.341769
5.877	-0.33933
5.88	-0.336929
5.883	-0.334574
5.886	-0.33227
5.889	-0.330024
5.892	-0.327839
5.895	-0.325717
5.898	-0.323662
5.901	-0.321674
5.904	-0.319752
5.907	-0.317895
5.91	-0.3161
5.913	-0.314366
5.916	-0.312689
5.919	-0.311065
5.922	-0.309489
5.925	-0.307958
5.928	-0.306467
5.931	-0.305011
5.934	-0.303586
5.937	-0.302188
5.94	-0.300813
5.943	-0.299457
5.946	-0.298117
5.949	-0.29679
5.952	-0.295474
5.955	-0.294167
5.958	-0.292868
5.961	-0.291575
5.964	-0.290289
5.967	-0.289009
5.97	-0.287738
5.973	-0.286476
5.976	-0.285224
5.979	-0.283987
5.982	-0.282766
5.985	-0.281564
5.988	-0.280386
5.991	-0.279233
5.994	-0.278111
5.997	-0.277022
