 Location  Dispersion    Centroids   Volume
-0.00458827   0.118162   0.00275057   0.999757
0.114292   0.119464   0.151972   0.999952
0.238551   0.122018   0.254488   0.999963
0.359495   0.125057   0.366497   1.00008
0.487338   0.125391   0.47928   1.00015
0.609621   0.124089   0.660894   1.00008
0.730319   0.121353   0.707361   0.999938
0.855756   0.121687   0.774939   0.999945
0.975076   0.123182   0.865043   1.00005
1.09742   0.12385   0.920031   1.00006
1.22282   0.123603   1.00856   1.00002
1.34411   0.122286   1.0098   0.999997
1.47029   0.122986   1.04637   1.00002
1.59021   0.122363   1.02511   0.99999
1.71039   0.122468   1.01854   0.999994
1.83816   0.124233   1.01868   1.00014
1.95809   0.122096   0.937568   0.99993
2.08321   0.121481   0.904091   0.999942
2.20296   0.122531   0.878533   1
2.3224   0.121981   0.743935   1.00001
2.44798   0.12213   0.714286   0.999933
2.56917   0.123537   0.592417   1.00009
2.69614   0.124622   0.472927   1.00008
2.81605   0.121363   0.330292   0.999934
2.93503   0.121444   0.281229   0.99995
3.06262   0.122601   0.140096   1.0001
3.17965   0.12142   -0.0234244   0.999868
3.30104   0.122649   -0.0765081   0.999914
3.42461   0.124959   -0.245456   1.00019
3.54751   0.12181   -0.365119   0.999969
3.67199   0.120889   -0.464682   0.999906
3.7902   0.120536   -0.527003   0.999916
3.90871   0.121669   -0.617097   0.999964
4.03845   0.126047   -0.692402   1.00015
4.15603   0.125619   -0.834629   1.00007
4.28515   0.121512   -0.874121   0.999952
4.40419   0.121809   -0.907376   0.999968
4.52442   0.122772   -0.923539   1.00002
4.64965   0.122718   -0.965301   0.999999
4.76993   0.122175   -0.967356   0.999973
4.8954   0.122538   -0.940431   1.00001
5.015   0.121666   -0.925061   0.999956
5.13638   0.123635   -0.880355   1.00003
5.26096   0.124189   -0.774628   1.00007
5.38229   0.121728   -0.717066   0.999944
5.50526   0.124595   -0.662872   1.00015
5.63009   0.124761   -0.524018   1.00001
5.74984   0.120065   -0.438646   0.999945
5.87527   0.119632   -0.341843   0.99983
5.99337   0.122628   -0.261798   1.00008
