 x 	V[Y|X = x] 
0	0.000981321
0.003	0.00104304
0.006	0.00110223
0.009	0.00115771
0.012	0.00120866
0.015	0.00125472
0.018	0.0012959
0.021	0.00133256
0.024	0.00136528
0.027	0.0013948
0.03	0.0014219
0.033	0.00144728
0.036	0.00147152
0.039	0.00149496
0.042	0.00151764
0.045	0.00153926
0.048	0.0015592
0.051	0.00157655
0.054	0.0015903
0.057	0.00159954
0.06	0.00160366
0.063	0.00160257
0.066	0.00159674
0.069	0.00158716
0.072	0.00157515
0.075	0.00156215
0.078	0.00154954
0.081	0.0015385
0.084	0.0015299
0.087	0.00152436
0.09	0.00152221
0.093	0.00152353
0.096	0.00152822
0.099	0.00153589
0.102	0.00154593
0.105	0.00155745
0.108	0.00156932
0.111	0.00158021
0.114	0.00158878
0.117	0.00159385
0.12	0.00159462
0.123	0.00159085
0.126	0.00158289
0.129	0.00157162
0.132	0.0015583
0.135	0.00154429
0.138	0.00153091
0.141	0.00151926
0.144	0.00151018
0.147	0.00150421
0.15	0.00150167
0.153	0.00150262
0.156	0.00150691
0.159	0.00151418
0.162	0.00152382
0.165	0.00153495
0.168	0.00154647
0.171	0.00155707
0.174	0.00156545
0.177	0.00157045
0.18	0.00157127
0.183	0.00156766
0.186	0.00155996
0.189	0.00154901
0.192	0.00153603
0.195	0.00152234
0.198	0.00150921
0.201	0.00149774
0.204	0.00148873
0.207	0.00148273
0.21	0.00148002
0.213	0.00148067
0.216	0.00148452
0.219	0.00149119
0.222	0.00150007
0.225	0.00151029
0.228	0.00152073
0.231	0.00153012
0.234	0.00153717
0.237	0.00154072
0.24	0.00154
0.243	0.00153474
0.246	0.00152523
0.249	0.00151226
0.252	0.00149695
0.255	0.00148051
0.258	0.00146409
0.261	0.00144867
0.264	0.00143493
0.267	0.00142337
0.27	0.00141424
0.273	0.00140771
0.276	0.00140384
0.279	0.00140264
0.282	0.00140411
0.285	0.00140818
0.288	0.00141473
0.291	0.00142354
0.294	0.00143426
0.297	0.00144642
0.3	0.00145944
0.303	0.00147268
0.306	0.00148552
0.309	0.00149742
0.312	0.00150799
0.315	0.00151699
0.318	0.00152431
0.321	0.00152995
0.324	0.00153395
0.327	0.00153636
0.33	0.00153725
0.333	0.0015366
0.336	0.00153439
0.339	0.00153054
0.342	0.00152491
0.345	0.00151736
0.348	0.00150777
0.351	0.00149606
0.354	0.00148224
0.357	0.00146649
0.36	0.00144917
0.363	0.0014308
0.366	0.00141209
0.369	0.0013938
0.372	0.00137669
0.375	0.00136141
0.378	0.00134847
0.381	0.00133818
0.384	0.00133071
0.387	0.00132606
0.39	0.0013242
0.393	0.001325
0.396	0.00132832
0.399	0.00133397
0.402	0.0013417
0.405	0.00135113
0.408	0.00136176
0.411	0.00137287
0.414	0.00138358
0.417	0.00139288
0.42	0.00139972
0.423	0.00140323
0.426	0.00140283
0.429	0.00139843
0.432	0.0013904
0.435	0.00137956
0.438	0.001367
0.441	0.0013539
0.444	0.00134137
0.447	0.00133032
0.45	0.00132145
0.453	0.00131517
0.456	0.00131171
0.459	0.00131108
0.462	0.00131311
0.465	0.00131747
0.468	0.00132359
0.471	0.00133074
0.474	0.00133799
0.477	0.0013443
0.48	0.00134862
0.483	0.00135006
0.486	0.00134806
0.489	0.00134248
0.492	0.00133368
0.495	0.00132241
0.498	0.00130969
0.501	0.00129662
0.504	0.00128422
0.507	0.00127333
0.51	0.00126457
0.513	0.00125831
0.516	0.00125474
0.519	0.00125386
0.522	0.00125548
0.525	0.00125926
0.528	0.00126469
0.531	0.00127106
0.534	0.0012775
0.537	0.00128304
0.54	0.0012867
0.543	0.00128767
0.546	0.00128542
0.549	0.00127984
0.552	0.00127126
0.555	0.00126041
0.558	0.00124822
0.561	0.00123572
0.564	0.00122386
0.567	0.00121343
0.57	0.00120499
0.573	0.00119889
0.576	0.00119529
0.579	0.00119417
0.582	0.00119537
0.585	0.00119855
0.588	0.00120324
0.591	0.00120876
0.594	0.00121432
0.597	0.00121901
0.6	0.00122193
0.603	0.00122233
0.606	0.00121974
0.609	0.00121407
0.612	0.00120565
0.615	0.00119514
0.618	0.00118344
0.621	0.00117148
0.624	0.00116016
0.627	0.00115019
0.63	0.00114207
0.633	0.00113614
0.636	0.00113252
0.639	0.00113119
0.642	0.00113198
0.645	0.00113458
0.648	0.00113853
0.651	0.00114322
0.654	0.0011479
0.657	0.00115175
0.66	0.00115395
0.663	0.00115383
0.666	0.00115095
0.669	0.00114526
0.672	0.00113707
0.675	0.00112699
0.678	0.00111585
0.681	0.00110452
0.684	0.00109381
0.687	0.00108436
0.69	0.00107664
0.693	0.00107093
0.696	0.00106734
0.699	0.00106583
0.702	0.00106624
0.705	0.00106828
0.708	0.00107152
0.711	0.0010754
0.714	0.00107924
0.717	0.0010823
0.72	0.00108382
0.723	0.00108322
0.726	0.00108012
0.729	0.00107447
0.732	0.00106657
0.735	0.001057
0.738	0.0010465
0.741	0.00103587
0.744	0.00102583
0.747	0.00101696
0.75	0.00100969
0.753	0.00100424
0.756	0.00100071
0.759	0.000999056
0.762	0.000999121
0.765	0.00100063
0.768	0.00100319
0.771	0.0010063
0.774	0.00100934
0.777	0.00101163
0.78	0.00101254
0.783	0.00101152
0.786	0.00100825
0.789	0.00100271
0.792	0.000995179
0.795	0.000986177
0.798	0.000976383
0.801	0.000966509
0.804	0.0009572
0.807	0.000948973
0.81	0.000942188
0.813	0.00093705
0.816	0.00093363
0.819	0.00093188
0.822	0.00093165
0.825	0.000932688
0.828	0.000934639
0.831	0.000937046
0.834	0.000939365
0.837	0.000941004
0.84	0.000941388
0.843	0.000940054
0.846	0.000936732
0.849	0.00093141
0.852	0.000924343
0.855	0.000916004
0.858	0.000906996
0.861	0.00089795
0.864	0.000889432
0.867	0.000881893
0.87	0.000875642
0.873	0.00087085
0.876	0.000867566
0.879	0.000865737
0.882	0.000865218
0.885	0.000865774
0.888	0.000867082
0.891	0.000868733
0.894	0.000870243
0.897	0.000871088
0.9	0.000870767
0.903	0.000868875
0.906	0.000865179
0.909	0.000859668
0.912	0.000852561
0.915	0.00084426
0.918	0.00083527
0.921	0.000826115
0.924	0.000817257
0.927	0.00080905
0.93	0.000801732
0.933	0.000795426
0.936	0.000790172
0.939	0.000785948
0.942	0.000782698
0.945	0.000780349
0.948	0.000778821
0.951	0.000778026
0.954	0.000777869
0.957	0.00077824
0.96	0.000779015
0.963	0.000780052
0.966	0.000781203
0.969	0.000782327
0.972	0.000783304
0.975	0.000784047
0.978	0.000784506
0.981	0.000784661
0.984	0.000784512
0.987	0.000784063
0.99	0.000783311
0.993	0.000782237
0.996	0.0007808
0.999	0.000778937
1.002	0.000776567
1.005	0.000773593
1.008	0.000769908
1.011	0.000765412
1.014	0.000760023
1.017	0.000753698
1.02	0.000746455
1.023	0.000738388
1.026	0.000729679
1.029	0.00072059
1.032	0.000711437
1.035	0.000702556
1.038	0.00069426
1.041	0.000686803
1.044	0.000680358
1.047	0.000675012
1.05	0.00067078
1.053	0.000667616
1.056	0.000665439
1.059	0.000664144
1.062	0.000663617
1.065	0.000663732
1.068	0.00066435
1.071	0.000665311
1.074	0.000666426
1.077	0.00066747
1.08	0.000668189
1.083	0.000668321
1.086	0.000667621
1.089	0.000665913
1.092	0.000663119
1.095	0.000659293
1.098	0.000654612
1.101	0.000649353
1.104	0.00064384
1.107	0.000638396
1.11	0.000633299
1.113	0.000628757
1.116	0.000624899
1.119	0.000621784
1.122	0.000619405
1.125	0.000617708
1.128	0.000616596
1.131	0.000615932
1.134	0.000615548
1.137	0.000615242
1.14	0.000614792
1.143	0.000613968
1.146	0.000612568
1.149	0.000610442
1.152	0.000607529
1.155	0.000603872
1.158	0.000599612
1.161	0.000594967
1.164	0.000590189
1.167	0.000585528
1.17	0.000581192
1.173	0.000577335
1.176	0.000574048
1.179	0.000571362
1.182	0.000569262
1.185	0.000567693
1.188	0.000566571
1.191	0.000565781
1.194	0.000565186
1.197	0.000564629
1.2	0.000563936
1.203	0.000562937
1.206	0.000561482
1.209	0.000559469
1.212	0.00055686
1.215	0.0005537
1.218	0.000550106
1.221	0.000546249
1.224	0.000542326
1.227	0.000538524
1.23	0.000534998
1.233	0.000531857
1.236	0.000529163
1.239	0.000526931
1.242	0.00052514
1.245	0.000523742
1.248	0.000522665
1.251	0.000521816
1.254	0.000521091
1.257	0.000520369
1.26	0.000519524
1.263	0.000518434
1.266	0.000516999
1.269	0.000515151
1.272	0.000512877
1.275	0.000510218
1.278	0.000507269
1.281	0.000504163
1.284	0.000501041
1.287	0.000498041
1.29	0.000495269
1.293	0.000492799
1.296	0.000490666
1.299	0.000488874
1.302	0.000487401
1.305	0.000486202
1.308	0.000485219
1.311	0.000484382
1.314	0.000483612
1.317	0.000482824
1.32	0.000481931
1.323	0.000480853
1.326	0.000479528
1.329	0.000477919
1.332	0.000476026
1.335	0.000473889
1.338	0.000471582
1.341	0.000469197
1.344	0.000466836
1.347	0.000464587
1.35	0.00046252
1.353	0.000460678
1.356	0.000459079
1.359	0.000457717
1.362	0.000456569
1.365	0.000455599
1.368	0.000454763
1.371	0.00045401
1.374	0.000453285
1.377	0.000452532
1.38	0.000451697
1.383	0.000450734
1.386	0.000449608
1.389	0.000448307
1.392	0.00044684
1.395	0.00044524
1.398	0.000443559
1.401	0.00044186
1.404	0.000440204
1.407	0.000438647
1.41	0.000437226
1.413	0.000435962
1.416	0.000434859
1.419	0.000433908
1.422	0.00043309
1.425	0.000432377
1.428	0.000431738
1.431	0.000431139
1.434	0.000430547
1.437	0.00042993
1.44	0.000429258
1.443	0.000428509
1.446	0.000427671
1.449	0.000426744
1.452	0.000425739
1.455	0.000424682
1.458	0.000423604
1.461	0.000422543
1.464	0.000421531
1.467	0.000420594
1.47	0.000419749
1.473	0.000419003
1.476	0.000418354
1.479	0.000417792
1.482	0.000417302
1.485	0.000416868
1.488	0.000416473
1.491	0.000416097
1.494	0.000415725
1.497	0.000415341
1.5	0.000414934
1.503	0.000414498
1.506	0.000414031
1.509	0.000413536
1.512	0.000413024
1.515	0.000412508
1.518	0.000412003
1.521	0.000411523
1.524	0.000411082
1.527	0.000410686
1.53	0.000410341
1.533	0.000410047
1.536	0.0004098
1.539	0.000409597
1.542	0.000409431
1.545	0.000409296
1.548	0.000409187
1.551	0.0004091
1.554	0.000409029
1.557	0.000408974
1.56	0.000408931
1.563	0.0004089
1.566	0.000408879
1.569	0.00040887
1.572	0.000408872
1.575	0.000408884
1.578	0.000408905
1.581	0.000408935
1.584	0.000408973
1.587	0.000409018
1.59	0.000409071
1.593	0.000409133
1.596	0.000409207
1.599	0.000409297
1.602	0.000409407
1.605	0.000409544
1.608	0.000409716
1.611	0.000409932
1.614	0.0004102
1.617	0.000410528
1.62	0.000410926
1.623	0.000411396
1.626	0.000411938
1.629	0.000412548
1.632	0.000413213
1.635	0.000413916
1.638	0.000414636
1.641	0.000415351
1.644	0.00041604
1.647	0.000416688
1.65	0.000417287
1.653	0.000417834
1.656	0.000418334
1.659	0.000418796
1.662	0.000419234
1.665	0.000419665
1.668	0.000420108
1.671	0.00042058
1.674	0.0004211
1.677	0.000421683
1.68	0.000422338
1.683	0.000423072
1.686	0.000423881
1.689	0.000424756
1.692	0.000425678
1.695	0.000426624
1.698	0.00042757
1.701	0.000428492
1.704	0.000429374
1.707	0.000430204
1.71	0.000430983
1.713	0.000431718
1.716	0.000432425
1.719	0.000433124
1.722	0.000433842
1.725	0.000434607
1.728	0.00043545
1.731	0.0004364
1.734	0.000437484
1.737	0.00043872
1.74	0.000440119
1.743	0.000441675
1.746	0.000443366
1.749	0.00044515
1.752	0.000446969
1.755	0.000448758
1.758	0.000450451
1.761	0.000451993
1.764	0.000453351
1.767	0.000454516
1.77	0.000455506
1.773	0.000456358
1.776	0.000457124
1.779	0.000457861
1.782	0.000458631
1.785	0.00045949
1.788	0.000460493
1.791	0.000461687
1.794	0.000463107
1.797	0.000464778
1.8	0.000466704
1.803	0.000468865
1.806	0.000471214
1.809	0.000473677
1.812	0.000476159
1.815	0.000478553
1.818	0.000480762
1.821	0.000482708
1.824	0.000484352
1.827	0.000485696
1.83	0.000486779
1.833	0.000487669
1.836	0.000488452
1.839	0.00048922
1.842	0.000490061
1.845	0.000491059
1.848	0.000492287
1.851	0.000493806
1.854	0.000495658
1.857	0.000497867
1.86	0.000500429
1.863	0.000503303
1.866	0.000506413
1.869	0.000509645
1.872	0.000512855
1.875	0.000515894
1.878	0.000518624
1.881	0.000520949
1.884	0.000522824
1.887	0.000524268
1.89	0.00052535
1.893	0.00052618
1.896	0.000526886
1.899	0.000527598
1.902	0.000528443
1.905	0.00052953
1.908	0.000530953
1.911	0.000532788
1.914	0.000535082
1.917	0.000537858
1.92	0.000541095
1.923	0.000544731
1.926	0.000548649
1.929	0.000552687
1.932	0.00055665
1.935	0.000560334
1.938	0.000563562
1.941	0.000566213
1.944	0.000568243
1.947	0.000569693
1.95	0.00057067
1.953	0.000571333
1.956	0.000571859
1.959	0.000572427
1.962	0.0005732
1.965	0.000574322
1.968	0.000575907
1.971	0.000578042
1.974	0.000580783
1.977	0.000584143
1.98	0.000588087
1.983	0.00059252
1.986	0.000597283
1.989	0.000602157
1.992	0.000606887
1.995	0.000611211
1.998	0.000614907
2.001	0.00061783
2.004	0.00061994
2.007	0.000621303
2.01	0.000622074
2.013	0.000622467
2.016	0.000622717
2.019	0.000623054
2.022	0.000623686
2.025	0.000624787
2.028	0.000626497
2.031	0.000628916
2.034	0.0006321
2.037	0.000636057
2.04	0.000640728
2.043	0.000645984
2.046	0.000651616
2.049	0.000657343
2.052	0.000662843
2.055	0.000667792
2.058	0.000671919
2.061	0.000675056
2.064	0.000677168
2.067	0.000678354
2.07	0.00067882
2.073	0.000678844
2.076	0.000678723
2.079	0.000678745
2.082	0.000679165
2.085	0.000680193
2.088	0.000681989
2.091	0.000684667
2.094	0.000688285
2.097	0.000692839
2.1	0.000698248
2.103	0.00070434
2.106	0.000710852
2.109	0.000717438
2.112	0.000723701
2.115	0.000729251
2.118	0.000733768
2.121	0.000737059
2.124	0.000739097
2.127	0.000740018
2.13	0.000740087
2.133	0.000739649
2.136	0.000739071
2.139	0.000738704
2.142	0.000738849
2.145	0.000739755
2.148	0.000741606
2.151	0.000744529
2.154	0.000748582
2.157	0.000753749
2.16	0.000759921
2.163	0.000766884
2.166	0.000774316
2.169	0.000781798
2.172	0.000788855
2.175	0.000795025
2.178	0.000799934
2.181	0.000803364
2.184	0.000805297
2.187	0.000805907
2.19	0.000805524
2.193	0.000804564
2.196	0.00080347
2.199	0.000802654
2.202	0.000802473
2.205	0.000803207
2.208	0.000805066
2.211	0.000808183
2.214	0.000812611
2.217	0.000818312
2.22	0.000825141
2.223	0.000832828
2.226	0.000840976
2.229	0.000849082
2.232	0.000856579
2.235	0.000862917
2.238	0.000867653
2.241	0.000870528
2.244	0.000871513
2.247	0.000870799
2.25	0.000868746
2.253	0.000865809
2.256	0.000862463
2.259	0.000859144
2.262	0.000856221
2.265	0.000853989
2.268	0.000852682
2.271	0.000852492
2.274	0.00085358
2.277	0.000856093
2.28	0.000860154
2.283	0.000865856
2.286	0.000873238
2.289	0.000882253
2.292	0.00089275
2.295	0.000904452
2.298	0.000916973
2.301	0.000929848
2.304	0.000942585
2.307	0.000954728
2.31	0.00096591
2.313	0.000975876
2.316	0.000984499
2.319	0.000991756
2.322	0.000997706
2.325	0.00100246
2.328	0.00100613
2.331	0.00100887
2.334	0.00101077
2.337	0.00101192
2.34	0.00101239
2.343	0.00101219
2.346	0.00101133
2.349	0.00100981
2.352	0.00100763
2.355	0.0010048
2.358	0.00100141
2.361	0.000997586
2.364	0.000993534
2.367	0.000989506
2.37	0.000985779
2.373	0.000982622
2.376	0.000980275
2.379	0.000978933
2.382	0.000978746
2.385	0.00097983
2.388	0.000982278
2.391	0.000986168
2.394	0.000991564
2.397	0.000998502
2.4	0.00100697
2.403	0.00101686
2.406	0.00102795
2.409	0.00103987
2.412	0.00105206
2.415	0.00106384
2.418	0.00107444
2.421	0.00108314
2.424	0.00108939
2.427	0.00109293
2.43	0.00109381
2.433	0.00109245
2.436	0.00108947
2.439	0.00108564
2.442	0.00108173
2.445	0.00107845
2.448	0.00107636
2.451	0.00107592
2.454	0.00107741
2.457	0.001081
2.46	0.00108674
2.463	0.00109451
2.466	0.00110401
2.469	0.00111479
2.472	0.00112617
2.475	0.00113735
2.478	0.00114744
2.481	0.0011556
2.484	0.00116121
2.487	0.00116397
2.49	0.00116394
2.493	0.00116156
2.496	0.00115752
2.499	0.00115266
2.502	0.0011478
2.505	0.00114371
2.508	0.00114101
2.511	0.00114014
2.514	0.00114144
2.517	0.00114505
2.52	0.00115101
2.523	0.00115918
2.526	0.00116922
2.529	0.00118063
2.532	0.00119267
2.535	0.00120445
2.538	0.00121501
2.541	0.00122346
2.544	0.00122912
2.547	0.00123167
2.55	0.00123119
2.553	0.00122817
2.556	0.00122337
2.559	0.00121769
2.562	0.00121206
2.565	0.00120728
2.568	0.00120402
2.571	0.00120277
2.574	0.00120387
2.577	0.00120747
2.58	0.0012136
2.583	0.0012221
2.586	0.0012326
2.589	0.00124453
2.592	0.0012571
2.595	0.00126936
2.598	0.00128026
2.601	0.00128885
2.604	0.00129442
2.607	0.00129662
2.61	0.00129557
2.613	0.00129181
2.616	0.00128616
2.619	0.0012796
2.622	0.00127312
2.625	0.0012676
2.628	0.00126374
2.631	0.00126206
2.634	0.00126291
2.637	0.00126646
2.64	0.0012727
2.643	0.00128146
2.646	0.00129233
2.649	0.00130471
2.652	0.00131773
2.655	0.00133037
2.658	0.00134152
2.661	0.00135017
2.664	0.00135558
2.667	0.00135738
2.67	0.00135573
2.673	0.0013512
2.676	0.00134469
2.679	0.00133725
2.682	0.00132994
2.685	0.00132368
2.688	0.00131922
2.691	0.0013171
2.694	0.00131769
2.697	0.00132114
2.7	0.00132744
2.703	0.0013364
2.706	0.00134758
2.709	0.0013603
2.712	0.00137368
2.715	0.00138661
2.718	0.00139792
2.721	0.00140656
2.724	0.00141174
2.727	0.00141311
2.73	0.00141083
2.733	0.00140552
2.736	0.00139815
2.739	0.00138984
2.742	0.0013817
2.745	0.00137471
2.748	0.00136964
2.751	0.00136707
2.754	0.00136736
2.757	0.00137067
2.76	0.00137698
2.763	0.00138606
2.766	0.00139745
2.769	0.00141043
2.772	0.00142406
2.775	0.00143718
2.778	0.00144857
2.781	0.00145712
2.784	0.00146202
2.787	0.00146291
2.79	0.00145999
2.793	0.00145391
2.796	0.00144571
2.799	0.00143655
2.802	0.00142761
2.805	0.0014199
2.808	0.00141425
2.811	0.00141124
2.814	0.00141123
2.817	0.0014144
2.82	0.0014207
2.823	0.0014299
2.826	0.0014415
2.829	0.00145475
2.832	0.00146866
2.835	0.00148203
2.838	0.00149357
2.841	0.00150214
2.844	0.00150688
2.847	0.00150744
2.85	0.00150402
2.853	0.00149732
2.856	0.00148842
2.859	0.00147854
2.862	0.00146892
2.865	0.00146059
2.868	0.00145442
2.871	0.00145099
2.874	0.00145068
2.877	0.00145362
2.88	0.00145977
2.883	0.00146885
2.886	0.00148031
2.889	0.00149336
2.892	0.00150692
2.895	0.00151974
2.898	0.00153048
2.901	0.00153793
2.904	0.00154121
2.907	0.00153993
2.91	0.00153427
2.913	0.0015249
2.916	0.00151288
2.919	0.00149939
2.922	0.00148559
2.925	0.00147248
2.928	0.00146083
2.931	0.00145119
2.934	0.00144394
2.937	0.00143932
2.94	0.00143751
2.943	0.00143861
2.946	0.00144273
2.949	0.00144987
2.952	0.00145999
2.955	0.00147288
2.958	0.00148819
2.961	0.00150538
2.964	0.00152375
2.967	0.00154252
2.97	0.00156088
2.973	0.00157813
2.976	0.00159373
2.979	0.00160732
2.982	0.00161875
2.985	0.001628
2.988	0.00163513
2.991	0.00164027
2.994	0.00164355
2.997	0.00164507
3	0.00164487
3.003	0.00164296
3.006	0.0016393
3.009	0.0016338
3.012	0.00162639
3.015	0.00161698
3.018	0.00160561
3.021	0.0015924
3.024	0.00157766
3.027	0.00156185
3.03	0.00154562
3.033	0.00152968
3.036	0.00151478
3.039	0.00150156
3.042	0.00149058
3.045	0.00148219
3.048	0.00147662
3.051	0.00147397
3.054	0.00147428
3.057	0.00147751
3.06	0.0014836
3.063	0.00149246
3.066	0.00150387
3.069	0.0015175
3.072	0.00153283
3.075	0.00154907
3.078	0.0015652
3.081	0.00158001
3.084	0.0015922
3.087	0.00160064
3.09	0.00160454
3.093	0.00160363
3.096	0.00159825
3.099	0.00158927
3.102	0.00157791
3.105	0.00156558
3.108	0.00155361
3.111	0.00154316
3.114	0.00153511
3.117	0.00153009
3.12	0.00152845
3.123	0.00153032
3.126	0.00153559
3.129	0.00154393
3.132	0.00155473
3.135	0.00156712
3.138	0.00157997
3.141	0.00159196
3.144	0.00160172
3.147	0.00160803
3.15	0.00161006
3.153	0.00160751
3.156	0.0016007
3.159	0.00159049
3.162	0.00157811
3.165	0.00156493
3.168	0.00155227
3.171	0.00154125
3.174	0.00153275
3.177	0.00152735
3.18	0.00152539
3.183	0.00152695
3.186	0.00153192
3.189	0.00153994
3.192	0.00155041
3.195	0.00156244
3.198	0.00157492
3.201	0.00158651
3.204	0.00159587
3.207	0.0016018
3.21	0.00160347
3.213	0.0016006
3.216	0.0015935
3.219	0.00158304
3.222	0.00157043
3.225	0.00155705
3.228	0.00154419
3.231	0.00153298
3.234	0.00152426
3.237	0.00151863
3.24	0.00151639
3.243	0.00151764
3.246	0.00152224
3.249	0.00152985
3.252	0.00153985
3.255	0.00155136
3.258	0.00156327
3.261	0.00157428
3.264	0.00158304
3.267	0.00158839
3.27	0.00158951
3.273	0.00158615
3.276	0.00157863
3.279	0.00156781
3.282	0.0015549
3.285	0.00154126
3.288	0.00152818
3.291	0.00151676
3.294	0.00150782
3.297	0.00150194
3.3	0.00149942
3.303	0.00150033
3.306	0.00150454
3.309	0.00151168
3.312	0.00152115
3.315	0.00153207
3.318	0.00154334
3.321	0.00155368
3.324	0.00156179
3.327	0.00156652
3.33	0.00156709
3.333	0.00156327
3.336	0.00155538
3.339	0.00154428
3.342	0.00153117
3.345	0.00151738
3.348	0.00150418
3.351	0.00149264
3.354	0.00148357
3.357	0.0014775
3.36	0.00147473
3.363	0.00147532
3.366	0.00147912
3.369	0.00148576
3.372	0.00149463
3.375	0.0015049
3.378	0.00151547
3.381	0.00152509
3.384	0.0015325
3.387	0.0015366
3.39	0.00153663
3.393	0.00153238
3.396	0.00152419
3.399	0.0015129
3.402	0.00149969
3.405	0.00148585
3.408	0.00147263
3.411	0.00146106
3.414	0.00145191
3.417	0.0014457
3.42	0.0014427
3.423	0.00144296
3.426	0.00144632
3.429	0.00145241
3.432	0.00146065
3.435	0.00147019
3.438	0.00148
3.441	0.00148885
3.444	0.00149554
3.447	0.00149899
3.45	0.0014985
3.453	0.00149388
3.456	0.00148546
3.459	0.00147407
3.462	0.00146086
3.465	0.00144709
3.468	0.00143395
3.471	0.00142243
3.474	0.00141328
3.477	0.00140699
3.48	0.00140381
3.483	0.00140377
3.486	0.00140672
3.489	0.0014123
3.492	0.00141992
3.495	0.0014288
3.498	0.0014379
3.501	0.00144607
3.504	0.00145214
3.507	0.00145509
3.51	0.00145425
3.513	0.00144943
3.516	0.00144097
3.519	0.00142969
3.522	0.00141667
3.525	0.00140314
3.528	0.00139023
3.531	0.00137889
3.534	0.00136984
3.537	0.00136353
3.54	0.00136019
3.543	0.00135983
3.546	0.00136228
3.549	0.00136718
3.552	0.00137395
3.555	0.00138181
3.558	0.00138975
3.561	0.00139667
3.564	0.00140142
3.567	0.00140304
3.57	0.00140088
3.573	0.00139473
3.576	0.00138492
3.579	0.00137216
3.582	0.00135747
3.585	0.00134191
3.588	0.00132651
3.591	0.00131208
3.594	0.00129923
3.597	0.00128834
3.6	0.00127962
3.603	0.00127316
3.606	0.00126899
3.609	0.00126707
3.612	0.00126737
3.615	0.00126981
3.618	0.00127424
3.621	0.00128048
3.624	0.00128823
3.627	0.00129709
3.63	0.00130659
3.633	0.00131622
3.636	0.00132551
3.639	0.00133405
3.642	0.00134154
3.645	0.0013478
3.648	0.00135276
3.651	0.00135642
3.654	0.00135881
3.657	0.00135995
3.66	0.00135987
3.663	0.00135854
3.666	0.00135588
3.669	0.00135179
3.672	0.00134615
3.675	0.0013388
3.678	0.00132961
3.681	0.0013185
3.684	0.00130551
3.687	0.00129079
3.69	0.00127467
3.693	0.00125766
3.696	0.00124038
3.699	0.00122352
3.702	0.00120775
3.705	0.00119365
3.708	0.00118163
3.711	0.00117197
3.714	0.00116477
3.717	0.00116003
3.72	0.00115766
3.723	0.00115753
3.726	0.0011595
3.729	0.00116336
3.732	0.00116887
3.735	0.00117571
3.738	0.00118341
3.741	0.00119141
3.744	0.00119895
3.747	0.00120524
3.75	0.00120943
3.753	0.00121085
3.756	0.00120908
3.759	0.00120407
3.762	0.00119619
3.765	0.00118611
3.768	0.00117475
3.771	0.00116307
3.774	0.00115195
3.777	0.00114213
3.78	0.00113411
3.783	0.00112822
3.786	0.00112461
3.789	0.00112324
3.792	0.00112396
3.795	0.00112646
3.798	0.00113028
3.801	0.00113482
3.804	0.00113933
3.807	0.001143
3.81	0.00114503
3.813	0.00114474
3.816	0.00114173
3.819	0.00113593
3.822	0.00112766
3.825	0.00111755
3.828	0.0011064
3.831	0.00109509
3.834	0.0010844
3.837	0.00107498
3.84	0.00106729
3.843	0.00106159
3.846	0.00105799
3.849	0.00105646
3.852	0.00105682
3.855	0.00105879
3.858	0.00106194
3.861	0.00106571
3.864	0.00106944
3.867	0.00107239
3.87	0.00107383
3.873	0.00107317
3.876	0.00107004
3.879	0.0010644
3.882	0.00105655
3.885	0.00104706
3.888	0.00103665
3.891	0.00102613
3.894	0.00101619
3.897	0.00100742
3.9	0.00100021
3.903	0.000994811
3.906	0.000991299
3.909	0.000989634
3.912	0.000989659
3.915	0.000991102
3.918	0.000993576
3.921	0.000996581
3.924	0.000999511
3.927	0.00100171
3.93	0.00100253
3.933	0.00100146
3.936	0.000998173
3.939	0.000992656
3.942	0.00098518
3.945	0.000976263
3.948	0.000966573
3.951	0.00095681
3.954	0.000947607
3.957	0.000939473
3.96	0.000932758
3.963	0.000927663
3.966	0.000924255
3.969	0.000922485
3.972	0.000922203
3.975	0.000923157
3.978	0.000924999
3.981	0.000927277
3.984	0.000929458
3.987	0.000930961
3.99	0.000931226
3.993	0.000929799
3.996	0.00092642
3.999	0.000921082
4.002	0.00091404
4.005	0.000905759
4.008	0.000896833
4.011	0.00088788
4.014	0.000879457
4.017	0.000872003
4.02	0.000865819
4.023	0.000861072
4.026	0.000857808
4.029	0.000855976
4.032	0.000855431
4.035	0.000855947
4.038	0.00085721
4.041	0.000858822
4.044	0.000860318
4.047	0.000861193
4.05	0.000860968
4.053	0.000859258
4.056	0.000855852
4.059	0.000850755
4.062	0.0008442
4.065	0.000836603
4.068	0.000828482
4.071	0.000820377
4.074	0.000812764
4.077	0.00080602
4.08	0.000800396
4.083	0.000796026
4.086	0.000792941
4.089	0.000791085
4.092	0.000790323
4.095	0.000790452
4.098	0.000791195
4.101	0.000792209
4.104	0.00079309
4.107	0.000793413
4.11	0.000792773
4.113	0.000790853
4.116	0.000787484
4.119	0.000782685
4.122	0.000776667
4.125	0.000769792
4.128	0.000762508
4.131	0.000755274
4.134	0.000748494
4.137	0.000742481
4.14	0.00073744
4.143	0.000733477
4.146	0.000730608
4.149	0.000728773
4.152	0.000727851
4.155	0.000727662
4.158	0.000727966
4.161	0.00072847
4.164	0.000728835
4.167	0.000728707
4.17	0.000727754
4.173	0.000725719
4.176	0.000722473
4.179	0.000718045
4.182	0.00071262
4.185	0.00070651
4.188	0.000700092
4.191	0.00069375
4.194	0.000687818
4.197	0.000682549
4.2	0.000678106
4.203	0.000674568
4.206	0.000671936
4.209	0.000670151
4.212	0.000669102
4.215	0.000668629
4.218	0.000668528
4.221	0.000668551
4.224	0.000668415
4.227	0.000667831
4.23	0.000666527
4.233	0.000664302
4.236	0.000661054
4.239	0.000656813
4.242	0.000651734
4.245	0.000646068
4.248	0.000640116
4.251	0.000634177
4.254	0.000628505
4.257	0.000623286
4.26	0.000618634
4.263	0.000614595
4.266	0.000611165
4.269	0.000608305
4.272	0.000605956
4.275	0.000604052
4.278	0.000602521
4.281	0.000601295
4.284	0.000600304
4.287	0.000599483
4.29	0.000598764
4.293	0.000598088
4.296	0.0005974
4.299	0.00059666
4.302	0.000595845
4.305	0.00059495
4.308	0.000593981
4.311	0.000592956
4.314	0.000591886
4.317	0.000590778
4.32	0.000589623
4.323	0.000588398
4.326	0.000587061
4.329	0.000585559
4.332	0.000583828
4.335	0.000581796
4.338	0.000579389
4.341	0.000576539
4.344	0.000573194
4.347	0.000569328
4.35	0.000564952
4.353	0.000560124
4.356	0.000554953
4.359	0.00054959
4.362	0.000544215
4.365	0.000539017
4.368	0.000534166
4.371	0.000529793
4.374	0.000525987
4.377	0.000522783
4.38	0.000520175
4.383	0.000518126
4.386	0.000516577
4.389	0.000515456
4.392	0.000514689
4.395	0.000514196
4.398	0.000513894
4.401	0.000513695
4.404	0.000513504
4.407	0.000513217
4.41	0.000512726
4.413	0.000511928
4.416	0.000510737
4.419	0.000509104
4.422	0.000507023
4.425	0.000504545
4.428	0.000501768
4.431	0.000498823
4.434	0.000495853
4.437	0.00049299
4.44	0.000490339
4.443	0.000487971
4.446	0.000485922
4.449	0.000484195
4.452	0.000482768
4.455	0.000481598
4.458	0.000480631
4.461	0.000479799
4.464	0.000479026
4.467	0.000478233
4.47	0.000477336
4.473	0.000476262
4.476	0.000474952
4.479	0.000473374
4.482	0.00047153
4.485	0.000469459
4.488	0.000467232
4.491	0.000464938
4.494	0.000462671
4.497	0.000460516
4.5	0.000458538
4.503	0.000456776
4.506	0.000455245
4.509	0.000453938
4.512	0.000452834
4.515	0.000451897
4.518	0.000451084
4.521	0.000450348
4.524	0.000449635
4.527	0.000448895
4.53	0.000448076
4.533	0.000447136
4.536	0.000446046
4.539	0.000444793
4.542	0.000443388
4.545	0.000441864
4.548	0.000440269
4.551	0.000438662
4.554	0.000437101
4.557	0.000435635
4.56	0.000434298
4.563	0.000433111
4.566	0.000432075
4.569	0.00043118
4.572	0.000430408
4.575	0.000429733
4.578	0.000429125
4.581	0.000428554
4.584	0.000427987
4.587	0.000427397
4.59	0.000426756
4.593	0.000426045
4.596	0.000425255
4.599	0.000424384
4.602	0.000423447
4.605	0.000422466
4.608	0.00042147
4.611	0.000420494
4.614	0.000419567
4.617	0.000418711
4.62	0.000417941
4.623	0.000417263
4.626	0.000416673
4.629	0.000416163
4.632	0.000415719
4.635	0.000415326
4.638	0.000414968
4.641	0.000414629
4.644	0.000414294
4.647	0.000413951
4.65	0.00041359
4.653	0.000413205
4.656	0.000412796
4.659	0.000412367
4.662	0.000411927
4.665	0.000411486
4.668	0.000411058
4.671	0.000410655
4.674	0.000410287
4.677	0.000409961
4.68	0.000409679
4.683	0.000409442
4.686	0.000409248
4.689	0.000409092
4.692	0.00040897
4.695	0.000408879
4.698	0.000408814
4.701	0.000408772
4.704	0.00040875
4.707	0.000408749
4.71	0.000408765
4.713	0.000408799
4.716	0.000408849
4.719	0.000408914
4.722	0.000408993
4.725	0.000409083
4.728	0.000409181
4.731	0.000409286
4.734	0.000409396
4.737	0.000409511
4.74	0.000409632
4.743	0.000409763
4.746	0.000409907
4.749	0.00041007
4.752	0.00041026
4.755	0.000410483
4.758	0.000410749
4.761	0.000411064
4.764	0.000411435
4.767	0.000411864
4.77	0.000412351
4.773	0.000412889
4.776	0.000413469
4.779	0.000414075
4.782	0.000414688
4.785	0.000415291
4.788	0.000415867
4.791	0.000416407
4.794	0.000416907
4.797	0.000417369
4.8	0.000417802
4.803	0.000418221
4.806	0.000418642
4.809	0.000419085
4.812	0.000419572
4.815	0.000420121
4.818	0.000420753
4.821	0.000421482
4.824	0.000422318
4.827	0.000423264
4.83	0.00042431
4.833	0.000425436
4.836	0.000426612
4.839	0.000427799
4.842	0.000428958
4.845	0.000430052
4.848	0.000431055
4.851	0.000431954
4.854	0.000432752
4.857	0.000433463
4.86	0.000434114
4.863	0.000434738
4.866	0.000435371
4.869	0.00043605
4.872	0.000436811
4.875	0.000437688
4.878	0.000438709
4.881	0.000439895
4.884	0.000441252
4.887	0.000442775
4.89	0.000444438
4.893	0.000446194
4.896	0.000447983
4.899	0.000449734
4.902	0.000451375
4.905	0.000452847
4.908	0.000454112
4.911	0.000455156
4.914	0.000455991
4.917	0.00045665
4.92	0.000457178
4.923	0.000457628
4.926	0.000458054
4.929	0.000458511
4.932	0.000459055
4.935	0.000459737
4.938	0.000460613
4.941	0.000461734
4.944	0.000463149
4.947	0.000464903
4.95	0.000467024
4.953	0.000469522
4.956	0.000472379
4.959	0.000475547
4.962	0.000478944
4.965	0.000482466
4.968	0.000485994
4.971	0.000489413
4.974	0.000492623
4.977	0.000495553
4.98	0.000498163
4.983	0.000500446
4.986	0.000502419
4.989	0.00050412
4.992	0.000505597
4.995	0.000506903
4.998	0.000508094
5.001	0.00050922
5.004	0.000510326
5.007	0.000511445
5.01	0.0005126
5.013	0.0005138
5.016	0.00051504
5.019	0.000516303
5.022	0.000517566
5.025	0.000518805
5.028	0.000520001
5.031	0.000521145
5.034	0.000522243
5.037	0.000523314
5.04	0.000524389
5.043	0.000525506
5.046	0.000526712
5.049	0.000528061
5.052	0.000529608
5.055	0.000531412
5.058	0.000533531
5.061	0.000536018
5.064	0.000538913
5.067	0.000542233
5.07	0.000545961
5.073	0.000550034
5.076	0.000554339
5.079	0.000558713
5.082	0.00056296
5.085	0.000566874
5.088	0.00057028
5.091	0.000573056
5.094	0.000575165
5.097	0.000576653
5.1	0.00057764
5.103	0.000578292
5.106	0.000578799
5.109	0.000579347
5.112	0.00058011
5.115	0.000581233
5.118	0.000582838
5.121	0.000585013
5.124	0.000587813
5.127	0.000591253
5.13	0.000595294
5.133	0.000599835
5.136	0.000604711
5.139	0.000609696
5.142	0.000614524
5.145	0.000618925
5.148	0.000622672
5.151	0.000625615
5.154	0.000627717
5.157	0.000629048
5.16	0.000629771
5.163	0.000630108
5.166	0.000630302
5.169	0.000630593
5.172	0.000631193
5.175	0.000632283
5.178	0.000634004
5.181	0.000636458
5.184	0.000639702
5.187	0.000643741
5.19	0.000648515
5.193	0.000653887
5.196	0.000659641
5.199	0.000665488
5.202	0.000671096
5.205	0.00067613
5.208	0.000680314
5.211	0.000683477
5.214	0.000685583
5.217	0.000686737
5.22	0.000687154
5.223	0.000687119
5.226	0.00068694
5.229	0.000686913
5.232	0.0006873
5.235	0.000688313
5.238	0.00069012
5.241	0.000692834
5.244	0.000696514
5.247	0.000701153
5.25	0.000706666
5.253	0.000712877
5.256	0.000719513
5.259	0.000726219
5.262	0.000732588
5.265	0.00073822
5.268	0.000742787
5.271	0.000746095
5.274	0.000748117
5.277	0.000748994
5.28	0.000749
5.283	0.00074849
5.286	0.000747842
5.289	0.000747413
5.292	0.000747514
5.295	0.000748394
5.298	0.000750244
5.301	0.000753188
5.304	0.000757286
5.307	0.000762516
5.31	0.000768765
5.313	0.000775814
5.316	0.000783329
5.319	0.000790884
5.322	0.000797994
5.325	0.000804189
5.328	0.00080909
5.331	0.000812478
5.334	0.000814339
5.337	0.000814855
5.34	0.000814364
5.343	0.000813294
5.346	0.000812096
5.349	0.000811193
5.352	0.000810946
5.355	0.000811643
5.358	0.000813496
5.361	0.000816642
5.364	0.000821135
5.367	0.00082694
5.37	0.000833914
5.373	0.000841789
5.376	0.000850169
5.379	0.00085855
5.382	0.00086637
5.385	0.000873086
5.388	0.000878265
5.391	0.000881669
5.394	0.000883295
5.397	0.00088337
5.4	0.000882299
5.403	0.00088059
5.406	0.000878768
5.409	0.000877324
5.412	0.000876671
5.415	0.000877133
5.418	0.000878947
5.421	0.000882258
5.424	0.000887117
5.427	0.000893472
5.43	0.000901145
5.433	0.00090982
5.436	0.000919036
5.439	0.000928211
5.442	0.000936701
5.445	0.00094389
5.448	0.000949292
5.451	0.000952648
5.454	0.00095397
5.457	0.000953532
5.46	0.000951812
5.463	0.000949395
5.466	0.000946887
5.469	0.000944846
5.472	0.00094374
5.475	0.000943931
5.478	0.000945678
5.481	0.000949136
5.484	0.000954354
5.487	0.00096126
5.49	0.000969645
5.493	0.000979141
5.496	0.00098922
5.499	0.00099922
5.502	0.00100841
5.505	0.00101611
5.508	0.00102176
5.511	0.00102508
5.514	0.00102611
5.517	0.00102516
5.52	0.00102278
5.523	0.00101964
5.526	0.00101643
5.529	0.00101378
5.532	0.00101219
5.535	0.00101208
5.538	0.00101371
5.541	0.00101725
5.544	0.00102273
5.547	0.00103006
5.55	0.00103896
5.553	0.00104902
5.556	0.00105962
5.559	0.00107
5.562	0.00107934
5.565	0.00108686
5.568	0.00109193
5.571	0.00109425
5.574	0.00109381
5.577	0.00109096
5.58	0.00108626
5.583	0.00108041
5.586	0.00107412
5.589	0.00106801
5.592	0.0010626
5.595	0.00105829
5.598	0.00105538
5.601	0.0010541
5.604	0.00105464
5.607	0.00105715
5.61	0.00106176
5.613	0.00106858
5.616	0.0010776
5.619	0.00108876
5.622	0.00110181
5.625	0.0011164
5.628	0.001132
5.631	0.00114801
5.634	0.00116379
5.637	0.00117877
5.64	0.00119249
5.643	0.00120465
5.646	0.00121508
5.649	0.00122376
5.652	0.00123077
5.655	0.00123622
5.658	0.00124026
5.661	0.00124304
5.664	0.00124465
5.667	0.00124518
5.67	0.00124466
5.673	0.0012431
5.676	0.00124049
5.679	0.0012368
5.682	0.00123203
5.685	0.00122623
5.688	0.00121956
5.691	0.00121224
5.694	0.00120461
5.697	0.00119708
5.7	0.00119007
5.703	0.00118398
5.706	0.00117915
5.709	0.00117585
5.712	0.00117427
5.715	0.00117453
5.718	0.00117672
5.721	0.0011809
5.724	0.00118711
5.727	0.00119535
5.73	0.00120556
5.733	0.00121757
5.736	0.00123105
5.739	0.00124547
5.742	0.00126009
5.745	0.00127401
5.748	0.00128625
5.751	0.00129588
5.754	0.00130223
5.757	0.001305
5.76	0.00130434
5.763	0.00130082
5.766	0.00129529
5.769	0.00128878
5.772	0.00128229
5.775	0.00127672
5.778	0.0012728
5.781	0.00127107
5.784	0.00127187
5.787	0.00127538
5.79	0.00128161
5.793	0.00129036
5.796	0.00130124
5.799	0.00131362
5.802	0.00132663
5.805	0.00133925
5.808	0.00135035
5.811	0.0013589
5.814	0.00136417
5.817	0.0013658
5.82	0.00136393
5.823	0.00135917
5.826	0.00135242
5.829	0.00134475
5.832	0.00133723
5.835	0.00133079
5.838	0.0013262
5.841	0.001324
5.844	0.00132456
5.847	0.00132804
5.85	0.00133445
5.853	0.00134358
5.856	0.001355
5.859	0.00136804
5.862	0.00138179
5.865	0.00139513
5.868	0.00140688
5.871	0.00141594
5.874	0.00142149
5.877	0.00142316
5.88	0.00142111
5.883	0.00141594
5.886	0.00140863
5.889	0.00140032
5.892	0.00139214
5.895	0.00138508
5.898	0.00137994
5.901	0.0013773
5.904	0.00137753
5.907	0.00138079
5.91	0.00138706
5.913	0.00139609
5.916	0.0014074
5.919	0.00142024
5.922	0.00143359
5.925	0.00144625
5.928	0.00145692
5.931	0.00146436
5.934	0.00146766
5.937	0.00146631
5.94	0.00146032
5.943	0.00145017
5.946	0.0014366
5.949	0.0014205
5.952	0.00140263
5.955	0.00138358
5.958	0.00136361
5.961	0.00134272
5.964	0.00132062
5.967	0.00129682
5.97	0.0012707
5.973	0.0012416
5.976	0.00120888
5.979	0.00117201
5.982	0.00113069
5.985	0.00108491
5.988	0.00103501
5.991	0.000981729
5.994	0.000926125
5.997	0.000869537
