 Location  Dispersion    Centroids   Volume
2.42512e-05   0.0605843   -0.000284434   1
0.060198   0.0603915   0.059858   0.999995
0.120006   0.0605518   0.11972   1
0.179984   0.0605662   0.17904   1
0.239914   0.0605045   0.237751   0.999998
0.300033   0.0606406   0.295623   1
0.365927   0.0606436   0.357823   1
0.426046   0.0605096   0.413221   0.999998
0.48598   0.0605667   0.46712   1
0.545974   0.0605741   0.519303   1
0.605973   0.0605741   0.569618   1
0.665971   0.0605744   0.617882   1
0.725971   0.0605748   0.663923   1
0.78597   0.0605752   0.707574   1
0.845969   0.0605725   0.748679   1
0.905944   0.0605503   0.787111   0.999999
0.965986   0.0605972   0.822722   1
1.03195   0.060602   0.858336   1
1.092   0.060558   0.887584   1
1.15198   0.0605751   0.913634   1
1.21198   0.0605774   0.936377   1
1.27198   0.0605776   0.955749   1
1.33199   0.0605778   0.971682   1
1.39199   0.0605779   0.984118   1
1.45199   0.0605781   0.993012   1
1.512   0.0605781   0.998333   1
1.572   0.060578   1.00006   1
1.632   0.0605794   0.998188   1
1.69801   0.0605784   0.991997   1
1.75801   0.0605764   0.982593   1
1.81801   0.0605776   0.969659   1
1.87802   0.0605776   0.953241   1
1.93802   0.0605773   0.933391   1
1.99802   0.0605771   0.910183   1
2.05802   0.0605768   0.883699   1
2.11803   0.0605766   0.854034   1
2.17803   0.0605727   0.821296   1
2.23799   0.0605439   0.785577   0.999999
2.29806   0.0606153   0.747025   1
2.36401   0.0606101   0.701675   1
2.42407   0.0605355   0.657639   0.999999
2.48403   0.0605699   0.611249   1
2.54403   0.0605743   0.562687   1
2.60403   0.0605738   0.5121   1
2.66402   0.0605735   0.459669   1
2.72402   0.0605732   0.405585   1
2.78402   0.0605734   0.350041   1
2.84401   0.0605652   0.293237   1
2.90394   0.0605017   0.235341   0.999998
2.96407   0.0606488   0.176585   1
3.02995   0.0606473   0.111455   1
3.09008   0.0604994   0.0516091   0.999998
3.15   0.0605645   -0.00840789   1
3.21   0.0605728   -0.0683579   1
3.26999   0.0605724   -0.128062   1
3.32999   0.0605726   -0.187305   1
3.38999   0.0605727   -0.245875   1
3.44998   0.0605732   -0.303559   1
3.50998   0.0605665   -0.360151   1
3.56992   0.0605145   -0.41548   0.999999
3.63002   0.0606301   -0.469328   1
3.69593   0.0606345   -0.526397   1
3.75603   0.0605215   -0.576477   0.999999
3.81597   0.0605688   -0.624471   1
3.87597   0.060575   -0.670187   1
3.93597   0.0605751   -0.713491   1
3.99597   0.0605755   -0.754227   1
4.05597   0.0605759   -0.792248   1
4.11597   0.0605762   -0.827419   1
4.17597   0.0605749   -0.859611   1
4.23596   0.0605635   -0.888726   1
4.29598   0.0605867   -0.914652   1
4.36197   0.0605904   -0.939269   1
4.42199   0.0605695   -0.958178   1
4.48199   0.060577   -0.973637   1
4.54199   0.060578   -0.985579   1
4.60199   0.0605781   -0.993974   1
4.662   0.0605781   -0.998792   1
4.722   0.0605781   -1.00001   1
4.782   0.0605781   -0.997639   1
4.84201   0.0605776   -0.991673   1
4.90201   0.0605739   -0.982128   1
4.96202   0.0605854   -0.96905   1
5.02802   0.0605825   -0.950697   1
5.08803   0.0605692   -0.930352   1
5.14802   0.060576   -0.906667   1
5.20803   0.0605768   -0.879731   1
5.26803   0.0605764   -0.849629   1
5.32803   0.0605761   -0.81647   1
5.38803   0.0605757   -0.780372   1
5.44803   0.0605756   -0.741465   1
5.50803   0.0605701   -0.69989   1
5.56798   0.060529   -0.655766   0.999999
5.62807   0.0606283   -0.609274   1
5.69399   0.0606234   -0.555793   1
5.75408   0.0605211   -0.504891   0.999999
5.81403   0.0605685   -0.452186   1
5.87401   0.0605543   -0.397886   1
5.93383   0.0604038   -0.342046   0.999996
5.99399   0.0605763   -0.284907   1
