5.3616   3.02016   0.273965   18.2958   -0.61247   1
3.25275   6.11294   0.314947   0.523175   -0.466658   1
2.42601   1.13057   0.34772   1.76976   -0.708607   1
1.78593   5.24466   2.75776   0.654339   -0.35787   1
2.29813   5.01596   0.544587   0.328923   -0.333352   1
1.22648   5.29011   0.573529   0.994798   -0.309694   1
3.15063   1.08722   0.487232   0.698791   -0.461419   1
5.79444   -0.150133   2.40932   1.02184   -0.28465   1
5.91092   4.39631   0.150597   0.285721   -0.177826   1
0.324284   5.61719   0.455144   0.437633   -0.129983   1
5.90164   4.07305   0.406533   0.366219   -0.0894079   1
3.32641   4.88563   0.394153   0.227038   -0.0464972   1
3.18864   5.07737   0.758831   4.81517   0.00910424   1
2.15887   6.45305   0.35678   0.163685   0.0501008   1
6.37579   6.18855   10.4009   0.730566   0.131522   1
3.6107   1.62251   3.22527   0.381622   0.139617   1
1.24701   2.248   0.179555   0.229649   -0.0312038   1
0.190265   2.3261   0.449239   0.980343   0.367632   1
6.18585   3.03569   0.295977   0.403753   0.263304   1
-0.0255581   3.82476   1.37285   2.21111   0.292565   1
3.26223   5.3367   0.479483   0.51245   0.367248   1
4.11037   2.64656   0.392033   1.7199   0.494951   1
1.86665   5.79138   1.37301   0.873714   0.386688   1
5.99733   2.20091   0.807833   0.629661   0.553833   1
3.43219   3.41565   6.84603   0.321749   0.242647   1
