 Location  Dispersion    Centroids   Volume
-0.000856012   0.0208993   0.0274278   0.999552
0.058144   0.0246461   0.0994092   1.0001
0.122564   0.0311688   0.183928   1.00203
0.183985   0.0192562   0.260208   0.999119
0.241727   0.0153023   0.31582   0.999347
0.29816   0.00716774   0.32127   0.999126
0.365036   0.0200225   0.36989   0.999959
0.426124   0.0335403   0.463129   1.00161
0.489321   0.0274244   0.507747   1.00048
0.54868   0.0122869   0.59584   0.998893
0.606402   0.0170572   0.639066   1.00036
0.668526   0.0175176   0.684413   1.00002
0.727168   0.0154415   0.718431   0.999257
0.784602   0.0119583   0.745174   0.999394
0.844295   0.0181514   0.777856   0.999738
0.904715   0.0307117   0.83882   1.00133
0.966242   0.0218857   0.875551   1.00015
1.03227   0.00878489   0.915207   0.999281
1.09125   0.0177674   0.938709   1.00004
1.15221   0.023775   0.959552   1.00036
1.21283   0.0233708   0.984656   1.00022
1.27232   0.0180765   0.991707   0.999571
1.33311   0.0225857   1.03376   1.00017
1.39337   0.0238475   1.01746   1.0004
1.45258   0.0158253   1.0347   0.999224
1.51148   0.0218501   1.04882   1.00024
1.57256   0.022287   1.04702   1.00029
1.63367   0.0176321   1.06649   0.99994
1.69908   0.0201914   1.0244   1.00005
1.75849   0.0199675   1.03217   1.00002
1.81871   0.0186512   1.01016   0.999724
1.87938   0.0249033   1.01839   1.00076
1.93903   0.0164529   0.9826   0.9989
1.99745   0.022906   0.950591   1.00034
2.05796   0.0223229   0.968488   0.999912
2.11824   0.0261686   0.886355   1.00024
2.18044   0.0303787   0.876275   1.00144
2.24613   0.00731537   0.782076   0.999046
2.29831   0.0124102   0.787348   0.998986
2.36487   0.0243129   0.754863   1.00129
2.42843   0.00619152   0.69729   0.999258
2.4861   0.0067234   0.662727   0.999755
2.54616   0.0179807   0.623418   1.00062
2.60425   0.0170921   0.557498   0.998966
2.66396   0.0274349   0.524404   1.00112
2.72592   0.0217257   0.427562   0.998365
2.78118   0.0216761   0.386182   1.00054
2.84143   0.0158248   0.35121   0.999333
2.90068   0.0227827   0.312427   1.00012
2.96273   0.0275172   0.260323   1.00117
3.0291   0.0233222   0.168696   0.999049
3.09209   0.0360842   0.0961156   1.00322
3.15693   0.0183878   0.0267066   0.997913
3.2095   0.0206473   -0.0239573   0.99863
3.26937   0.0226134   -0.0961183   1.00143
3.33034   0.000744788   -0.17304   0.998668
3.38927   0.020944   -0.190936   1.00109
3.45004   0.0177139   -0.244874   0.999404
3.50956   0.0276677   -0.311709   1.00045
3.57157   0.0224474   -0.393211   1.00057
3.62897   0.0108734   -0.400002   0.999338
3.69733   0.023216   -0.478624   1.00092
3.75566   0.0179589   -0.528721   1.00007
3.81723   0.00802439   -0.574176   0.999143
3.87358   0.0167572   -0.591534   0.999435
3.93626   0.0277704   -0.64222   1.00115
3.9983   0.0229785   -0.726903   1.00047
4.05879   0.00664349   -0.760964   0.998751
4.11408   0.0137689   -0.752141   0.999501
4.17576   0.0242964   -0.805053   1.00111
4.23378   0.00932059   -0.826485   0.998483
4.29433   0.0263165   -0.870525   1.00095
4.36151   0.0212167   -0.880226   0.999789
4.42166   0.0239832   -0.911455   1.00017
4.48121   0.0204222   -0.939011   0.999665
4.54117   0.0252095   -0.942791   1.00043
4.60228   0.0213877   -0.940051   1.00013
4.66226   0.0197203   -0.949502   0.999906
4.72299   0.0243856   -0.943087   1.00054
4.78311   0.016031   -0.940648   0.99937
4.84216   0.0219949   -0.940378   1.00023
4.90338   0.022047   -0.946292   1.00053
4.96453   0.0102871   -0.902979   0.999373
5.02685   0.0127314   -0.919842   0.999521
5.08711   0.0174227   -0.881535   1.00029
5.14762   0.0196556   -0.843529   0.999995
5.20798   0.0244184   -0.819433   1.00027
5.26743   0.0174015   -0.80342   0.999633
5.32912   0.0252751   -0.744123   1.0011
5.38924   0.0217607   -0.729168   0.99933
5.44794   0.0191144   -0.674916   0.999679
5.5081   0.02278   -0.631286   1.00009
5.56967   0.0280527   -0.629593   1.00071
5.6299   0.0259802   -0.541562   0.998606
5.69238   0.024123   -0.495193   1.0001
5.75396   0.0277054   -0.460824   1.00123
5.8141   0.0107511   -0.405712   0.99867
5.87338   0.0247104   -0.338858   1.00098
5.93334   0.0177638   -0.26684   0.999821
5.99417   0.0191921   -0.259681   0.999912
