 Location  Dispersion    Centroids   Volume
-3.0919e-05   0.122368   0.00100343   0.999996
0.120164   0.122514   0.120278   1.00003
0.246289   0.122192   0.241523   0.999969
0.365908   0.122349   0.358484   0.99999
0.491647   0.122283   0.470801   0.999988
0.611871   0.122425   0.57479   1.00002
0.731998   0.122369   0.668517   0.999995
0.857883   0.122398   0.755781   0.999995
0.977853   0.122407   0.82925   1
1.09795   0.122413   0.890518   1.00001
1.22401   0.122411   0.940601   1
1.34401   0.122393   0.973909   0.999999
1.46999   0.122394   0.999068   1
1.59   0.122388   1.00096   1
1.71002   0.122393   0.991201   1
1.83636   0.122677   0.964064   1.00002
1.95607   0.122385   0.934188   0.999974
2.08202   0.1224   0.873022   1
2.20206   0.122378   0.806396   1
2.32207   0.12238   0.729939   0.999997
2.44585   0.120672   0.637491   0.999841
2.56761   0.12246   0.537312   1.00016
2.69408   0.122431   0.434248   1.00001
2.81417   0.122277   0.31808   0.999999
2.93414   0.122232   0.206254   0.999979
3.05979   0.122391   0.0859023   0.999996
3.18003   0.122502   -0.0384789   1.00003
3.2998   0.122088   -0.162809   0.999955
3.42542   0.122264   -0.259902   0.999974
3.54556   0.122761   -0.39408   1.00006
3.67194   0.12234   -0.505609   0.999991
3.79403   0.123745   -0.61079   1.00021
3.91013   0.119247   -0.440371   0.999963
4.04457   0.115386   -0.769958   0.999883
4.15836   0.122363   -0.886989   0.999962
4.28415   0.122251   -0.909038   0.999979
4.40395   0.122396   -0.95497   1
4.52426   0.122569   -0.980745   1.00003
4.65005   0.122239   -1.02872   0.999954
4.76981   0.122509   -0.998035   1.00002
4.89601   0.122391   -0.983892   1
5.01598   0.12236   -0.954423   0.999997
5.13596   0.122384   -0.917965   0.999995
5.26199   0.122518   -0.853052   1.00002
5.38211   0.12235   -0.780286   0.999997
5.50209   0.12234   -0.704354   0.99999
5.62796   0.122399   -0.610096   1
5.74807   0.122409   -0.511176   0.999992
5.87401   0.122582   -0.396963   1.00003
5.99419   0.122264   -0.285669   0.999979
