 Location  Dispersion    Centroids   Volume
-7.76945e-05   0.315604   0.000459419   0.999964
0.317515   0.315524   0.313206   0.999946
0.629407   0.315538   0.591592   0.99997
0.947292   0.315691   0.814796   1.00003
1.2596   0.315715   0.955685   1.00006
1.578   0.315764   1.00361   1.00008
1.89045   0.315756   0.952746   1.00006
2.20871   0.31569   0.806596   1.00002
2.52658   0.315538   0.579833   0.999969
2.83847   0.315521   0.299441   0.999945
3.15589   0.315481   -0.0139283   0.99993
3.46768   0.315493   -0.3222   0.999943
3.7853   0.315631   -0.602788   0.999972
4.10329   0.3157   -0.823171   1.00003
4.41562   0.315718   -0.960002   1.00006
4.73402   0.315763   -1.00341   1.00007
5.04647   0.315752   -0.948087   1.00006
5.36464   0.315616   -0.798223   1.00001
5.67672   0.315605   -0.57209   0.999983
5.99427   0.315492   -0.286145   0.999905
