4.85827   3.60485   0.246242   0.25693   -0.501328   1
0.41795   3.63349   0.266983   0.266983   -0.459677   1
1.76431   3.68854   0.266983   0.266983   -0.417899   1
4.45621   6.56772   0.333639   1.66505   0.0162685   1
2.39777   4.66763   0.266983   0.266983   -0.334343   1
2.07217   0.550497   0.056891   0.0683943   -0.27822   1
2.36791   2.80568   1.00582   1.14643   -0.515936   1
6.19776   2.84808   0.266983   0.266983   -0.209009   1
3.99401   3.03183   0.257199   0.241361   -0.166888   1
4.50143   3.4722   0.194685   0.229079   -0.124864   1
2.22082   3.74959   0.266996   0.267028   -0.0836748   1
0.912826   0.890044   0.764836   0.782504   0.360449   1
3.30635   4.64981   0.26741   0.265915   -0.000110234   1
3.83495   3.50839   0.964037   0.926994   0.527434   1
4.46236   2.21183   0.266983   0.266983   0.0834369   1
4.68946   3.84239   0.00175488   0.474348   -0.0612489   1
5.1752   0.211175   0.266983   0.266983   0.166993   1
2.94006   5.82419   0.266983   0.266983   0.208771   1
5.22744   5.54672   1.57738   0.61047   -0.322794   1
1.03673   3.25485   0.266983   0.266983   0.292327   1
1.69844   4.27806   0.374896   1.77567   0.144802   1
0.0798482   2.96805   0.266983   0.266983   0.375883   1
2.82343   1.04144   0.266983   0.266982   0.417661   1
5.2359   4.4   0.102736   0.181228   0.456491   1
5.9789   0.222149   0.266983   0.266983   0.501217   1
