21.5508   121.669   0.156185   77.55   -68.0742   1.00056
19.8335   99.0573   0.12423   69.7401   -32.2609   1.00038
6.31109   5.00626   0.131856   3.87689e-06   3.52603   1
6.15319   4.69986   2.36455e-06   0.203014   5.12168   1
2.79795   6.91829   2.05946   0.00195507   39.4014   0.999994
-8.16223   -8.2145   108.626   108.87   -557.65   1.01423
5.60106   12.7446   1.55003e-07   7.45352   22.5938   1
3.02116   4.67187   0.000811666   0.0457096   14.0901   0.999999
6.61647   16.5921   19.493   0.0309102   0.675327   1.00002
14.1856   24.328   0.0880335   12.4465   37.2838   0.999984
3.83373   4.69979   0.201896   2.03775e-06   16.9881   1
23.9391   23.9391   11.5627   11.5627   149.242   0.994573
16.5747   16.5747   16.2587   16.2587   156.176   0.994779
16.9348   16.9348   16.4917   16.4917   159.041   0.993969
53.1942   53.8374   12.1152   4.17367   56.6693   0.999964
63.2714   48.793   6.13517   5.09342   74.6781   0.999968
67.6707   68.3943   5.75673   5.18387   63.6856   0.999909
9.81742   9.81742   16.3943   16.3943   147.227   0.994209
-8.08938   -8.32537   109.658   110.77   -573.063   1.01428
12.0373   69.028   0.0453204   35.8492   10.8271   1.00011
9.1158   7.37801   5.29516   0.000871903   34.1114   0.999999
15.3453   16.9691   0.036185   3.88817   76.3787   0.999989
18.2881   18.2881   19.0239   19.0239   165.395   0.995582
16.9759   16.9759   19.579   19.579   149.141   0.994178
8.88196   -404.777   0.0125702   377.783   56.2047   0.999999
25.9701   24.3021   3.31554   0.617986   137.429   1.00015
4.42903   5.07516   0.155954   3.44782e-06   43.4055   1
-3.15729   10.9191   0.861814   0.146995   43.7714   1
33.8116   33.8116   107.48   107.48   291.997   1.00478
19.0178   19.0178   11.283   11.283   148.5   0.994349
33.8216   33.8216   107.562   107.562   292.309   1.00435
5.73561   0.301849   0.16123   0.000265884   45.8763   0.999995
23.637   27.8252   1.30103   4.84693   135.952   1.00015
33.5943   33.5943   106.244   106.244   289.085   1.00445
-54500.3   24.6166   70922.5   70.9126   340.968   1.0107
19.9765   19.9765   10.2539   10.2539   146.951   0.993958
48.3227   49.9321   0.681479   2.08715   48.7386   0.999921
47.2889   34.896   7.56964   4.86744   104.938   1.00005
47.9973   53.0587   7.19695   3.15756   50.4143   0.999935
9.54157   9.54157   15.9831   15.9831   150.304   0.994325
41.0447   59.9861   0.173236   23.0923   74.9142   0.999953
61.7048   42.8649   20.9059   2.07499   85.2294   0.999993
45.4201   51.0796   3.58596   8.88221   75.1623   0.999985
22.2722   22.2654   0.675295   0.701817   143.086   1.00015
34.4763   34.4763   111.232   111.232   300.936   1.0056
15.8739   15.8739   16.1171   16.1171   145.707   0.997297
18.0406   18.0387   7.8761   7.86599   128.058   1.00013
19.0557   19.0557   10.4972   10.4972   148.973   0.994083
61.2834   53.297   2.94508   4.77796   62.7658   0.999923
24.497   24.497   7.26541   7.26276   146.095   0.999849
