 Location  Dispersion    Centroids   Volume
0.000258359   0.250069   0.00112795   1.00003
0.251669   0.249698   0.247465   0.999901
0.497541   0.24982   0.477416   0.999973
0.749312   0.250061   0.682408   1.00004
1.00161   0.249926   0.844896   1.00002
1.24779   0.249911   0.948761   1.00002
1.49997   0.249924   1.00072   1.00002
1.7466   0.250277   0.985794   1.00009
1.99841   0.249881   0.916612   0.999937
2.25031   0.249892   0.779096   1.00001
2.49617   0.249974   0.596954   0.999697
2.74615   0.251651   0.380504   1.0003
3.00013   0.249642   0.143823   0.999938
3.24606   0.249932   -0.104686   1.00002
3.4965   0.248928   -0.352593   0.999684
3.78213   0.275384   -0.492191   1.00835
4.01224   0.243405   -0.601133   0.990943
4.24349   0.252653   -0.900353   1.00091
4.49382   0.249922   -0.978145   1.00002
4.746   0.249926   -1.00198   1.00002
4.99813   0.249894   -0.962074   1.00002
5.24435   0.249933   -0.863778   1.00003
5.49628   0.249797   -0.709357   0.999977
5.74244   0.249995   -0.517851   1.00001
5.99403   0.249924   -0.286206   0.99996
