 Location  Dispersion    Centroids   Volume
0.00725123   0.142498   0.0057134   1.02437
0.326583   0.114186   0.3208   0.972216
0.630276   0.129976   0.594008   1.00165
0.949928   0.128697   0.817748   1.00437
1.2663   0.136019   0.962688   1.01771
1.58948   0.16119   1.03089   1.0373
1.92724   0.203354   1.03318   1.06509
2.24515   0.242533   0.851436   1.11506
2.57408   0.229286   0.520358   1.10035
2.86639   0.19623   0.332819   1.09796
3.17606   0.245553   -0.222213   1.01324
3.92928   0.00454644   5.08227   2.12753
3.91256   0.00221867   -0.76017   4.85332
4.28136   -0.364636   -0.901799   1.02686
4.41989   -0.0997216   -0.973053   1.00584
4.72026   0.149009   -1.06364   1.04265
5.04658   0.142991   -0.964171   1.01539
5.36761   0.141284   -0.801196   1.01331
5.68161   0.139626   -0.56655   0.995377
5.98514   0.149619   -0.262654   1.03018
