 Location  Dispersion    Centroids   Volume
0.00047986   0.0227379   0.000774941   1.00027
0.060487   0.0209533   0.0595171   0.999767
0.120186   0.022261   0.119432   1.00004
0.180118   0.0219244   0.178392   0.999919
0.239961   0.0223476   0.237029   0.999989
0.300065   0.0229171   0.296859   1.00001
0.365966   0.0228078   0.356783   1
0.426074   0.0220864   0.414542   1.00001
0.486052   0.0220169   0.466695   0.999992
0.545942   0.0218044   0.52007   0.999941
0.605922   0.0221067   0.569582   1.00005
0.66603   0.0217726   0.619064   1.00001
0.726118   0.0217786   0.664765   1.00004
0.78605   0.0211678   0.708361   0.999915
0.845958   0.021524   0.748689   1.00004
0.906012   0.0211533   0.787429   0.99998
0.965967   0.0211861   0.824412   0.99998
1.03188   0.0211003   0.857945   1.00001
1.09192   0.0207557   0.888075   0.999997
1.15196   0.0208353   0.914134   1.00003
1.212   0.0205372   0.936854   1
1.27196   0.0202513   0.956539   0.99997
1.33195   0.0205617   0.971569   1.00003
1.39199   0.020224   0.983668   0.999988
1.45198   0.020245   0.993372   1.00001
1.512   0.0202094   0.998476   1
1.572   0.0202256   1.00074   1
1.63202   0.0202844   0.998791   1.00001
1.69801   0.0201896   0.992487   0.999989
1.758   0.0203197   0.983145   1.00001
1.81803   0.0204287   0.970681   1.00001
1.87804   0.0204958   0.953662   0.999999
1.93804   0.0206013   0.934081   1.00001
1.99811   0.0207297   0.909819   1.00002
2.05807   0.0205695   0.884759   0.999964
2.11808   0.0211898   0.854489   1.00004
2.17812   0.0209691   0.821583   0.999989
2.23808   0.0211085   0.786767   0.999992
2.29814   0.0219668   0.746584   1.00001
2.36408   0.0220855   0.703851   1.00001
2.42424   0.0219346   0.657184   1.00003
2.48419   0.0214853   0.611684   0.999956
2.54415   0.021722   0.562226   1.00001
2.6041   0.021894   0.513792   0.999982
2.6641   0.0221458   0.459202   0.999999
2.72405   0.0222268   0.405577   0.999974
2.78401   0.0224243   0.350958   1.00001
2.84411   0.0226114   0.293286   1.00004
2.90427   0.0224879   0.234661   1.00005
2.96428   0.0225129   0.175381   0.999916
3.02997   0.0230522   0.113027   0.999994
3.09   0.0225123   0.0508152   0.999963
3.15003   0.0227032   -0.00888945   1.00006
3.20999   0.0223573   -0.0680529   0.999932
3.27006   0.0229827   -0.128554   1.00009
3.33009   0.0219517   -0.188183   0.999919
3.3899   0.0222307   -0.245069   0.99999
3.45   0.0225524   -0.303636   1.00006
3.51005   0.0220883   -0.360274   0.999972
3.57006   0.0222749   -0.415389   1.00004
3.63022   0.022506   -0.471035   0.999997
3.69589   0.0218695   -0.52555   0.999899
3.75592   0.0220705   -0.577013   1.00008
3.81596   0.0214491   -0.624409   0.999944
3.876   0.0219777   -0.67117   1.00008
3.93605   0.0213266   -0.713869   0.999956
3.99602   0.0214847   -0.754311   1.00002
4.05597   0.0210048   -0.792859   0.999942
4.11587   0.0211328   -0.827215   1.00002
4.17592   0.0209671   -0.860034   1
4.23595   0.0209972   -0.889245   1.00002
4.29606   0.0209507   -0.914801   1.00004
4.36201   0.0202146   -0.940483   0.999934
4.42196   0.0206229   -0.958651   1.00004
4.48202   0.0203587   -0.973601   0.999997
4.54202   0.0202743   -0.986218   1.00001
4.60203   0.0201758   -0.994312   0.999996
4.662   0.0201426   -0.998498   0.999992
4.72198   0.0202286   -1.00111   1
4.78199   0.020183   -0.998035   0.999995
4.84202   0.0203716   -0.992021   1.00002
4.90205   0.0203442   -0.982522   1
4.96203   0.0202909   -0.968866   0.999981
5.02798   0.0204924   -0.951515   0.999996
5.08795   0.0205279   -0.930521   0.999987
5.14794   0.0206414   -0.908085   1
5.20806   0.0211923   -0.880447   1.00006
5.26816   0.0210192   -0.850056   1
5.32808   0.0207313   -0.816769   0.999954
5.38796   0.0211001   -0.781276   0.999983
5.44802   0.0217336   -0.742027   1.00004
5.50808   0.0215227   -0.699483   0.999991
5.56808   0.0216647   -0.657177   1.00002
5.62827   0.0225194   -0.608387   1.00005
5.69407   0.0216721   -0.556849   0.999894
5.75394   0.0217903   -0.504705   0.999997
5.81402   0.0221873   -0.452499   1.00005
5.87409   0.0219371   -0.397916   0.99998
5.93366   0.0209321   -0.341691   0.999749
5.99362   0.0225082   -0.284257   1.00024
