 Location  Dispersion    Centroids   Volume
8.3522e-05   0.315075   -0.00477539   1.00047
0.319376   0.30935   0.312712   0.999136
0.627301   0.313926   0.587811   0.999951
0.94444   0.316898   0.816674   1.00018
1.25822   0.316734   0.959817   1.00017
1.57877   0.317569   1.0074   1.00025
1.89193   0.316565   0.956921   1.00029
2.20905   0.310771   0.809219   0.999634
2.52912   0.314719   0.575138   0.999773
2.83655   0.318953   0.30052   1.00039
3.15298   0.309931   -0.0143895   0.999512
3.50686   0.36842   -0.326126   1.00169
3.80247   0.322208   -0.475786   1.01124
4.20633   0.226371   -0.768625   0.986678
4.42235   0.298896   -0.967504   1.00034
4.73329   0.317846   -1.00676   1.00026
5.04784   0.31659   -0.950957   1.00016
5.36625   0.31517   -0.80038   1.00002
5.67505   0.311281   -0.57218   0.99951
5.99486   0.31455   -0.281475   1.0002
