 Location  Dispersion    Centroids   Volume
-0.00129654   0.167871   0.0168626   0.998623
0.247651   0.178353   0.322242   1.0029
0.492878   0.147041   0.523952   0.99624
0.742248   0.170628   0.722096   1.00171
0.993021   0.169075   0.900677   0.999938
1.24692   0.166863   0.992465   1.00026
1.497   0.169273   1.05693   1.00038
1.74619   0.163998   1.03289   0.999971
2.00671   0.173734   0.978047   1.00103
2.25368   0.166783   0.812318   0.999719
2.50479   0.164536   0.668083   0.999363
2.74702   0.169453   0.418097   1.0001
3.00279   0.170059   0.226713   0.999015
3.24355   0.177884   -0.0767017   1.0017
3.49996   0.161809   -0.307654   0.998607
3.74755   0.170738   -0.51594   1.00133
3.99854   0.163082   -0.710383   0.999062
4.24532   0.161584   -0.84215   0.999414
4.49311   0.169272   -0.936634   1.00077
4.7469   0.167114   -0.956653   0.999776
4.99611   0.166737   -0.918271   1.00021
5.2496   0.166638   -0.805305   1.00037
5.49391   0.159982   -0.645235   0.999433
5.73469   0.151689   -0.486032   0.997909
5.98409   0.173937   -0.241736   1.00213
