  x   	 	   y   	 	  f(x,y)   
0	0	48.8487
0.006414	0.006414	48.8816
0.012828	0.012828	48.9144
0.019242	0.019242	48.9473
0.025656	0.025656	48.9802
0.03207	0.03207	49.013
0.038484	0.038484	49.0459
0.044898	0.044898	49.0788
0.051312	0.051312	49.1117
0.057726	0.057726	49.1445
0.06414	0.06414	49.1774
0.070554	0.070554	49.2103
0.076968	0.076968	49.2432
0.083382	0.083382	49.2762
0.089796	0.089796	49.3091
0.09621	0.09621	49.342
0.102624	0.102624	49.3749
0.109038	0.109038	49.4078
0.115452	0.115452	49.4408
0.121866	0.121866	49.4737
0.12828	0.12828	49.5067
0.134694	0.134694	49.5396
0.141108	0.141108	49.5726
0.147522	0.147522	49.6055
0.153936	0.153936	49.6385
0.16035	0.16035	49.6715
0.166764	0.166764	49.7044
0.173178	0.173178	49.7374
0.179592	0.179592	49.7704
0.186006	0.186006	49.8034
0.19242	0.19242	49.8364
0.198834	0.198834	49.8694
0.205248	0.205248	49.9024
0.211662	0.211662	49.9354
0.218076	0.218076	49.9684
0.22449	0.22449	50.0014
0.230904	0.230904	50.0345
0.237318	0.237318	50.0675
0.243732	0.243732	50.1005
0.250146	0.250146	50.1336
0.25656	0.25656	50.1666
0.262974	0.262974	50.1997
0.269388	0.269388	50.2327
0.275802	0.275802	50.2658
0.282216	0.282216	50.2988
0.28863	0.28863	50.3319
0.295044	0.295044	50.365
0.301458	0.301458	50.3981
0.307872	0.307872	50.4311
0.314286	0.314286	50.4642
0.3207	0.3207	50.4973
0.327114	0.327114	50.5304
0.333528	0.333528	50.5635
0.339942	0.339942	50.5966
0.346356	0.346356	50.6297
0.35277	0.35277	50.6629
0.359184	0.359184	50.696
0.365598	0.365598	50.7291
0.372012	0.372012	50.7622
0.378426	0.378426	50.7954
0.38484	0.38484	50.8285
0.391254	0.391254	50.8617
0.397668	0.397668	50.8948
0.404082	0.404082	50.928
0.410496	0.410496	50.9611
0.41691	0.41691	50.9943
0.423324	0.423324	51.0274
0.429738	0.429738	51.0606
0.436152	0.436152	51.0938
0.442566	0.442566	51.127
0.44898	0.44898	51.1601
0.455394	0.455394	51.1933
0.461808	0.461808	51.2265
0.468222	0.468222	51.2597
0.474636	0.474636	51.2929
0.48105	0.48105	51.3261
0.487464	0.487464	51.3593
0.493878	0.493878	51.3926
0.500292	0.500292	51.4258
0.506706	0.506706	51.459
0.51312	0.51312	51.4922
0.519534	0.519534	51.5255
0.525948	0.525948	51.5587
0.532362	0.532362	51.5919
0.538776	0.538776	51.6252
0.54519	0.54519	51.6584
0.551604	0.551604	51.6917
0.558018	0.558018	51.7249
0.564432	0.564432	51.7582
0.570846	0.570846	51.7915
0.57726	0.57726	51.8247
0.583674	0.583674	51.858
0.590088	0.590088	51.8913
0.596502	0.596502	51.9246
0.602916	0.602916	51.9579
0.60933	0.60933	51.9912
0.615744	0.615744	52.0245
0.622158	0.622158	52.0578
0.628572	0.628572	52.0911
0.634986	0.634986	52.1244
0.6414	0.6414	52.1577
0.647814	0.647814	52.191
0.654228	0.654228	52.2243
0.660642	0.660642	52.2576
0.667056	0.667056	52.291
0.67347	0.67347	52.3243
0.679884	0.679884	52.3576
0.686298	0.686298	52.391
0.692712	0.692712	52.4243
0.699126	0.699126	52.4577
0.70554	0.70554	52.491
0.711954	0.711954	52.5244
0.718368	0.718368	52.5578
0.724782	0.724782	52.5912
0.731196	0.731196	52.6246
0.73761	0.73761	52.658
0.744024	0.744024	52.6915
0.750438	0.750438	52.725
0.756852	0.756852	52.7584
0.763266	0.763266	52.7917
0.76968	0.76968	52.825
0.776094	0.776094	52.8583
0.782508	0.782508	52.8916
0.788922	0.788922	52.925
0.795336	0.795336	52.9584
0.80175	0.80175	52.9918
0.808164	0.808164	53.0252
0.814578	0.814578	53.0586
0.820992	0.820992	53.092
0.827406	0.827406	53.1254
0.83382	0.83382	53.1588
0.840234	0.840234	53.1922
0.846648	0.846648	53.2257
0.853062	0.853062	53.2591
0.859476	0.859476	53.2925
0.86589	0.86589	53.326
0.872304	0.872304	53.3594
0.878718	0.878718	53.3929
0.885132	0.885132	53.4263
0.891546	0.891546	53.4598
0.89796	0.89796	53.4932
0.904374	0.904374	53.5267
0.910788	0.910788	53.5601
0.917202	0.917202	53.5936
0.923616	0.923616	53.6271
0.93003	0.93003	53.6605
0.936444	0.936444	53.694
0.942858	0.942858	53.7275
0.949272	0.949272	53.7609
0.955686	0.955686	53.7944
0.9621	0.9621	53.8279
0.968514	0.968514	53.8614
0.974928	0.974928	53.8949
0.981342	0.981342	53.9284
0.987756	0.987756	53.9618
0.99417	0.99417	53.9953
1.00058	1.00058	54.0288
1.007	1.007	54.0623
1.01341	1.01341	54.0958
1.01983	1.01983	54.1293
1.02624	1.02624	54.1628
1.03265	1.03265	54.1963
1.03907	1.03907	54.2298
1.04548	1.04548	54.2633
1.0519	1.0519	54.2967
1.05831	1.05831	54.3302
1.06472	1.06472	54.3637
1.07114	1.07114	54.3972
1.07755	1.07755	54.4307
1.08397	1.08397	54.4641
1.09038	1.09038	54.4976
1.09679	1.09679	54.531
1.10321	1.10321	54.5645
1.10962	1.10962	54.5979
1.11604	1.11604	54.6313
1.12245	1.12245	54.6647
1.12886	1.12886	54.698
1.13528	1.13528	54.7314
1.14169	1.14169	54.7647
1.14811	1.14811	54.7979
1.15452	1.15452	54.8312
1.16093	1.16093	54.8643
1.16735	1.16735	54.8974
1.17376	1.17376	54.9305
1.18018	1.18018	54.9634
1.18659	1.18659	54.9963
1.193	1.193	55.0291
1.19942	1.19942	55.0618
1.20583	1.20583	55.0944
1.21225	1.21225	55.127
1.21866	1.21866	55.1596
1.22507	1.22507	55.1923
1.23149	1.23149	55.2252
1.2379	1.2379	55.2584
1.24432	1.24432	55.2919
1.25073	1.25073	55.3257
1.25714	1.25714	55.3599
1.26356	1.26356	55.3943
1.26997	1.26997	55.4289
1.27639	1.27639	55.4636
1.2828	1.2828	55.4982
1.28921	1.28921	55.5328
1.29563	1.29563	55.5674
1.30204	1.30204	55.6018
1.30846	1.30846	55.6362
1.31487	1.31487	55.6705
1.32128	1.32128	55.7047
1.3277	1.3277	55.7388
1.33411	1.33411	55.7729
1.34053	1.34053	55.807
1.34694	1.34694	55.841
1.35335	1.35335	55.875
1.35977	1.35977	55.9089
1.36618	1.36618	55.9428
1.3726	1.3726	55.9767
1.37901	1.37901	56.0106
1.38542	1.38542	56.0444
1.39184	1.39184	56.0783
1.39825	1.39825	56.1121
1.40467	1.40467	56.1459
1.41108	1.41108	56.1797
1.41749	1.41749	56.2135
1.42391	1.42391	56.2473
1.43032	1.43032	56.2811
1.43674	1.43674	56.3149
1.44315	1.44315	56.3487
1.44956	1.44956	56.3825
1.45598	1.45598	56.4163
1.46239	1.46239	56.45
1.46881	1.46881	56.4838
1.47522	1.47522	56.5176
1.48163	1.48163	56.5514
1.48805	1.48805	56.5851
1.49446	1.49446	56.6189
1.50088	1.50088	56.6527
1.50729	1.50729	56.6865
1.5137	1.5137	56.7202
1.52012	1.52012	56.754
1.52653	1.52653	56.7878
1.53295	1.53295	56.8216
1.53936	1.53936	56.8553
1.54577	1.54577	56.8891
1.55219	1.55219	56.9229
1.5586	1.5586	56.9567
1.56502	1.56502	56.9904
1.57143	1.57143	57.0242
1.57784	1.57784	57.058
1.58426	1.58426	57.0918
1.59067	1.59067	57.1256
1.59709	1.59709	57.1594
1.6035	1.6035	57.1932
1.60991	1.60991	57.227
1.61633	1.61633	57.2607
1.62274	1.62274	57.2945
1.62916	1.62916	57.3283
1.63557	1.63557	57.3621
1.64198	1.64198	57.3959
1.6484	1.6484	57.4297
1.65481	1.65481	57.4635
1.66123	1.66123	57.4973
1.66764	1.66764	57.5311
1.67405	1.67405	57.5649
1.68047	1.68047	57.5987
1.68688	1.68688	57.6325
1.6933	1.6933	57.6664
1.69971	1.69971	57.7002
1.70612	1.70612	57.734
1.71254	1.71254	57.7678
1.71895	1.71895	57.8016
1.72537	1.72537	57.8354
1.73178	1.73178	57.8692
1.73819	1.73819	57.9031
1.74461	1.74461	57.9369
1.75102	1.75102	57.9707
1.75744	1.75744	58.0045
1.76385	1.76385	58.0384
1.77026	1.77026	58.0722
1.77668	1.77668	58.106
1.78309	1.78309	58.1399
1.78951	1.78951	58.1737
1.79592	1.79592	58.2075
1.80233	1.80233	58.2414
1.80875	1.80875	58.2752
1.81516	1.81516	58.309
1.82158	1.82158	58.3429
1.82799	1.82799	58.3767
1.8344	1.8344	58.4106
1.84082	1.84082	58.4444
1.84723	1.84723	58.4782
1.85365	1.85365	58.5121
1.86006	1.86006	58.5459
1.86647	1.86647	58.5798
1.87289	1.87289	58.6136
1.8793	1.8793	58.6475
1.88572	1.88572	58.6814
1.89213	1.89213	58.7152
1.89854	1.89854	58.7491
1.90496	1.90496	58.7829
1.91137	1.91137	58.8168
1.91779	1.91779	58.8506
1.9242	1.9242	58.8845
1.93061	1.93061	58.9184
1.93703	1.93703	58.9522
1.94344	1.94344	58.9861
1.94986	1.94986	59.02
1.95627	1.95627	59.0538
1.96268	1.96268	59.0877
1.9691	1.9691	59.1216
1.97551	1.97551	59.1554
1.98193	1.98193	59.1893
1.98834	1.98834	59.2232
1.99475	1.99475	59.2571
2.00117	2.00117	59.2909
2.00758	2.00758	59.3248
2.014	2.014	59.3587
2.02041	2.02041	59.3926
2.02682	2.02682	59.4264
2.03324	2.03324	59.4551
2.03965	2.03965	59.4942
2.04607	2.04607	59.5281
2.05248	2.05248	59.562
2.05889	2.05889	59.5959
2.06531	2.06531	59.6298
2.07172	2.07172	59.6636
2.07814	2.07814	59.6975
2.08455	2.08455	59.7314
2.09096	2.09096	59.7653
2.09738	2.09738	59.7992
2.10379	2.10379	59.8331
2.11021	2.11021	59.867
2.11662	2.11662	59.9009
2.12303	2.12303	59.9348
2.12945	2.12945	59.9687
2.13586	2.13586	60.0026
2.14228	2.14228	60.0365
2.14869	2.14869	60.0703
2.1551	2.1551	60.1042
2.16152	2.16152	60.1381
2.16793	2.16793	60.172
2.17435	2.17435	60.2059
2.18076	2.18076	60.2398
2.18717	2.18717	60.2737
2.19359	2.19359	60.3075
2.2	2.2	60.3304
2.20642	2.20642	60.3753
2.21283	2.21283	60.4093
2.21924	2.21924	60.4433
2.22566	2.22566	60.4772
2.23207	2.23207	60.5111
2.23849	2.23849	60.545
2.2449	2.2449	60.5789
2.25131	2.25131	60.6128
2.25773	2.25773	60.6467
2.26414	2.26414	60.6806
2.27056	2.27056	60.7145
2.27697	2.27697	60.7484
2.28338	2.28338	60.7823
2.2898	2.2898	60.8163
2.29621	2.29621	60.8502
2.30263	2.30263	60.8841
2.30904	2.30904	60.918
2.31545	2.31545	60.9519
2.32187	2.32187	60.9858
2.32828	2.32828	61.0197
2.3347	2.3347	61.0536
2.34111	2.34111	61.0876
2.34752	2.34752	61.1215
2.35394	2.35394	61.1554
2.36035	2.36035	61.1893
2.36677	2.36677	61.2232
2.37318	2.37318	61.2571
2.37959	2.37959	61.291
2.38601	2.38601	61.325
2.39242	2.39242	61.3589
2.39884	2.39884	61.3928
2.40525	2.40525	61.4267
2.41166	2.41166	61.4606
2.41808	2.41808	61.4945
2.42449	2.42449	61.5285
2.43091	2.43091	61.5624
2.43732	2.43732	61.5963
2.44373	2.44373	61.6302
2.45015	2.45015	61.6641
2.45656	2.45656	61.698
2.46298	2.46298	61.732
2.46939	2.46939	61.7659
2.4758	2.4758	61.7998
2.48222	2.48222	61.8337
2.48863	2.48863	61.8676
2.49505	2.49505	61.9015
2.50146	2.50146	61.9355
2.50787	2.50787	61.9694
2.51429	2.51429	62.0033
2.5207	2.5207	62.0372
2.52712	2.52712	62.0711
2.53353	2.53353	62.105
2.53994	2.53994	62.139
2.54636	2.54636	62.1729
2.55277	2.55277	62.2068
2.55919	2.55919	62.2407
2.5656	2.5656	62.2746
2.57201	2.57201	62.3085
2.57843	2.57843	62.3424
2.58484	2.58484	62.3764
2.59126	2.59126	62.4103
2.59767	2.59767	62.4442
2.60408	2.60408	62.4781
2.6105	2.6105	62.512
2.61691	2.61691	62.5459
2.62333	2.62333	62.5798
2.62974	2.62974	62.6138
2.63615	2.63615	62.6477
2.64257	2.64257	62.6816
2.64898	2.64898	62.7155
2.6554	2.6554	62.7494
2.66181	2.66181	62.7833
2.66822	2.66822	62.8172
2.67464	2.67464	62.8511
2.68105	2.68105	62.885
2.68747	2.68747	62.9189
2.69388	2.69388	62.9529
2.70029	2.70029	62.9868
2.70671	2.70671	63.0207
2.71312	2.71312	63.0546
2.71954	2.71954	63.0885
2.72595	2.72595	63.1224
2.73236	2.73236	63.1563
2.73878	2.73878	63.1902
2.74519	2.74519	63.2241
2.75161	2.75161	63.2569
2.75802	2.75802	63.2919
2.76443	2.76443	63.3258
2.77085	2.77085	63.3597
2.77726	2.77726	63.3936
2.78368	2.78368	63.4275
2.79009	2.79009	63.4614
2.7965	2.7965	63.4953
2.80292	2.80292	63.5292
2.80933	2.80933	63.5631
2.81575	2.81575	63.597
2.82216	2.82216	63.6309
2.82857	2.82857	63.6648
2.83499	2.83499	63.6987
2.8414	2.8414	63.7326
2.84782	2.84782	63.7665
2.85423	2.85423	63.8003
2.86064	2.86064	63.8342
2.86706	2.86706	63.8681
2.87347	2.87347	63.902
2.87989	2.87989	63.9359
2.8863	2.8863	63.9698
2.89271	2.89271	64.0037
2.89913	2.89913	64.0375
2.90554	2.90554	64.0714
2.91196	2.91196	64.1053
2.91837	2.91837	64.1392
2.92478	2.92478	64.1731
2.9312	2.9312	64.207
2.93761	2.93761	64.2408
2.94403	2.94403	64.2747
2.95044	2.95044	64.3086
2.95685	2.95685	64.3425
2.96327	2.96327	64.3763
2.96968	2.96968	64.4102
2.9761	2.9761	64.4441
2.98251	2.98251	64.4779
2.98892	2.98892	64.5118
2.99534	2.99534	64.5457
3.00175	3.00175	64.5795
3.00817	3.00817	64.6134
3.01458	3.01458	64.6473
3.02099	3.02099	64.6811
3.02741	3.02741	64.715
3.03382	3.03382	64.7488
3.04024	3.04024	64.7827
3.04665	3.04665	64.8166
3.05306	3.05306	64.8504
3.05948	3.05948	64.8843
3.06589	3.06589	64.9181
3.07231	3.07231	64.952
3.07872	3.07872	64.9858
3.08513	3.08513	65.0197
3.09155	3.09155	65.0535
3.09796	3.09796	65.0874
3.10438	3.10438	65.1212
3.11079	3.11079	65.155
3.1172	3.1172	65.1889
3.12362	3.12362	65.2227
3.13003	3.13003	65.2565
3.13645	3.13645	65.2904
3.14286	3.14286	65.3242
3.14927	3.14927	65.358
3.15569	3.15569	65.3919
3.1621	3.1621	65.4257
3.16852	3.16852	65.4595
3.17493	3.17493	65.4934
3.18134	3.18134	65.5272
3.18776	3.18776	65.561
3.19417	3.19417	65.5948
3.20059	3.20059	65.6286
3.207	3.207	65.6625
3.21341	3.21341	65.6963
3.21983	3.21983	65.7301
3.22624	3.22624	65.7639
3.23266	3.23266	65.7977
3.23907	3.23907	65.8315
3.24548	3.24548	65.8653
3.2519	3.2519	65.8991
3.25831	3.25831	65.9329
3.26473	3.26473	65.9667
3.27114	3.27114	66.0005
3.27755	3.27755	66.0343
3.28397	3.28397	66.0681
3.29038	3.29038	66.1011
3.2968	3.2968	66.1357
3.30321	3.30321	66.1695
3.30962	3.30962	66.2033
3.31604	3.31604	66.2371
3.32245	3.32245	66.2708
3.32887	3.32887	66.3046
3.33528	3.33528	66.3384
3.34169	3.34169	66.3722
3.34811	3.34811	66.4059
3.35452	3.35452	66.4397
3.36094	3.36094	66.4735
3.36735	3.36735	66.5073
3.37376	3.37376	66.541
3.38018	3.38018	66.5748
3.38659	3.38659	66.6085
3.39301	3.39301	66.6423
3.39942	3.39942	66.6761
3.40583	3.40583	66.7098
3.41225	3.41225	66.7436
3.41866	3.41866	66.7773
3.42508	3.42508	66.8111
3.43149	3.43149	66.8448
3.4379	3.4379	66.8785
3.44432	3.44432	66.9123
3.45073	3.45073	66.946
3.45715	3.45715	66.978
3.46356	3.46356	67.0135
3.46997	3.46997	67.0472
3.47639	3.47639	67.081
3.4828	3.4828	67.1147
3.48922	3.48922	67.1484
3.49563	3.49563	67.1821
3.50204	3.50204	67.2158
3.50846	3.50846	67.2496
3.51487	3.51487	67.2833
3.52129	3.52129	67.317
3.5277	3.5277	67.3507
3.53411	3.53411	67.3844
3.54053	3.54053	67.4181
3.54694	3.54694	67.4518
3.55336	3.55336	67.4855
3.55977	3.55977	67.5192
3.56618	3.56618	67.5529
3.5726	3.5726	67.5866
3.57901	3.57901	67.6203
3.58543	3.58543	67.6539
3.59184	3.59184	67.6876
3.59825	3.59825	67.7213
3.60467	3.60467	67.755
3.61108	3.61108	67.7887
3.6175	3.6175	67.8223
3.62391	3.62391	67.856
3.63032	3.63032	67.8897
3.63674	3.63674	67.9233
3.64315	3.64315	67.957
3.64957	3.64957	67.9906
3.65598	3.65598	68.0243
3.66239	3.66239	68.0579
3.66881	3.66881	68.0916
3.67522	3.67522	68.1252
3.68164	3.68164	68.1589
3.68805	3.68805	68.1925
3.69446	3.69446	68.2262
3.70088	3.70088	68.2598
3.70729	3.70729	68.2934
3.71371	3.71371	68.327
3.72012	3.72012	68.3607
3.72653	3.72653	68.3943
3.73295	3.73295	68.4279
3.73936	3.73936	68.4615
3.74578	3.74578	68.4951
3.75219	3.75219	68.5287
3.7586	3.7586	68.5623
3.76502	3.76502	68.5959
3.77143	3.77143	68.6295
3.77785	3.77785	68.6631
3.78426	3.78426	68.6967
3.79067	3.79067	68.7303
3.79709	3.79709	68.7639
3.8035	3.8035	68.7975
3.80992	3.80992	68.8311
3.81633	3.81633	68.8647
3.82274	3.82274	68.8982
3.82916	3.82916	68.9318
3.83557	3.83557	68.9654
3.84199	3.84199	68.9989
3.8484	3.8484	69.0325
3.85481	3.85481	69.066
3.86123	3.86123	69.0996
3.86764	3.86764	69.1331
3.87406	3.87406	69.1667
3.88047	3.88047	69.2002
3.88688	3.88688	69.2338
3.8933	3.8933	69.2673
3.89971	3.89971	69.3008
3.90613	3.90613	69.3344
3.91254	3.91254	69.3679
3.91895	3.91895	69.4014
3.92537	3.92537	69.4349
3.93178	3.93178	69.4685
3.9382	3.9382	69.502
3.94461	3.94461	69.5355
3.95102	3.95102	69.569
3.95744	3.95744	69.6025
3.96385	3.96385	69.636
3.97027	3.97027	69.6695
3.97668	3.97668	69.703
3.98309	3.98309	69.7365
3.98951	3.98951	69.7699
3.99592	3.99592	69.8034
4.00234	4.00234	69.8369
4.00875	4.00875	69.8704
4.01516	4.01516	69.9038
4.02158	4.02158	69.9373
4.02799	4.02799	69.9708
4.03441	4.03441	70.0042
4.04082	4.04082	70.0377
4.04723	4.04723	70.0711
4.05365	4.05365	70.1046
4.06006	4.06006	70.138
4.06648	4.06648	70.1714
4.07289	4.07289	70.2049
4.0793	4.0793	70.2383
4.08572	4.08572	70.2717
4.09213	4.09213	70.3051
4.09855	4.09855	70.3386
4.10496	4.10496	70.372
4.11137	4.11137	70.4054
4.11779	4.11779	70.4388
4.1242	4.1242	70.4722
4.13062	4.13062	70.5056
4.13703	4.13703	70.539
4.14344	4.14344	70.5724
4.14986	4.14986	70.6058
4.15627	4.15627	70.6391
4.16269	4.16269	70.6725
4.1691	4.1691	70.7059
4.17551	4.17551	70.7393
4.18193	4.18193	70.7726
4.18834	4.18834	70.806
4.19476	4.19476	70.8393
4.20117	4.20117	70.8727
4.20758	4.20758	70.906
4.214	4.214	70.9394
4.22041	4.22041	70.9727
4.22683	4.22683	71.006
4.23324	4.23324	71.0394
4.23965	4.23965	71.0727
4.24607	4.24607	71.106
4.25248	4.25248	71.1393
4.2589	4.2589	71.1727
4.26531	4.26531	71.206
4.27172	4.27172	71.2393
4.27814	4.27814	71.2726
4.28455	4.28455	71.3059
4.29097	4.29097	71.3392
4.29738	4.29738	71.3724
4.30379	4.30379	71.4057
4.31021	4.31021	71.439
4.31662	4.31662	71.4723
4.32304	4.32304	71.5055
4.32945	4.32945	71.5388
4.33586	4.33586	71.5721
4.34228	4.34228	71.6053
4.34869	4.34869	71.6386
4.35511	4.35511	71.6718
4.36152	4.36152	71.7051
4.36793	4.36793	71.7383
4.37435	4.37435	71.7715
4.38076	4.38076	71.8048
4.38718	4.38718	71.838
4.39359	4.39359	71.8712
4.4	4.4	71.9044
4.40642	4.40642	71.9376
4.41283	4.41283	71.9708
4.41925	4.41925	72.004
4.42566	4.42566	72.0372
4.43207	4.43207	72.0704
4.43849	4.43849	72.1036
4.4449	4.4449	72.1368
4.45132	4.45132	72.17
4.45773	4.45773	72.2031
4.46414	4.46414	72.2363
4.47056	4.47056	72.2695
4.47697	4.47697	72.3026
4.48339	4.48339	72.3358
4.4898	4.4898	72.3689
4.49621	4.49621	72.402
4.50263	4.50263	72.4352
4.50904	4.50904	72.4683
4.51546	4.51546	72.5014
4.52187	4.52187	72.5346
4.52828	4.52828	72.5677
4.5347	4.5347	72.6008
4.54111	4.54111	72.6339
4.54753	4.54753	72.667
4.55394	4.55394	72.7001
4.56035	4.56035	72.7332
4.56677	4.56677	72.7663
4.57318	4.57318	72.7993
4.5796	4.5796	72.8324
4.58601	4.58601	72.8655
4.59242	4.59242	72.8986
4.59884	4.59884	72.9316
4.60525	4.60525	72.9647
4.61167	4.61167	72.9977
4.61808	4.61808	73.0308
4.62449	4.62449	73.0638
4.63091	4.63091	73.0968
4.63732	4.63732	73.1299
4.64374	4.64374	73.1629
4.65015	4.65015	73.1959
4.65656	4.65656	73.2289
4.66298	4.66298	73.2619
4.66939	4.66939	73.2949
4.67581	4.67581	73.3279
4.68222	4.68222	73.3609
4.68863	4.68863	73.3939
4.69505	4.69505	73.4269
4.70146	4.70146	73.4599
4.70788	4.70788	73.4928
4.71429	4.71429	73.5258
4.7207	4.7207	73.5588
4.72712	4.72712	73.5917
4.73353	4.73353	73.6247
4.73995	4.73995	73.6576
4.74636	4.74636	73.6905
4.75277	4.75277	73.7235
4.75919	4.75919	73.7564
4.7656	4.7656	73.7893
4.77202	4.77202	73.8222
4.77843	4.77843	73.8551
4.78484	4.78484	73.888
4.79126	4.79126	73.9209
4.79767	4.79767	73.9538
4.80409	4.80409	73.9867
4.8105	4.8105	74.0196
4.81691	4.81691	74.0525
4.82333	4.82333	74.0853
4.82974	4.82974	74.1182
4.83616	4.83616	74.1511
4.84257	4.84257	74.1839
4.84898	4.84898	74.2168
4.8554	4.8554	74.2496
4.86181	4.86181	74.2824
4.86823	4.86823	74.3153
4.87464	4.87464	74.3481
4.88105	4.88105	74.3809
4.88747	4.88747	74.4137
4.89388	4.89388	74.4465
4.9003	4.9003	74.4793
4.90671	4.90671	74.5121
4.91312	4.91312	74.5449
4.91954	4.91954	74.5777
4.92595	4.92595	74.6104
4.93237	4.93237	74.6432
4.93878	4.93878	74.676
4.94519	4.94519	74.7087
4.95161	4.95161	74.7415
4.95802	4.95802	74.7742
4.96444	4.96444	74.807
4.97085	4.97085	74.8397
4.97726	4.97726	74.8724
4.98368	4.98368	74.9052
4.99009	4.99009	74.9379
4.99651	4.99651	74.9706
5.00292	5.00292	75.0033
5.00933	5.00933	75.036
5.01575	5.01575	75.0687
5.02216	5.02216	75.1014
5.02858	5.02858	75.134
5.03499	5.03499	75.1667
5.0414	5.0414	75.1994
5.04782	5.04782	75.232
5.05423	5.05423	75.2647
5.06065	5.06065	75.2973
5.06706	5.06706	75.33
5.07347	5.07347	75.3626
5.07989	5.07989	75.3952
5.0863	5.0863	75.4278
5.09272	5.09272	75.4605
5.09913	5.09913	75.4931
5.10554	5.10554	75.5257
5.11196	5.11196	75.5583
5.11837	5.11837	75.5909
5.12479	5.12479	75.6234
5.1312	5.1312	75.656
5.13761	5.13761	75.6886
5.14403	5.14403	75.7212
5.15044	5.15044	75.7537
5.15686	5.15686	75.7863
5.16327	5.16327	75.8188
5.16968	5.16968	75.8513
5.1761	5.1761	75.8839
5.18251	5.18251	75.9164
5.18893	5.18893	75.9489
5.19534	5.19534	75.9814
5.20175	5.20175	76.0139
5.20817	5.20817	76.0464
5.21458	5.21458	76.0789
5.221	5.221	76.1114
5.22741	5.22741	76.1439
5.23382	5.23382	76.1764
5.24024	5.24024	76.2088
5.24665	5.24665	76.2413
5.25307	5.25307	76.2737
5.25948	5.25948	76.3062
5.26589	5.26589	76.3386
5.27231	5.27231	76.371
5.27872	5.27872	76.4035
5.28514	5.28514	76.4359
5.29155	5.29155	76.4683
5.29796	5.29796	76.5007
5.30438	5.30438	76.5331
5.31079	5.31079	76.5655
5.31721	5.31721	76.5979
5.32362	5.32362	76.6302
5.33003	5.33003	76.6626
5.33645	5.33645	76.695
5.34286	5.34286	76.7273
5.34928	5.34928	76.7597
5.35569	5.35569	76.792
5.3621	5.3621	76.8244
5.36852	5.36852	76.8567
5.37493	5.37493	76.889
5.38135	5.38135	76.9213
5.38776	5.38776	76.9536
5.39417	5.39417	76.9859
5.40059	5.40059	77.0182
5.407	5.407	77.0505
5.41342	5.41342	77.0828
5.41983	5.41983	77.115
5.42624	5.42624	77.1473
5.43266	5.43266	77.1796
5.43907	5.43907	77.2118
5.44549	5.44549	77.2441
5.4519	5.4519	77.2763
5.45831	5.45831	77.3085
5.46473	5.46473	77.3407
5.47114	5.47114	77.373
5.47756	5.47756	77.4052
5.48397	5.48397	77.4374
5.49038	5.49038	77.4696
5.4968	5.4968	77.5017
5.50321	5.50321	77.5339
5.50963	5.50963	77.5661
5.51604	5.51604	77.5982
5.52245	5.52245	77.6304
5.52887	5.52887	77.6625
5.53528	5.53528	77.6947
5.5417	5.5417	77.7268
5.54811	5.54811	77.7589
5.55452	5.55452	77.7911
5.56094	5.56094	77.8232
5.56735	5.56735	77.8553
5.57377	5.57377	77.8874
5.58018	5.58018	77.9195
5.58659	5.58659	77.9515
5.59301	5.59301	77.9836
5.59942	5.59942	78.0157
5.60584	5.60584	78.0477
5.61225	5.61225	78.0798
5.61866	5.61866	78.1118
5.62508	5.62508	78.1439
5.63149	5.63149	78.1759
5.63791	5.63791	78.2079
5.64432	5.64432	78.2399
5.65073	5.65073	78.2719
5.65715	5.65715	78.3039
5.66356	5.66356	78.3359
5.66998	5.66998	78.3679
5.67639	5.67639	78.3999
5.6828	5.6828	78.4318
5.68922	5.68922	78.4638
5.69563	5.69563	78.4957
5.70205	5.70205	78.5277
5.70846	5.70846	78.5596
5.71487	5.71487	78.5916
5.72129	5.72129	78.6235
5.7277	5.7277	78.6554
5.73412	5.73412	78.6873
5.74053	5.74053	78.7192
5.74694	5.74694	78.7511
5.75336	5.75336	78.783
5.75977	5.75977	78.8148
5.76619	5.76619	78.8467
5.7726	5.7726	78.8785
5.77901	5.77901	78.9104
5.78543	5.78543	78.9422
5.79184	5.79184	78.9741
5.79826	5.79826	79.0059
5.80467	5.80467	79.0377
5.81108	5.81108	79.0695
5.8175	5.8175	79.1013
5.82391	5.82391	79.1331
5.83033	5.83033	79.1649
5.83674	5.83674	79.1967
5.84315	5.84315	79.2284
5.84957	5.84957	79.2602
5.85598	5.85598	79.2919
5.8624	5.8624	79.3237
5.86881	5.86881	79.3554
5.87522	5.87522	79.3871
5.88164	5.88164	79.4189
5.88805	5.88805	79.4506
5.89447	5.89447	79.4823
5.90088	5.90088	79.514
5.90729	5.90729	79.5457
5.91371	5.91371	79.5773
5.92012	5.92012	79.609
5.92654	5.92654	79.6407
5.93295	5.93295	79.6723
5.93936	5.93936	79.704
5.94578	5.94578	79.7356
5.95219	5.95219	79.7672
5.95861	5.95861	79.7988
5.96502	5.96502	79.8305
5.97143	5.97143	79.8621
5.97785	5.97785	79.8937
5.98426	5.98426	79.9252
5.99068	5.99068	79.9568
5.99709	5.99709	79.9884
6.0035	6.0035	80.0199
6.00992	6.00992	80.0515
6.01633	6.01633	80.083
6.02275	6.02275	80.1146
6.02916	6.02916	80.1461
6.03557	6.03557	80.1776
6.04199	6.04199	80.2091
6.0484	6.0484	80.2406
6.05482	6.05482	80.2721
6.06123	6.06123	80.3036
6.06764	6.06764	80.3351
6.07406	6.07406	80.3665
6.08047	6.08047	80.398
6.08689	6.08689	80.4294
6.0933	6.0933	80.4609
6.09971	6.09971	80.4923
6.10613	6.10613	80.5237
6.11254	6.11254	80.5551
6.11896	6.11896	80.5866
6.12537	6.12537	80.6179
6.13178	6.13178	80.6493
6.1382	6.1382	80.6807
6.14461	6.14461	80.7121
6.15103	6.15103	80.7434
6.15744	6.15744	80.7748
6.16385	6.16385	80.8061
6.17027	6.17027	80.8375
6.17668	6.17668	80.8688
6.1831	6.1831	80.9001
6.18951	6.18951	80.9314
6.19592	6.19592	80.9627
6.20234	6.20234	80.994
6.20875	6.20875	81.0253
6.21517	6.21517	81.0566
6.22158	6.22158	81.0879
6.22799	6.22799	81.1191
6.23441	6.23441	81.1504
6.24082	6.24082	81.1816
6.24724	6.24724	81.2129
6.25365	6.25365	81.2441
6.26006	6.26006	81.2753
6.26648	6.26648	81.3065
6.27289	6.27289	81.3377
6.27931	6.27931	81.3689
6.28572	6.28572	81.4001
6.29213	6.29213	81.4312
6.29855	6.29855	81.4624
6.30496	6.30496	81.4936
6.31138	6.31138	81.5247
6.31779	6.31779	81.5559
6.3242	6.3242	81.587
6.33062	6.33062	81.6181
6.33703	6.33703	81.6492
6.34345	6.34345	81.6803
6.34986	6.34986	81.7114
6.35627	6.35627	81.7425
6.36269	6.36269	81.7736
6.3691	6.3691	81.8047
6.37552	6.37552	81.8357
6.38193	6.38193	81.8668
6.38834	6.38834	81.8978
6.39476	6.39476	81.9289
6.40117	6.40117	81.9599
6.40759	6.40759	81.9909
