6.0128   2.75212   0.15828   0.000122801   0.547011   0.999999
6.23773   3.29087   0.131532   0.000112223   2.11731   0.999999
3.79398   2.03286   0.102874   0.000201493   3.74244   1
5.71464   3.45748   0.096115   0.000124989   5.41049   0.999999
2.19994   6.33515   0.000477665   0.214447   8.04388   0.999998
5.63839   3.92012   9.19647e-06   0.195   8.428   1
33.0293   3.88216   0.292063   24.2337   -6.85405   1
13.8245   13.8245   0.272518   0.272518   134.202   1.00017
7.48294   5.68124   0.00113687   1.85976   33.703   1
9.61397   9.67826   0.200376   0.148716   98.2793   1.00003
111.63   15.5826   286.858   81.8311   393.199   1.00364
13.3422   13.3149   0.17354   0.244642   123.526   1.00014
-4.59696   -17.1704   63.6503   56.3064   -271.564   1.00577
-8.56073   -9.3473   61.0535   60.5907   -268.572   1.00586
3.488   5.90446   2.63346   1.07678e-07   26.9147   1
12.7842   12.7831   0.530827   0.533784   124.139   1.00013
7.39728   7.74854   0.00225763   1.27107   31.6183   1
18.0793   18.0793   77.3629   77.3629   301.346   1.00152
5.50761   5.38672   8.64113e-07   0.0693803   53.8211   1
-8.3531   -9.75448   63.0766   61.0963   -283.185   1.00562
25.2085   25.2084   0.10758   0.107679   156.47   1.00023
7.60978   -247.092   0.0118057   95.0983   42.8293   0.999997
12.1566   12.1594   0.147526   0.138812   130.934   1.00013
6.55894   4.36695   0.000417873   0.788632   47.4443   1
-6.46496   -10.9357   61.6591   61.0063   -283.237   1.00562
10.5791   10.4678   0.530901   0.051679   84.0996   1.00002
18.6243   18.6243   11.0738   11.0738   165.928   0.994216
16.8788   -26.4364   1.66484   6.21126   52.804   0.999997
26.0476   26.3269   119.643   120.256   459.274   1.0053
39.9971   38.8356   2.97476   4.60539   89.785   0.99999
-4.66673   -4.51318   0.0486809   1.83955   46.3443   0.999998
9.43654   9.43218   0.0712976   0.0462103   102.723   1.00003
20.9653   20.9653   92.43   92.43   355.643   1.00239
20.1679   20.1679   10.6977   10.6977   165.135   0.994215
12.6437   7.85921   9.9504   0.008778   68.0218   1
-9.49632   -8.41668   56.8747   58.1202   -236.611   1.00677
34.8662   34.8662   3.74891   3.74889   120.673   1.00005
43.1471   9.09063   36.2052   0.00766353   -5.59822   1.00009
25.7976   25.7976   9.71229   9.71229   164.849   0.994121
20.5589   20.5589   12.3146   12.3146   167.829   0.994209
50.3184   931.311   62.5585   147.954   184.545   1.00077
12.6607   12.6607   0.53324   0.533358   120.25   1.00008
22.5201   22.5201   10.6975   10.6975   163.664   0.994164
22.0866   22.0866   13.9963   13.9963   168.477   0.994201
17.2918   -42.8291   0.0552346   67.5833   112.948   0.999597
9.59021   9.59021   18.4866   18.4866   169.627   0.994237
0.756737   4.40874   0.0139708   0.056504   73.8756   0.999995
21.3624   21.3624   94.5011   94.5011   363.241   1.00262
25.484   25.484   13.1443   13.1443   165.889   0.994394
41.7631   44.019   1.059   2.68855   90.3867   0.999974
