 Location  Dispersion    Centroids   Volume
0.00247012   0.284252   -0.00755147   1.00075
0.427518   0.282826   0.420591   0.998149
0.84999   0.287272   0.767432   1.00001
1.27993   0.284785   0.978085   1.00089
1.7123   0.285039   1.00967   1.00107
2.14867   0.285727   0.858026   1.00028
2.57458   0.288502   0.54912   0.999553
3.00112   0.289619   0.14463   0.999061
3.42299   0.288832   -0.285246   0.999595
3.84638   0.286892   -0.66418   0.999478
4.27809   0.285984   -0.925552   1.00061
4.70995   0.284708   -1.02087   1.00109
5.14208   0.286016   -0.927033   1.00065
5.57022   0.282383   -0.667923   0.998824
5.9935   0.282854   -0.279013   0.99998
