 Location  Dispersion    Centroids   Volume
-0.00549415   0.423553   -0.000110685   0.999286
0.420354   0.420131   0.479514   0.999196
0.851059   0.429184   0.787031   1.00033
1.27921   0.4349   1.04279   1.00125
1.71466   0.433367   1.0374   1.00121
2.14815   0.426227   0.888583   1.00004
2.57251   0.41936   0.597742   0.998261
2.99685   0.42313   0.229731   0.999477
3.41846   0.426523   -0.253796   0.999927
3.84531   0.427061   -0.582127   0.999932
4.27899   0.431967   -0.894482   1.00084
4.70913   0.429321   -0.927375   1.00042
5.13278   0.424265   -0.889206   0.999192
5.55721   0.418638   -0.637557   0.998387
5.98845   0.432841   -0.2472   1.00225
