 Location  Dispersion    Centroids   Volume
-0.000410946   0.0232031   0.00870342   1.00018
0.0595297   0.0227747   0.0899032   1.00038
0.122253   0.0274046   0.172911   1.0018
0.182128   0.0197565   0.248315   0.999352
0.240707   0.015803   0.307341   0.998883
0.298037   0.0109172   0.323815   0.998308
0.364787   0.020484   0.375471   1.00025
0.426379   0.0263864   0.464717   1.0018
0.487318   0.0255706   0.495168   1.001
0.54804   0.0134742   0.590085   0.998593
0.605669   0.0168637   0.646405   0.999587
0.666193   0.0171716   0.69039   0.999743
0.726867   0.0161161   0.720158   0.998919
0.785291   0.0154981   0.751207   0.998926
0.84428   0.0199669   0.787703   1.00009
0.904879   0.0255677   0.847566   1.0013
0.96616   0.0210789   0.87348   1.00022
1.03266   0.0158588   0.919574   0.998898
1.09096   0.0233094   0.952223   1.00064
1.15129   0.0221825   0.969723   1.00061
1.21232   0.019306   0.9966   1.00004
1.2731   0.0195628   0.999672   0.999616
1.33222   0.0228684   1.04864   1.00066
1.39016   0.0217677   1.02817   1.00016
1.454   0.0187055   1.04396   0.999481
1.51099   0.0231392   1.0619   1.00039
1.57089   0.0212317   1.06065   1.00037
1.63418   0.0196204   1.08508   1.00054
1.69781   0.0171458   1.03553   0.999137
1.75807   0.0194444   1.04705   0.999826
1.81878   0.0206612   1.0217   0.999527
1.87931   0.0247928   1.03715   1.00109
1.9366   0.019273   0.996176   0.999221
1.99773   0.021435   0.958017   1.0001
2.05758   0.0227264   0.983699   1.0006
2.11828   0.0227424   0.885563   1.00033
2.18042   0.0291153   0.900485   1.00281
2.24046   0.0150192   0.813201   0.998225
2.29771   0.0176563   0.787722   0.999033
2.36663   0.0232495   0.768235   1.00144
2.42446   0.0183107   0.729091   0.999046
2.4843   0.0111832   0.662927   0.998795
2.5455   0.0181215   0.63145   1.0005
2.60376   0.0154056   0.561684   0.998713
2.66381   0.0210783   0.533577   1.00007
2.72443   0.0160841   0.437836   0.998181
2.78341   0.0192851   0.396288   1.00009
2.84248   0.0163779   0.357292   0.998871
2.90248   0.019166   0.319993   0.99996
2.96369   0.02361   0.269359   1.00095
3.02953   0.0214526   0.168069   0.99958
3.09079   0.0289677   0.100942   1.00271
3.15174   0.0194472   0.0399299   0.998079
3.20976   0.0196668   -0.0230024   0.998753
3.27028   0.0262482   -0.0949902   1.00218
3.3341   0.00842616   -0.166779   0.99704
3.38887   0.0226031   -0.19618   1.00119
3.44929   0.0190791   -0.252979   0.999685
3.50996   0.0229135   -0.319602   1.00061
3.57004   0.0219203   -0.398068   1.00054
3.62958   0.0150459   -0.403059   0.998509
3.69363   0.0259143   -0.493604   1.00228
3.7555   0.0186162   -0.533128   1.00019
3.8178   0.0133396   -0.583803   0.99842
3.87594   0.0187404   -0.608145   0.999371
3.93566   0.023551   -0.654014   1.00093
3.99677   0.0176393   -0.736031   1.00015
4.05871   0.0153237   -0.765651   0.998429
4.11529   0.0188133   -0.759767   0.999391
4.1739   0.0210897   -0.819217   1.00087
4.23625   0.0170207   -0.836776   0.998814
4.29509   0.0276449   -0.88622   1.00121
4.36201   0.0208744   -0.887216   0.99999
4.42261   0.0258141   -0.921957   1.00082
4.48218   0.0234506   -0.954429   1.00056
4.54061   0.0245922   -0.955913   1.00077
4.60119   0.019902   -0.952453   1.00006
4.66203   0.0211915   -0.963013   1.00031
4.7234   0.025194   -0.949779   1.00086
4.78105   0.0228715   -0.95358   1.00025
4.84127   0.0227099   -0.949041   1.00052
4.90403   0.0253567   -0.963904   1.00134
4.96235   0.0189465   -0.915802   0.999386
5.02732   0.019287   -0.93362   1.00006
5.08834   0.0185949   -0.887685   0.999976
5.14785   0.019202   -0.846981   0.999815
5.20779   0.0214267   -0.826886   1.00016
5.2678   0.0194874   -0.810901   0.999855
5.32835   0.022005   -0.741816   1.00077
5.38744   0.0207293   -0.736936   0.99938
5.44804   0.0167857   -0.674549   0.999206
5.50803   0.0199138   -0.629132   0.9998
5.56837   0.0189976   -0.63454   0.999763
5.62924   0.0204489   -0.5482   0.998576
5.6932   0.022287   -0.490937   1.00014
5.75423   0.0241291   -0.46492   1.0012
5.8143   0.0147582   -0.403143   0.998141
5.87216   0.0239282   -0.325394   1.00152
5.9328   0.0201142   -0.251368   1.00017
5.9938   0.020819   -0.243307   1.00036
