 Location  Dispersion    Centroids   Volume
0.00142859   0.0485023   -0.00204145   1.00172
0.121726   0.0453996   0.120063   0.998616
0.246262   0.0478815   0.241644   0.999837
0.366339   0.0475486   0.360824   0.999725
0.491682   0.0472266   0.472218   0.999773
0.61178   0.046794   0.577215   1.00016
0.731916   0.0458068   0.67268   0.999889
0.857625   0.0451236   0.757734   1.00001
0.977814   0.0442888   0.832505   1.00015
1.09792   0.0430736   0.893678   0.99995
1.22376   0.0422468   0.942324   0.999985
1.34382   0.041754   0.976224   1.0001
1.46993   0.0413023   0.996312   1.00006
1.59002   0.0412266   1.00204   1.00007
1.71013   0.041502   0.99192   1.00008
1.83619   0.0419219   0.968262   1.00004
1.95634   0.0430903   0.928098   1.00012
2.0823   0.0435553   0.875696   0.999977
2.20243   0.044609   0.810196   1.00015
2.32272   0.0458936   0.732208   1.00013
2.4485   0.0459143   0.643297   0.999822
2.56876   0.047577   0.543231   1.00024
2.69457   0.0473484   0.43498   0.999749
2.81446   0.0478038   0.323521   1.00002
2.93467   0.0487244   0.204858   0.99996
3.0601   0.0484678   0.0834063   0.99964
3.18017   0.0488943   -0.0383017   1.00026
3.30053   0.0491123   -0.160554   0.999863
3.42615   0.0487473   -0.280735   0.999964
3.5464   0.0478482   -0.39798   0.999889
3.67178   0.0469838   -0.506613   0.999727
3.79173   0.0464726   -0.607595   1.0001
3.91195   0.0460085   -0.700486   1.00005
4.03781   0.0449728   -0.782657   0.999983
4.15782   0.0437402   -0.853979   0.999924
4.28366   0.0429824   -0.910768   1.00006
4.40384   0.0422387   -0.955825   1.00017
4.52397   0.0411888   -0.984403   0.999958
4.64995   0.0412086   -0.999567   1.00007
4.77004   0.0412953   -1.00029   1.00007
4.89612   0.0415529   -0.985472   1.00006
5.01623   0.0420969   -0.956209   1.00008
5.13638   0.0431782   -0.913616   1.00011
5.2623   0.04366   -0.856655   0.999946
5.38244   0.0449613   -0.786991   1.00019
5.50274   0.0462157   -0.704603   1.00006
5.62851   0.0462738   -0.612684   0.999895
5.74886   0.046991   -0.506859   1
5.87339   0.0436963   -0.398062   0.998424
5.99309   0.0464562   -0.282852   1.00117
