 Location  Dispersion    Centroids   Volume
0.00741886   0.176361   -0.0423893   1.05705
0.430415   0.127543   0.413558   0.918476
0.861602   0.148021   0.784894   0.97375
1.28721   0.179521   1.04531   1.04391
1.71374   0.193442   1.10031   1.06964
2.14532   0.180239   0.916252   1.03212
2.57183   0.154475   0.562018   0.969238
3.0044   0.136915   0.134567   0.929865
3.43019   0.139019   -0.302597   0.936474
3.85578   0.156929   -0.703537   0.977582
4.28595   0.181876   -1.00011   1.04038
4.71164   0.189665   -1.10452   1.06412
5.13679   0.168256   -0.961156   1.02162
5.56878   0.121741   -0.651498   0.925237
5.99171   0.15592   -0.255076   1.02014
