 Location  Dispersion    Centroids   Volume
0.00298534   0.100013   -0.0036267   1.01448
0.254823   0.0843417   0.293727   0.990985
0.494914   0.0641913   0.503145   0.970712
0.747293   0.0938223   0.736959   1.0079
1.00383   0.0918326   0.922099   1.00015
1.24852   0.0995767   1.04145   1.01238
1.50372   0.102693   1.10269   1.01422
1.74765   0.106435   1.08942   1.0175
2.00073   0.107401   1.02163   1.01721
2.25228   0.0990722   0.855589   1.00586
2.49798   0.0935659   0.679074   0.995741
2.75275   0.0875969   0.420653   0.993839
3.00107   0.0778603   0.208485   0.974544
3.24772   0.0816722   -0.0763323   0.984692
3.50003   0.0838071   -0.325554   0.98585
3.74416   0.0913361   -0.549515   1.00248
4.00093   0.086546   -0.752022   0.993674
4.25008   0.0925925   -0.893772   1.00364
4.49442   0.09562   -0.999408   1.00987
4.74801   0.0983404   -0.998937   1.00933
4.99639   0.0934951   -0.967568   1.00535
5.24459   0.087392   -0.821004   1.00046
5.49816   0.0766299   -0.652468   0.990736
5.74027   0.0644276   -0.465234   0.977281
5.98824   0.0998672   -0.214026   1.0189
