 Location  Dispersion    Centroids   Volume
0.000217357   0.249798   -0.000600108   1.00025
0.253778   0.246345   0.248237   0.999648
0.496929   0.248863   0.47846   0.999942
0.748306   0.250132   0.683345   1.00004
1.00059   0.250047   0.846426   1.00002
1.24721   0.250119   0.95224   1.00004
1.4998   0.250415   1.00081   1.00007
1.74661   0.250416   0.987565   1.00007
1.99943   0.250293   0.91304   1.00006
2.25153   0.249664   0.78017   1
2.49767   0.24933   0.602897   0.999956
2.74912   0.2495   0.384102   0.999982
3.0002   0.248879   0.14237   0.999911
3.24609   0.249227   -0.104755   0.999957
3.49664   0.249316   -0.349657   0.999958
3.74273   0.249144   -0.568656   0.999942
3.99426   0.249912   -0.755867   1.00002
4.24663   0.250163   -0.895889   1.00004
4.49331   0.250364   -0.980204   1.00007
4.74613   0.250462   -1.0041   1.00007
4.99879   0.250205   -0.962103   1.00005
5.24549   0.250109   -0.865738   1.00003
5.49729   0.249541   -0.711106   1.00001
5.74096   0.246987   -0.514343   0.999731
5.99443   0.2493   -0.282388   1.00013
