 x 	V[Y|X = x] 
0	0.0333675
0.003	0.0333829
0.006	0.033542
0.009	0.0338364
0.012	0.034143
0.015	0.034462
0.018	0.0347936
0.021	0.0351378
0.024	0.0354946
0.027	0.035864
0.03	0.0362459
0.033	0.0366402
0.036	0.0370466
0.039	0.0374648
0.042	0.0378943
0.045	0.0383347
0.048	0.0387853
0.051	0.0392455
0.054	0.0397143
0.057	0.0401909
0.06	0.0406742
0.063	0.041163
0.066	0.0416559
0.069	0.0421517
0.072	0.0426487
0.075	0.0431453
0.078	0.0436397
0.081	0.0441301
0.084	0.0446146
0.087	0.0450911
0.09	0.0455576
0.093	0.0460121
0.096	0.0464522
0.099	0.0468761
0.102	0.0472814
0.105	0.0476663
0.108	0.0480286
0.111	0.0483665
0.114	0.0486781
0.117	0.0489618
0.12	0.0492162
0.123	0.0494398
0.126	0.0496315
0.129	0.0497905
0.132	0.0499159
0.135	0.0500074
0.138	0.0500647
0.141	0.0500877
0.144	0.0500768
0.147	0.0500325
0.15	0.0499553
0.153	0.0498463
0.156	0.0497065
0.159	0.0495373
0.162	0.0493401
0.165	0.0491166
0.168	0.0488684
0.171	0.0485974
0.174	0.0483056
0.177	0.0479947
0.18	0.047667
0.183	0.0473243
0.186	0.0469688
0.189	0.0466022
0.192	0.0462266
0.195	0.0458439
0.198	0.0454557
0.201	0.0450639
0.204	0.0446701
0.207	0.0442757
0.21	0.0438822
0.213	0.0434909
0.216	0.0431029
0.219	0.0427195
0.222	0.0423414
0.225	0.0419697
0.228	0.041605
0.231	0.0412481
0.234	0.0408994
0.237	0.0405595
0.24	0.0402288
0.243	0.0399075
0.246	0.0395959
0.249	0.0392942
0.252	0.0390025
0.255	0.0387208
0.258	0.038643
0.261	0.0389486
0.264	0.0392655
0.267	0.0395936
0.27	0.0399329
0.273	0.0402833
0.276	0.0406445
0.279	0.0410162
0.282	0.0413981
0.285	0.0417896
0.288	0.0421903
0.291	0.0425993
0.294	0.0430159
0.297	0.0434391
0.3	0.043868
0.303	0.0443013
0.306	0.0447378
0.309	0.045176
0.312	0.0456144
0.315	0.0460514
0.318	0.046485
0.321	0.0469136
0.324	0.0473351
0.327	0.0477474
0.33	0.0481485
0.333	0.0485361
0.336	0.0489082
0.339	0.0492624
0.342	0.0495967
0.345	0.0499089
0.348	0.050197
0.351	0.050459
0.354	0.050693
0.357	0.0508974
0.36	0.0510706
0.363	0.0512114
0.366	0.0513186
0.369	0.0513913
0.372	0.051429
0.375	0.0514311
0.378	0.0513977
0.381	0.0513288
0.384	0.0512249
0.387	0.0510866
0.39	0.0509148
0.393	0.0507107
0.396	0.0504756
0.399	0.0502111
0.402	0.0499188
0.405	0.0496008
0.408	0.0492588
0.411	0.0488951
0.414	0.0485119
0.417	0.0481111
0.42	0.0476953
0.423	0.0472664
0.426	0.0468268
0.429	0.0463786
0.432	0.0459238
0.435	0.0454645
0.438	0.0450025
0.441	0.0445398
0.444	0.0440778
0.447	0.0436184
0.45	0.0431627
0.453	0.0427123
0.456	0.0422683
0.459	0.0418317
0.462	0.0414036
0.465	0.0409846
0.468	0.0405756
0.471	0.0401771
0.474	0.0397896
0.477	0.0394135
0.48	0.0390491
0.483	0.0386966
0.486	0.0383562
0.489	0.038028
0.492	0.0377118
0.495	0.0374078
0.498	0.0371158
0.501	0.0372066
0.504	0.0373989
0.507	0.0375988
0.51	0.0378065
0.513	0.0380219
0.516	0.0382449
0.519	0.0384756
0.522	0.0387137
0.525	0.0389591
0.528	0.0392115
0.531	0.0394706
0.534	0.039736
0.537	0.0400074
0.54	0.040284
0.543	0.0405655
0.546	0.040851
0.549	0.0411397
0.552	0.041431
0.555	0.0417237
0.558	0.0420169
0.561	0.0423095
0.564	0.0426002
0.567	0.0428878
0.57	0.0431711
0.573	0.0434484
0.576	0.0437186
0.579	0.0439799
0.582	0.044231
0.585	0.0444703
0.588	0.0446962
0.591	0.0449072
0.594	0.0451019
0.597	0.0452788
0.6	0.0454365
0.603	0.0455738
0.606	0.0456894
0.609	0.0457824
0.612	0.0458518
0.615	0.0458968
0.618	0.0459168
0.621	0.0459114
0.624	0.0458804
0.627	0.0458236
0.63	0.0457411
0.633	0.0456333
0.636	0.0455007
0.639	0.0453438
0.642	0.0451635
0.645	0.0449608
0.648	0.0447368
0.651	0.0444928
0.654	0.04423
0.657	0.0439499
0.66	0.0436541
0.663	0.043344
0.666	0.0430214
0.669	0.0426877
0.672	0.0423448
0.675	0.041994
0.678	0.0416372
0.681	0.0412757
0.684	0.0409111
0.687	0.0405447
0.69	0.040178
0.693	0.0398122
0.696	0.0394484
0.699	0.0390878
0.702	0.0387314
0.705	0.03838
0.708	0.0380345
0.711	0.0376957
0.714	0.037364
0.717	0.0370401
0.72	0.0367245
0.723	0.0364175
0.726	0.0361194
0.729	0.0358305
0.732	0.0355509
0.735	0.0352808
0.738	0.0350203
0.741	0.0347693
0.744	0.0345278
0.747	0.0342957
0.75	0.0341201
0.753	0.0342247
0.756	0.0343338
0.759	0.0344475
0.762	0.0345657
0.765	0.0346887
0.768	0.0348162
0.771	0.0349484
0.774	0.0350852
0.777	0.0352264
0.78	0.0353719
0.783	0.0355216
0.786	0.0356753
0.789	0.0358328
0.792	0.0359937
0.795	0.0361576
0.798	0.0363243
0.801	0.0364932
0.804	0.0366638
0.807	0.0368357
0.81	0.037008
0.813	0.0371803
0.816	0.0373517
0.819	0.0375214
0.822	0.0376887
0.825	0.0378526
0.828	0.0380122
0.831	0.0381666
0.834	0.0383148
0.837	0.0384558
0.84	0.0385886
0.843	0.0387121
0.846	0.0388255
0.849	0.0389277
0.852	0.0390178
0.855	0.0390949
0.858	0.0391584
0.861	0.0392073
0.864	0.0392412
0.867	0.0392593
0.87	0.0392614
0.873	0.0392471
0.876	0.0392161
0.879	0.0391684
0.882	0.0391041
0.885	0.0390233
0.888	0.0389263
0.891	0.0388135
0.894	0.0386855
0.897	0.0385429
0.9	0.0383865
0.903	0.038217
0.906	0.0380353
0.909	0.0378426
0.912	0.0376396
0.915	0.0374276
0.918	0.0372076
0.921	0.0369807
0.924	0.0367479
0.927	0.0365104
0.93	0.0362693
0.933	0.0360255
0.936	0.0357801
0.939	0.035534
0.942	0.0352881
0.945	0.0350433
0.948	0.0348003
0.951	0.0345598
0.954	0.0343225
0.957	0.0340891
0.96	0.0338599
0.963	0.0336356
0.966	0.0334164
0.969	0.0332027
0.972	0.0329949
0.975	0.032793
0.978	0.0325975
0.981	0.0324082
0.984	0.0322254
0.987	0.0320492
0.99	0.0318794
0.993	0.0317162
0.996	0.0315594
0.999	0.031409
1.002	0.031341
1.005	0.0313847
1.008	0.0314302
1.011	0.0314776
1.014	0.0315269
1.017	0.031578
1.02	0.031631
1.023	0.0316859
1.026	0.0317426
1.029	0.0318011
1.032	0.0318613
1.035	0.0319231
1.038	0.0319865
1.041	0.0320513
1.044	0.0321173
1.047	0.0321845
1.05	0.0322526
1.053	0.0323213
1.056	0.0323904
1.059	0.0324597
1.062	0.0325289
1.065	0.0325975
1.068	0.0326653
1.071	0.0327319
1.074	0.0327967
1.077	0.0328595
1.08	0.0329198
1.083	0.032977
1.086	0.0330308
1.089	0.0330806
1.092	0.0331259
1.095	0.0331664
1.098	0.0332014
1.101	0.0332306
1.104	0.0332535
1.107	0.0332698
1.11	0.0332791
1.113	0.033281
1.116	0.0332754
1.119	0.033262
1.122	0.0332407
1.125	0.0332115
1.128	0.0331741
1.131	0.0331288
1.134	0.0330757
1.137	0.0330149
1.14	0.0329466
1.143	0.0328711
1.146	0.0327889
1.149	0.0327003
1.152	0.0326057
1.155	0.0325056
1.158	0.0324006
1.161	0.0322911
1.164	0.0321778
1.167	0.0320612
1.17	0.0319418
1.173	0.0318202
1.176	0.031697
1.179	0.0315726
1.182	0.0314476
1.185	0.0313226
1.188	0.0311979
1.191	0.0310739
1.194	0.0309511
1.197	0.0308299
1.2	0.0307105
1.203	0.0305933
1.206	0.0304786
1.209	0.0303665
1.212	0.0302572
1.215	0.0301509
1.218	0.0300478
1.221	0.0299479
1.224	0.0298513
1.227	0.0297581
1.23	0.0296683
1.233	0.0295819
1.236	0.029499
1.239	0.0294194
1.242	0.0293432
1.245	0.0292702
1.248	0.0292246
1.251	0.0292322
1.254	0.0292401
1.257	0.0292481
1.26	0.0292564
1.263	0.029265
1.266	0.0292737
1.269	0.0292827
1.272	0.0292918
1.275	0.0293011
1.278	0.0293106
1.281	0.0293202
1.284	0.0293299
1.287	0.0293398
1.29	0.0293496
1.293	0.0293595
1.296	0.0293694
1.299	0.0293791
1.302	0.0293888
1.305	0.0293982
1.308	0.0294074
1.311	0.0294162
1.314	0.0294246
1.317	0.0294325
1.32	0.0294398
1.323	0.0294465
1.326	0.0294524
1.329	0.0294573
1.332	0.0294614
1.335	0.0294643
1.338	0.029466
1.341	0.0294665
1.344	0.0294656
1.347	0.0294633
1.35	0.0294593
1.353	0.0294538
1.356	0.0294466
1.359	0.0294376
1.362	0.0294268
1.365	0.0294142
1.368	0.0293997
1.371	0.0293834
1.374	0.0293652
1.377	0.0293453
1.38	0.0293236
1.383	0.0293001
1.386	0.0292751
1.389	0.0292485
1.392	0.0292204
1.395	0.0291911
1.398	0.0291605
1.401	0.0291288
1.404	0.0290962
1.407	0.0290627
1.41	0.0290286
1.413	0.028994
1.416	0.028959
1.419	0.0289237
1.422	0.0288884
1.425	0.028853
1.428	0.0288178
1.431	0.0287828
1.434	0.0287482
1.437	0.0287141
1.44	0.0286805
1.443	0.0286475
1.446	0.0286153
1.449	0.0285838
1.452	0.0285531
1.455	0.0285233
1.458	0.0284944
1.461	0.0284664
1.464	0.0284393
1.467	0.0284133
1.47	0.0283882
1.473	0.028364
1.476	0.0283409
1.479	0.0283187
1.482	0.0282974
1.485	0.0282771
1.488	0.0282577
1.491	0.0282392
1.494	0.0282216
1.497	0.0282048
1.5	0.0281898
1.503	0.028193
1.506	0.0281964
1.509	0.0281999
1.512	0.0282035
1.515	0.0282073
1.518	0.0282112
1.521	0.0282153
1.524	0.0282196
1.527	0.0282241
1.53	0.0282287
1.533	0.0282334
1.536	0.0282384
1.539	0.0282435
1.542	0.0282488
1.545	0.0282543
1.548	0.02826
1.551	0.0282658
1.554	0.0282718
1.557	0.0282779
1.56	0.0282842
1.563	0.0282906
1.566	0.0282972
1.569	0.0283039
1.572	0.0283108
1.575	0.0283177
1.578	0.0283247
1.581	0.0283319
1.584	0.028339
1.587	0.0283462
1.59	0.0283535
1.593	0.0283607
1.596	0.028368
1.599	0.0283752
1.602	0.0283824
1.605	0.0283895
1.608	0.0283965
1.611	0.0284034
1.614	0.0284102
1.617	0.0284168
1.62	0.0284233
1.623	0.0284296
1.626	0.0284357
1.629	0.0284416
1.632	0.0284473
1.635	0.0284528
1.638	0.028458
1.641	0.028463
1.644	0.0284678
1.647	0.0284723
1.65	0.0284766
1.653	0.0284806
1.656	0.0284843
1.659	0.0284878
1.662	0.0284911
1.665	0.0284941
1.668	0.0284969
1.671	0.0284995
1.674	0.0285018
1.677	0.0285039
1.68	0.0285059
1.683	0.0285076
1.686	0.0285091
1.689	0.0285104
1.692	0.0285116
1.695	0.0285126
1.698	0.0285134
1.701	0.0285141
1.704	0.0285146
1.707	0.0285151
1.71	0.0285153
1.713	0.0285155
1.716	0.0285156
1.719	0.0285155
1.722	0.0285154
1.725	0.0285152
1.728	0.0285148
1.731	0.0285144
1.734	0.028514
1.737	0.0285134
1.74	0.0285128
1.743	0.0285122
1.746	0.0285115
1.749	0.028533
1.752	0.0285705
1.755	0.0286097
1.758	0.0286508
1.761	0.0286937
1.764	0.0287385
1.767	0.0287852
1.77	0.0288338
1.773	0.0288843
1.776	0.0289367
1.779	0.0289911
1.782	0.0290473
1.785	0.0291053
1.788	0.0291652
1.791	0.0292267
1.794	0.0292899
1.797	0.0293545
1.8	0.0294206
1.803	0.029488
1.806	0.0295564
1.809	0.0296258
1.812	0.0296959
1.815	0.0297666
1.818	0.0298375
1.821	0.0299085
1.824	0.0299794
1.827	0.0300497
1.83	0.0301193
1.833	0.0301879
1.836	0.0302552
1.839	0.0303208
1.842	0.0303846
1.845	0.0304461
1.848	0.0305052
1.851	0.0305616
1.854	0.030615
1.857	0.0306651
1.86	0.0307119
1.863	0.030755
1.866	0.0307944
1.869	0.03083
1.872	0.0308615
1.875	0.0308891
1.878	0.0309126
1.881	0.030932
1.884	0.0309475
1.887	0.030959
1.89	0.0309667
1.893	0.0309706
1.896	0.030971
1.899	0.030968
1.902	0.0309617
1.905	0.0309525
1.908	0.0309405
1.911	0.0309258
1.914	0.0309089
1.917	0.0308898
1.92	0.0308688
1.923	0.0308462
1.926	0.0308221
1.929	0.0307969
1.932	0.0307706
1.935	0.0307434
1.938	0.0307157
1.941	0.0306875
1.944	0.0306589
1.947	0.0306303
1.95	0.0306016
1.953	0.030573
1.956	0.0305446
1.959	0.0305165
1.962	0.0304889
1.965	0.0304616
1.968	0.030435
1.971	0.0304088
1.974	0.0303834
1.977	0.0303585
1.98	0.0303344
1.983	0.0303109
1.986	0.0302882
1.989	0.0302662
1.992	0.0302449
1.995	0.0302244
1.998	0.0302045
2.001	0.0302119
2.004	0.0303212
2.007	0.0304352
2.01	0.030554
2.013	0.0306775
2.016	0.0308059
2.019	0.0309391
2.022	0.0310771
2.025	0.0312199
2.028	0.0313673
2.031	0.0315194
2.034	0.0316759
2.037	0.0318366
2.04	0.0320014
2.043	0.0321699
2.046	0.0323419
2.049	0.032517
2.052	0.0326949
2.055	0.032875
2.058	0.033057
2.061	0.0332402
2.064	0.0334241
2.067	0.0336082
2.07	0.0337916
2.073	0.0339738
2.076	0.034154
2.079	0.0343316
2.082	0.0345056
2.085	0.0346754
2.088	0.0348402
2.091	0.0349992
2.094	0.0351517
2.097	0.0352969
2.1	0.0354342
2.103	0.0355628
2.106	0.0356822
2.109	0.0357918
2.112	0.0358911
2.115	0.0359797
2.118	0.0360572
2.121	0.0361235
2.124	0.0361783
2.127	0.0362215
2.13	0.0362532
2.133	0.0362734
2.136	0.0362823
2.139	0.0362801
2.142	0.0362672
2.145	0.036244
2.148	0.0362109
2.151	0.0361685
2.154	0.0361172
2.157	0.0360577
2.16	0.0359907
2.163	0.0359167
2.166	0.0358365
2.169	0.0357507
2.172	0.03566
2.175	0.0355651
2.178	0.0354666
2.181	0.0353651
2.184	0.0352612
2.187	0.0351556
2.19	0.0350487
2.193	0.0349411
2.196	0.0348333
2.199	0.0347256
2.202	0.0346186
2.205	0.0345125
2.208	0.0344076
2.211	0.0343043
2.214	0.0342029
2.217	0.0341035
2.22	0.0340063
2.223	0.0339115
2.226	0.0338192
2.229	0.0337295
2.232	0.0336425
2.235	0.0335582
2.238	0.0334768
2.241	0.0333981
2.244	0.0333223
2.247	0.0332492
2.25	0.0331789
2.253	0.0331132
2.256	0.0333165
2.259	0.0335276
2.262	0.0337465
2.265	0.0339732
2.268	0.0342078
2.271	0.03445
2.274	0.0346998
2.277	0.0349569
2.28	0.0352212
2.283	0.0354922
2.286	0.0357697
2.289	0.0360532
2.292	0.0363423
2.295	0.0366362
2.298	0.0369346
2.301	0.0372365
2.304	0.0375413
2.307	0.037848
2.31	0.0381559
2.313	0.0384638
2.316	0.0387707
2.319	0.0390756
2.322	0.0393773
2.325	0.0396746
2.328	0.0399662
2.331	0.0402509
2.334	0.0405274
2.337	0.0407945
2.34	0.0410509
2.343	0.0412953
2.346	0.0415266
2.349	0.0417436
2.352	0.0419453
2.355	0.0421307
2.358	0.0422988
2.361	0.0424488
2.364	0.0425802
2.367	0.0426922
2.37	0.0427845
2.373	0.0428569
2.376	0.042909
2.379	0.042941
2.382	0.0429529
2.385	0.0429451
2.388	0.0429178
2.391	0.0428717
2.394	0.0428074
2.397	0.0427256
2.4	0.0426272
2.403	0.0425131
2.406	0.0423843
2.409	0.0422419
2.412	0.0420869
2.415	0.0419206
2.418	0.041744
2.421	0.0415584
2.424	0.0413649
2.427	0.0411646
2.43	0.0409587
2.433	0.0407482
2.436	0.0405342
2.439	0.0403178
2.442	0.0400997
2.445	0.039881
2.448	0.0396625
2.451	0.0394448
2.454	0.0392288
2.457	0.039015
2.46	0.0388041
2.463	0.0385965
2.466	0.0383926
2.469	0.038193
2.472	0.0379978
2.475	0.0378075
2.478	0.0376222
2.481	0.0374422
2.484	0.0372675
2.487	0.0370983
2.49	0.0369346
2.493	0.0367766
2.496	0.0366241
2.499	0.0364772
2.502	0.0366339
2.505	0.0369199
2.508	0.0372164
2.511	0.0375234
2.514	0.0378407
2.517	0.0381684
2.52	0.0385062
2.523	0.0388539
2.526	0.0392113
2.529	0.0395779
2.532	0.0399532
2.535	0.0403369
2.538	0.0407282
2.541	0.0411266
2.544	0.041531
2.547	0.0419408
2.55	0.0423549
2.553	0.0427723
2.556	0.0431918
2.559	0.0436121
2.562	0.0440319
2.565	0.0444498
2.568	0.0448643
2.571	0.0452738
2.574	0.0456768
2.577	0.0460715
2.58	0.0464563
2.583	0.0468295
2.586	0.0471893
2.589	0.0475341
2.592	0.0478621
2.595	0.0481719
2.598	0.0484617
2.601	0.0487301
2.604	0.0489758
2.607	0.0491975
2.61	0.0493941
2.613	0.0495646
2.616	0.0497081
2.619	0.0498241
2.622	0.0499121
2.625	0.0499718
2.628	0.050003
2.631	0.0500059
2.634	0.0499808
2.637	0.0499281
2.64	0.0498484
2.643	0.0497426
2.646	0.0496115
2.649	0.0494563
2.652	0.0492783
2.655	0.0490786
2.658	0.0488587
2.661	0.0486202
2.664	0.0483646
2.667	0.0480934
2.67	0.0478084
2.673	0.047511
2.676	0.047203
2.679	0.0468859
2.682	0.0465613
2.685	0.0462306
2.688	0.0458955
2.691	0.0455572
2.694	0.0452171
2.697	0.0448765
2.7	0.0445364
2.703	0.044198
2.706	0.0438623
2.709	0.0435302
2.712	0.0432025
2.715	0.04288
2.718	0.0425632
2.721	0.0422528
2.724	0.0419493
2.727	0.041653
2.73	0.0413644
2.733	0.0410837
2.736	0.0408111
2.739	0.0405469
2.742	0.0402911
2.745	0.0400438
2.748	0.039805
2.751	0.0395747
2.754	0.0397971
2.757	0.040141
2.76	0.0404969
2.763	0.0408649
2.766	0.0412447
2.769	0.0416363
2.772	0.0420393
2.775	0.0424535
2.778	0.0428785
2.781	0.0433137
2.784	0.0437586
2.787	0.0442125
2.79	0.0446747
2.793	0.0451443
2.796	0.0456202
2.799	0.0461014
2.802	0.0465868
2.805	0.0470749
2.808	0.0475644
2.811	0.0480538
2.814	0.0485415
2.817	0.0490258
2.82	0.0495048
2.823	0.0499768
2.826	0.0504398
2.829	0.0508919
2.832	0.0513311
2.835	0.0517553
2.838	0.0521626
2.841	0.0525509
2.844	0.0529184
2.847	0.0532631
2.85	0.0535833
2.853	0.0538771
2.856	0.0541432
2.859	0.05438
2.862	0.0545862
2.865	0.0547607
2.868	0.0549026
2.871	0.0550112
2.874	0.055086
2.877	0.0551267
2.88	0.0551332
2.883	0.0551056
2.886	0.0550444
2.889	0.05495
2.892	0.0548233
2.895	0.0546653
2.898	0.054477
2.901	0.0542598
2.904	0.0540152
2.907	0.0537447
2.91	0.0534501
2.913	0.0531332
2.916	0.0527957
2.919	0.0524397
2.922	0.0520671
2.925	0.0516798
2.928	0.0512797
2.931	0.0508689
2.934	0.0504492
2.937	0.0500223
2.94	0.0495902
2.943	0.0491544
2.946	0.0487167
2.949	0.0482784
2.952	0.0478411
2.955	0.0474061
2.958	0.0469745
2.961	0.0465475
2.964	0.0461262
2.967	0.0457114
2.97	0.0453039
2.973	0.0449045
2.976	0.0445137
2.979	0.0441322
2.982	0.0437603
2.985	0.0433984
2.988	0.0430469
2.991	0.0427058
2.994	0.0423755
2.997	0.0420559
3	0.0417472
3.003	0.0415421
3.006	0.0418914
3.009	0.0422528
3.012	0.0426262
3.015	0.0430114
3.018	0.0434083
3.021	0.0438167
3.024	0.044236
3.027	0.044666
3.03	0.0451061
3.033	0.0455558
3.036	0.0460142
3.039	0.0464806
3.042	0.0469541
3.045	0.0474336
3.048	0.047918
3.051	0.0484061
3.054	0.0488966
3.057	0.0493878
3.06	0.0498784
3.063	0.0503666
3.066	0.0508506
3.069	0.0513287
3.072	0.0517988
3.075	0.0522591
3.078	0.0527074
3.081	0.0531418
3.084	0.0535601
3.087	0.0539602
3.09	0.0543402
3.093	0.0546979
3.096	0.0550315
3.099	0.055339
3.102	0.0556187
3.105	0.055869
3.108	0.0560883
3.111	0.0562753
3.114	0.0564289
3.117	0.0565481
3.12	0.0566321
3.123	0.0566805
3.126	0.0566929
3.129	0.0566692
3.132	0.0566095
3.135	0.0565144
3.138	0.0563843
3.141	0.05622
3.144	0.0560227
3.147	0.0557934
3.15	0.0555337
3.153	0.055245
3.156	0.0549289
3.159	0.0545874
3.162	0.0542224
3.165	0.0538357
3.168	0.0534294
3.171	0.0530057
3.174	0.0525665
3.177	0.0521139
3.18	0.0516501
3.183	0.051177
3.186	0.0506966
3.189	0.0502108
3.192	0.0497214
3.195	0.0492302
3.198	0.0487387
3.201	0.0482486
3.204	0.0477612
3.207	0.0472779
3.21	0.0467999
3.213	0.0463283
3.216	0.0458641
3.219	0.0454081
3.222	0.0449612
3.225	0.044524
3.228	0.0440972
3.231	0.0436811
3.234	0.0432762
3.237	0.0428829
3.24	0.0425013
3.243	0.0421317
3.246	0.0417741
3.249	0.0415491
3.252	0.0418502
3.255	0.0421622
3.258	0.0424852
3.261	0.042819
3.264	0.0431637
3.267	0.0435189
3.27	0.0438846
3.273	0.0442603
3.276	0.0446458
3.279	0.0450405
3.282	0.0454439
3.285	0.0458553
3.288	0.0462741
3.291	0.0466993
3.294	0.0471301
3.297	0.0475654
3.3	0.0480041
3.303	0.0484448
3.306	0.0488863
3.309	0.0493271
3.312	0.0497657
3.315	0.0502003
3.318	0.0506293
3.321	0.0510508
3.324	0.051463
3.327	0.051864
3.33	0.0522518
3.333	0.0526245
3.336	0.0529801
3.339	0.0533165
3.342	0.0536319
3.345	0.0539245
3.348	0.0541923
3.351	0.0544338
3.354	0.0546472
3.357	0.0548313
3.36	0.0549846
3.363	0.055106
3.366	0.0551947
3.369	0.0552498
3.372	0.0552709
3.375	0.0552576
3.378	0.0552098
3.381	0.0551276
3.384	0.0550115
3.387	0.0548619
3.39	0.0546797
3.393	0.0544658
3.396	0.0542214
3.399	0.0539478
3.402	0.0536466
3.405	0.0533193
3.408	0.0529677
3.411	0.0525937
3.414	0.0521991
3.417	0.051786
3.42	0.0513564
3.423	0.0509123
3.426	0.0504558
3.429	0.0499887
3.432	0.0495132
3.435	0.0490311
3.438	0.0485444
3.441	0.0480546
3.444	0.0475637
3.447	0.047073
3.45	0.0465842
3.453	0.0460987
3.456	0.0456177
3.459	0.0451424
3.462	0.0446738
3.465	0.044213
3.468	0.0437607
3.471	0.0433178
3.474	0.0428848
3.477	0.0424624
3.48	0.0420509
3.483	0.0416509
3.486	0.0412624
3.489	0.0408859
3.492	0.0405214
3.495	0.040169
3.498	0.0398288
3.501	0.0398741
3.504	0.0401184
3.507	0.0403715
3.51	0.0406334
3.513	0.0409042
3.516	0.0411836
3.519	0.0414715
3.522	0.0417676
3.525	0.0420718
3.528	0.0423836
3.531	0.0427026
3.534	0.0430283
3.537	0.0433601
3.54	0.0436974
3.543	0.0440393
3.546	0.0443851
3.549	0.0447337
3.552	0.0450841
3.555	0.0454353
3.558	0.0457859
3.561	0.0461347
3.564	0.0464803
3.567	0.0468213
3.57	0.047156
3.573	0.0474829
3.576	0.0478004
3.579	0.0481067
3.582	0.0484002
3.585	0.0486792
3.588	0.0489419
3.591	0.0491867
3.594	0.049412
3.597	0.0496161
3.6	0.0497977
3.603	0.0499552
3.606	0.0500876
3.609	0.0501935
3.612	0.0502721
3.615	0.0503225
3.618	0.0503441
3.621	0.0503365
3.624	0.0502993
3.627	0.0502326
3.63	0.0501364
3.633	0.0500111
3.636	0.0498572
3.639	0.0496755
3.642	0.0494668
3.645	0.0492323
3.648	0.0489731
3.651	0.0486905
3.654	0.0483862
3.657	0.0480616
3.66	0.0477183
3.663	0.0473582
3.666	0.046983
3.669	0.0465945
3.672	0.0461945
3.675	0.0457848
3.678	0.0453671
3.681	0.0449433
3.684	0.0445148
3.687	0.0440835
3.69	0.0436508
3.693	0.0432181
3.696	0.0427869
3.699	0.0423584
3.702	0.0419338
3.705	0.0415142
3.708	0.0411005
3.711	0.0406937
3.714	0.0402945
3.717	0.0399036
3.72	0.0395216
3.723	0.039149
3.726	0.0387862
3.729	0.0384336
3.732	0.0380915
3.735	0.03776
3.738	0.0374393
3.741	0.0371294
3.744	0.0368305
3.747	0.0369311
3.75	0.0370868
3.753	0.0372486
3.756	0.0374165
3.759	0.0375904
3.762	0.0377704
3.765	0.0379565
3.768	0.0381484
3.771	0.0383462
3.774	0.0385495
3.777	0.0387582
3.78	0.038972
3.783	0.0391905
3.786	0.0394134
3.789	0.0396401
3.792	0.0398702
3.795	0.0401029
3.798	0.0403378
3.801	0.0405739
3.804	0.0408106
3.807	0.0410469
3.81	0.0412818
3.813	0.0415143
3.816	0.0417434
3.819	0.0419679
3.822	0.0421867
3.825	0.0423984
3.828	0.0426019
3.831	0.0427959
3.834	0.042979
3.837	0.04315
3.84	0.0433076
3.843	0.0434507
3.846	0.0435779
3.849	0.0436882
3.852	0.0437805
3.855	0.0438539
3.858	0.0439075
3.861	0.0439406
3.864	0.0439526
3.867	0.0439431
3.87	0.0439116
3.873	0.0438582
3.876	0.0437827
3.879	0.0436853
3.882	0.0435664
3.885	0.0434264
3.888	0.0432659
3.891	0.0430856
3.894	0.0428866
3.897	0.0426696
3.9	0.0424359
3.903	0.0421867
3.906	0.0419232
3.909	0.0416467
3.912	0.0413586
3.915	0.0410603
3.918	0.0407532
3.921	0.0404387
3.924	0.0401182
3.927	0.039793
3.93	0.0394645
3.933	0.0391339
3.936	0.0388025
3.939	0.0384713
3.942	0.0381416
3.945	0.0378142
3.948	0.03749
3.951	0.03717
3.954	0.0368549
3.957	0.0365454
3.96	0.036242
3.963	0.0359453
3.966	0.0356558
3.969	0.0353738
3.972	0.0350997
3.975	0.0348337
3.978	0.0345759
3.981	0.0343266
3.984	0.0340857
3.987	0.0338535
3.99	0.0336297
3.993	0.0334145
3.996	0.0332924
3.999	0.0333694
4.002	0.0334497
4.005	0.0335331
4.008	0.0336199
4.011	0.03371
4.014	0.0338033
4.017	0.0338999
4.02	0.0339997
4.023	0.0341027
4.026	0.0342088
4.029	0.0343178
4.032	0.0344296
4.035	0.0345441
4.038	0.0346609
4.041	0.0347799
4.044	0.0349008
4.047	0.0350231
4.05	0.0351466
4.053	0.0352708
4.056	0.0353952
4.059	0.0355193
4.062	0.0356426
4.065	0.0357644
4.068	0.0358842
4.071	0.0360012
4.074	0.0361148
4.077	0.0362241
4.08	0.0363285
4.083	0.0364272
4.086	0.0365194
4.089	0.0366043
4.092	0.0366812
4.095	0.0367493
4.098	0.036808
4.101	0.0368564
4.104	0.0368941
4.107	0.0369203
4.11	0.0369348
4.113	0.0369369
4.116	0.0369265
4.119	0.0369032
4.122	0.0368668
4.125	0.0368174
4.128	0.036755
4.131	0.0366798
4.134	0.0365919
4.137	0.0364918
4.14	0.0363798
4.143	0.0362566
4.146	0.0361226
4.149	0.0359786
4.152	0.0358253
4.155	0.0356635
4.158	0.0354939
4.161	0.0353176
4.164	0.0351352
4.167	0.0349478
4.17	0.0347562
4.173	0.0345612
4.176	0.0343636
4.179	0.0341645
4.182	0.0339644
4.185	0.0337641
4.188	0.0335645
4.191	0.033366
4.194	0.0331694
4.197	0.0329752
4.2	0.0327839
4.203	0.032596
4.206	0.0324118
4.209	0.0322317
4.212	0.0320561
4.215	0.0318851
4.218	0.0317189
4.221	0.0315578
4.224	0.0314019
4.227	0.0312512
4.23	0.0311059
4.233	0.0309658
4.236	0.0308311
4.239	0.0307018
4.242	0.0305776
4.245	0.0304587
4.248	0.0304136
4.251	0.0304395
4.254	0.0304664
4.257	0.0304944
4.26	0.0305233
4.263	0.0305532
4.266	0.0305842
4.269	0.0306161
4.272	0.030649
4.275	0.0306828
4.278	0.0307175
4.281	0.0307529
4.284	0.0307892
4.287	0.0308261
4.29	0.0308636
4.293	0.0309015
4.296	0.0309397
4.299	0.0309782
4.302	0.0310167
4.305	0.031055
4.308	0.0310929
4.311	0.0311303
4.314	0.0311669
4.317	0.0312024
4.32	0.0312367
4.323	0.0312694
4.326	0.0313002
4.329	0.0313289
4.332	0.0313551
4.335	0.0313787
4.338	0.0313991
4.341	0.0314163
4.344	0.0314299
4.347	0.0314396
4.35	0.0314452
4.353	0.0314464
4.356	0.0314431
4.359	0.0314351
4.362	0.0314222
4.365	0.0314043
4.368	0.0313815
4.371	0.0313535
4.374	0.0313206
4.377	0.0312827
4.38	0.0312399
4.383	0.0311924
4.386	0.0311403
4.389	0.031084
4.392	0.0310235
4.395	0.0309592
4.398	0.0308915
4.401	0.0308206
4.404	0.0307468
4.407	0.0306706
4.41	0.0305923
4.413	0.0305123
4.416	0.0304308
4.419	0.0303483
4.422	0.0302652
4.425	0.0301817
4.428	0.0300982
4.431	0.030015
4.434	0.0299324
4.437	0.0298505
4.44	0.0297698
4.443	0.0296903
4.446	0.0296123
4.449	0.029536
4.452	0.0294615
4.455	0.0293889
4.458	0.0293183
4.461	0.0292499
4.464	0.0291836
4.467	0.0291196
4.47	0.0290578
4.473	0.0289983
4.476	0.0289412
4.479	0.0288863
4.482	0.0288336
4.485	0.0287833
4.488	0.0287351
4.491	0.0286891
4.494	0.0286585
4.497	0.0286602
4.5	0.0286619
4.503	0.0286635
4.506	0.0286651
4.509	0.0286667
4.512	0.0286682
4.515	0.0286697
4.518	0.0286712
4.521	0.0286725
4.524	0.0286738
4.527	0.0286751
4.53	0.0286762
4.533	0.0286772
4.536	0.0286782
4.539	0.0286789
4.542	0.0286796
4.545	0.0286801
4.548	0.0286804
4.551	0.0286805
4.554	0.0286804
4.557	0.02868
4.56	0.0286794
4.563	0.0286785
4.566	0.0286774
4.569	0.0286758
4.572	0.028674
4.575	0.0286718
4.578	0.0286692
4.581	0.0286662
4.584	0.0286627
4.587	0.0286588
4.59	0.0286544
4.593	0.0286496
4.596	0.0286442
4.599	0.0286384
4.602	0.028632
4.605	0.0286251
4.608	0.0286177
4.611	0.0286098
4.614	0.0286014
4.617	0.0285924
4.62	0.028583
4.623	0.0285732
4.626	0.0285629
4.629	0.0285522
4.632	0.0285411
4.635	0.0285296
4.638	0.0285179
4.641	0.0285059
4.644	0.0284936
4.647	0.0284811
4.65	0.0284685
4.653	0.0284558
4.656	0.028443
4.659	0.0284302
4.662	0.0284174
4.665	0.0284046
4.668	0.0283919
4.671	0.0283793
4.674	0.0283669
4.677	0.0283547
4.68	0.0283427
4.683	0.0283309
4.686	0.0283193
4.689	0.0283081
4.692	0.0282971
4.695	0.0282864
4.698	0.028276
4.701	0.028266
4.704	0.0282563
4.707	0.0282469
4.71	0.0282379
4.713	0.0282291
4.716	0.0282208
4.719	0.0282127
4.722	0.028205
4.725	0.0281976
4.728	0.0281905
4.731	0.0281837
4.734	0.0281772
4.737	0.028171
4.74	0.0281651
4.743	0.0281595
4.746	0.0281541
4.749	0.0281638
4.752	0.0281759
4.755	0.0281886
4.758	0.0282019
4.761	0.0282159
4.764	0.0282305
4.767	0.0282458
4.77	0.0282617
4.773	0.0282784
4.776	0.0282957
4.779	0.0283137
4.782	0.0283325
4.785	0.0283519
4.788	0.028372
4.791	0.0283927
4.794	0.0284141
4.797	0.0284362
4.8	0.0284588
4.803	0.028482
4.806	0.0285057
4.809	0.0285298
4.812	0.0285544
4.815	0.0285793
4.818	0.0286046
4.821	0.02863
4.824	0.0286555
4.827	0.0286812
4.83	0.0287067
4.833	0.0287322
4.836	0.0287574
4.839	0.0287823
4.842	0.0288068
4.845	0.0288308
4.848	0.0288542
4.851	0.0288768
4.854	0.0288987
4.857	0.0289197
4.86	0.0289398
4.863	0.0289589
4.866	0.0289768
4.869	0.0289937
4.872	0.0290094
4.875	0.0290238
4.878	0.0290371
4.881	0.029049
4.884	0.0290598
4.887	0.0290693
4.89	0.0290775
4.893	0.0290846
4.896	0.0290905
4.899	0.0290953
4.902	0.0290991
4.905	0.0291017
4.908	0.0291035
4.911	0.0291043
4.914	0.0291043
4.917	0.0291035
4.92	0.029102
4.923	0.0290999
4.926	0.0290972
4.929	0.029094
4.932	0.0290903
4.935	0.0290862
4.938	0.0290818
4.941	0.0290771
4.944	0.0290722
4.947	0.0290671
4.95	0.0290618
4.953	0.0290565
4.956	0.029051
4.959	0.0290455
4.962	0.02904
4.965	0.0290345
4.968	0.029029
4.971	0.0290236
4.974	0.0290182
4.977	0.0290129
4.98	0.0290077
4.983	0.0290026
4.986	0.0289976
4.989	0.0289928
4.992	0.028988
4.995	0.0289834
4.998	0.0289788
5.001	0.0290041
5.004	0.0290642
5.007	0.029127
5.01	0.0291925
5.013	0.0292609
5.016	0.0293321
5.019	0.0294061
5.022	0.0294829
5.025	0.0295626
5.028	0.029645
5.031	0.0297302
5.034	0.029818
5.037	0.0299083
5.04	0.030001
5.043	0.030096
5.046	0.0301931
5.049	0.030292
5.052	0.0303926
5.055	0.0304946
5.058	0.0305976
5.061	0.0307015
5.064	0.0308057
5.067	0.03091
5.07	0.0310139
5.073	0.0311171
5.076	0.0312191
5.079	0.0313195
5.082	0.0314177
5.085	0.0315134
5.088	0.031606
5.091	0.0316952
5.094	0.0317804
5.097	0.0318612
5.1	0.0319372
5.103	0.0320081
5.106	0.0320735
5.109	0.032133
5.112	0.0321864
5.115	0.0322335
5.118	0.0322741
5.121	0.032308
5.124	0.0323353
5.127	0.032356
5.13	0.0323699
5.133	0.0323774
5.136	0.0323784
5.139	0.0323732
5.142	0.032362
5.145	0.0323451
5.148	0.0323229
5.151	0.0322956
5.154	0.0322635
5.157	0.0322272
5.16	0.032187
5.163	0.0321432
5.166	0.0320963
5.169	0.0320468
5.172	0.0319949
5.175	0.031941
5.178	0.0318857
5.181	0.0318291
5.184	0.0317716
5.187	0.0317136
5.19	0.0316554
5.193	0.0315972
5.196	0.0315392
5.199	0.0314818
5.202	0.031425
5.205	0.0313692
5.208	0.0313143
5.211	0.0312607
5.214	0.0312083
5.217	0.0311573
5.22	0.0311078
5.223	0.0310598
5.226	0.0310134
5.229	0.0309686
5.232	0.0309254
5.235	0.0308838
5.238	0.0308439
5.241	0.0308057
5.244	0.030769
5.247	0.0307525
5.25	0.0308758
5.253	0.0310046
5.256	0.031139
5.259	0.0312792
5.262	0.0314252
5.265	0.0315771
5.268	0.0317348
5.271	0.0318983
5.274	0.0320677
5.277	0.0322426
5.28	0.0324232
5.283	0.0326091
5.286	0.0328002
5.289	0.0329961
5.292	0.0331966
5.295	0.0334012
5.298	0.0336096
5.301	0.0338212
5.304	0.0340355
5.307	0.0342519
5.31	0.0344696
5.313	0.0346881
5.316	0.0349063
5.319	0.0351237
5.322	0.0353391
5.325	0.0355518
5.328	0.0357608
5.331	0.035965
5.334	0.0361635
5.337	0.0363553
5.34	0.0365393
5.343	0.0367147
5.346	0.0368803
5.349	0.0370354
5.352	0.037179
5.355	0.0373103
5.358	0.0374286
5.361	0.0375333
5.364	0.0376238
5.367	0.0376996
5.37	0.0377605
5.373	0.0378062
5.376	0.0378365
5.379	0.0378515
5.382	0.0378514
5.385	0.0378364
5.388	0.0378067
5.391	0.037763
5.394	0.0377057
5.397	0.0376354
5.4	0.0375529
5.403	0.037459
5.406	0.0373545
5.409	0.0372403
5.412	0.0371173
5.415	0.0369864
5.418	0.0368485
5.421	0.0367047
5.424	0.0365557
5.427	0.0364026
5.43	0.0362462
5.433	0.0360873
5.436	0.0359268
5.439	0.0357654
5.442	0.0356038
5.445	0.0354427
5.448	0.0352827
5.451	0.0351242
5.454	0.0349679
5.457	0.0348142
5.46	0.0346634
5.463	0.0345159
5.466	0.034372
5.469	0.034232
5.472	0.034096
5.475	0.0339641
5.478	0.0338367
5.481	0.0337136
5.484	0.033595
5.487	0.0334809
5.49	0.0333714
5.493	0.0332663
5.496	0.0331657
5.499	0.0330695
5.502	0.0331919
5.505	0.0333857
5.508	0.0335885
5.511	0.0338004
5.514	0.0340216
5.517	0.0342522
5.52	0.0344922
5.523	0.0347416
5.526	0.0350004
5.529	0.0352685
5.532	0.0355457
5.535	0.0358319
5.538	0.0361266
5.541	0.0364295
5.544	0.0367401
5.547	0.0370579
5.55	0.0373822
5.553	0.0377122
5.556	0.038047
5.559	0.0383857
5.562	0.0387271
5.565	0.0390701
5.568	0.0394133
5.571	0.0397555
5.574	0.040095
5.577	0.0404303
5.58	0.0407598
5.583	0.0410818
5.586	0.0413945
5.589	0.0416961
5.592	0.0419849
5.595	0.0422591
5.598	0.042517
5.601	0.0427569
5.604	0.0429772
5.607	0.0431764
5.61	0.0433531
5.613	0.0435062
5.616	0.0436345
5.619	0.0437372
5.622	0.0438136
5.625	0.0438632
5.628	0.0438858
5.631	0.0438813
5.634	0.0438499
5.637	0.0437921
5.64	0.0437083
5.643	0.0435994
5.646	0.0434665
5.649	0.0433105
5.652	0.0431329
5.655	0.0429351
5.658	0.0427185
5.661	0.0424849
5.664	0.0422359
5.667	0.0419731
5.67	0.0416984
5.673	0.0414135
5.676	0.0411201
5.679	0.0408198
5.682	0.0405143
5.685	0.0402051
5.688	0.0398937
5.691	0.0395814
5.694	0.0392696
5.697	0.0389594
5.7	0.0386519
5.703	0.0383481
5.706	0.0380489
5.709	0.037755
5.712	0.0374672
5.715	0.0371859
5.718	0.0369118
5.721	0.0366451
5.724	0.0363863
5.727	0.0361356
5.73	0.0358931
5.733	0.035659
5.736	0.0354334
5.739	0.0352162
5.742	0.0350074
5.745	0.0351111
5.748	0.0353258
5.751	0.0355496
5.754	0.0357825
5.757	0.0360246
5.76	0.0362759
5.763	0.0365364
5.766	0.0368058
5.769	0.0370841
5.772	0.037371
5.775	0.0376662
5.778	0.0379692
5.781	0.0382795
5.784	0.0385965
5.787	0.0389195
5.79	0.0392476
5.793	0.03958
5.796	0.0399155
5.799	0.0402531
5.802	0.0405913
5.805	0.0409289
5.808	0.0412644
5.811	0.041596
5.814	0.0419221
5.817	0.042241
5.82	0.0425508
5.823	0.0428496
5.826	0.0431354
5.829	0.0434063
5.832	0.0436604
5.835	0.0438958
5.838	0.0441105
5.841	0.0443029
5.844	0.0444712
5.847	0.044614
5.85	0.0447298
5.853	0.0448175
5.856	0.0448761
5.859	0.0449047
5.862	0.0449029
5.865	0.0448703
5.868	0.0448068
5.871	0.0447127
5.874	0.0445884
5.877	0.0444346
5.88	0.044252
5.883	0.044042
5.886	0.0438057
5.889	0.0435448
5.892	0.0432607
5.895	0.0429554
5.898	0.0426306
5.901	0.0422884
5.904	0.0419308
5.907	0.0415597
5.91	0.0411774
5.913	0.0407857
5.916	0.0403866
5.919	0.0399822
5.922	0.0395742
5.925	0.0391645
5.928	0.0387546
5.931	0.0383461
5.934	0.0379405
5.937	0.0375391
5.94	0.037143
5.943	0.0367534
5.946	0.0363712
5.949	0.0359972
5.952	0.0356321
5.955	0.0352766
5.958	0.034931
5.961	0.034596
5.964	0.0342716
5.967	0.0339582
5.97	0.0336559
5.973	0.0333648
5.976	0.0330849
5.979	0.0328161
5.982	0.0325584
5.985	0.0323115
5.988	0.0320754
5.991	0.0318498
5.994	0.0317768
5.997	0.0317698
