 Location  Dispersion    Centroids   Volume
0.00441456   0.107911   -0.00108264   1.01136
0.256984   0.0945873   0.252598   0.98879
0.498598   0.100959   0.484149   0.998172
0.749553   0.0995856   0.692045   0.998523
1.00076   0.0955724   0.853993   1.00049
1.24705   0.0909615   0.959422   1.00129
1.49984   0.0887603   1.00595   1.00173
1.74718   0.0910228   0.994651   1.00244
2.00037   0.0951366   0.92184   1.00197
2.25299   0.0994434   0.791537   1.00127
2.49987   0.103518   0.609521   1.00044
2.7516   0.105527   0.387998   0.998138
3.00256   0.106438   0.142813   0.998136
3.24843   0.106593   -0.111574   0.997855
3.49901   0.104881   -0.356994   0.998008
3.74433   0.101759   -0.580829   0.998524
3.99508   0.0983446   -0.767188   0.99942
4.2465   0.0937637   -0.905132   1.00088
4.4931   0.090095   -0.986287   1.00177
4.74634   0.0893649   -1.00839   1.00211
4.99958   0.0919501   -0.970116   1.00211
5.24665   0.0963331   -0.870836   1.00142
5.49969   0.0983034   -0.710997   1.00043
5.74275   0.0895757   -0.511648   0.989042
5.99192   0.0984171   -0.285789   1.00545
