 Location  Dispersion    Centroids   Volume
-0.00278717   0.211331   0.0207509   0.997652
0.310055   0.221267   0.377539   1.00445
0.638941   0.197169   0.652672   0.997038
0.937067   0.207055   0.861528   0.999083
1.25341   0.2129   1.00354   1.00138
1.57793   0.213882   1.06155   1.0008
1.88958   0.204319   1.00435   0.999783
2.21956   0.216513   0.876721   0.999994
2.52304   0.224662   0.618004   1.00101
2.84477   0.200166   0.338355   0.999957
3.16307   0.205072   0.0578894   0.997334
3.45722   0.218579   -0.287271   1.00119
3.77957   0.204018   -0.546995   0.99924
4.0966   0.205885   -0.765525   0.999843
4.41188   0.213672   -0.919103   1.00095
4.73152   0.209922   -0.959922   1.00016
5.0408   0.204683   -0.908461   0.998784
5.3688   0.223627   -0.748488   1.00251
5.66815   0.206372   -0.506079   0.998444
5.997   0.201543   -0.242529   1.00036
