 Location  Dispersion    Centroids   Volume
-0.000348728   0.428139   0.000372287   0.999875
0.424981   0.428035   0.416905   0.999767
0.856362   0.428462   0.762026   1.00004
1.28315   0.428681   0.966982   1.00026
1.71049   0.428781   0.998351   1.00031
2.14341   0.428466   0.848347   1.00011
2.5695   0.428247   0.546182   0.999876
3.0003   0.427977   0.142819   0.999703
3.42521   0.427959   -0.282682   0.999771
3.85054   0.428221   -0.657695   0.999919
4.28273   0.428668   -0.916686   1.00021
4.70999   0.428762   -1.00823   1.00031
5.13726   0.42867   -0.918677   1.00021
5.56948   0.428236   -0.661367   0.999929
5.99473   0.427933   -0.286752   0.999704
