 Location  Dispersion    Centroids   Volume
6.39334e-05   0.249919   0.00315075   1.00001
0.251832   0.249709   0.249011   0.999947
0.497669   0.249788   0.477957   0.999979
0.749568   0.249953   0.682412   1.00002
1.00167   0.249927   0.845006   1.00002
1.24783   0.249884   0.950743   1.00001
1.49995   0.249928   0.999122   1.00002
1.74616   0.249941   0.985989   1.00003
1.99835   0.249927   0.911491   1.00002
2.2504   0.249861   0.779157   1.00001
2.49648   0.249852   0.602025   0.999994
2.74829   0.249838   0.383636   0.999969
2.99999   0.249775   0.142257   0.999972
3.24597   0.249825   -0.104876   0.999988
3.49771   0.249824   -0.348964   0.999984
3.7437   0.249796   -0.56799   0.999981
3.99555   0.249883   -0.754752   0.999997
4.24762   0.249936   -0.894555   1.00002
4.49384   0.249926   -0.978585   1.00003
4.74604   0.249935   -1.00224   1.00002
4.99819   0.249905   -0.960694   1.00002
5.24433   0.249895   -0.864222   1.00001
5.49634   0.249878   -0.710147   1.00001
5.74244   0.249857   -0.51482   0.999995
5.99418   0.249784   -0.285861   0.999953
