 Location  Dispersion    Centroids   Volume
0.00779078   0.18799   0.0038003   1.03649
0.437794   0.162481   0.435636   0.94794
0.854374   0.173335   0.771903   0.994368
1.2813   0.173928   0.985931   1.01494
1.71383   0.183451   1.02426   1.02832
2.15151   0.18687   0.868794   1.01417
2.58067   0.187966   0.548733   0.992935
3.01008   0.187197   0.133723   0.977329
3.43106   0.184862   -0.301876   0.979212
3.8511   0.180311   -0.681021   0.989372
4.28009   0.176429   -0.938573   1.01038
4.71136   0.179094   -1.03158   1.02602
5.1446   0.175479   -0.92212   1.01459
5.57172   0.150238   -0.656865   0.954934
5.99084   0.168145   -0.291412   1.01421
