 x 	V[Y|X = x] 
0	0.069507
0.003	0.0700738
0.006	0.0706237
0.009	0.0711566
0.012	0.0716726
0.015	0.0721717
0.018	0.0726538
0.021	0.0731191
0.024	0.0735674
0.027	0.0739988
0.03	0.0744132
0.033	0.0748108
0.036	0.0751914
0.039	0.0755551
0.042	0.0759018
0.045	0.0762317
0.048	0.0765446
0.051	0.0768406
0.054	0.0771197
0.057	0.0773818
0.06	0.0776271
0.063	0.0778554
0.066	0.0780667
0.069	0.0782612
0.072	0.0784387
0.075	0.0785993
0.078	0.078743
0.081	0.0788698
0.084	0.0789796
0.087	0.0790725
0.09	0.0791485
0.093	0.0792075
0.096	0.0792496
0.099	0.0792748
0.102	0.0792831
0.105	0.0792745
0.108	0.0792489
0.111	0.0792064
0.114	0.079147
0.117	0.0790706
0.12	0.0789773
0.123	0.0788671
0.126	0.07874
0.129	0.078596
0.132	0.078435
0.135	0.0782571
0.138	0.0780622
0.141	0.0778505
0.144	0.0776218
0.147	0.0773762
0.15	0.0771136
0.153	0.0768341
0.156	0.0765377
0.159	0.0762244
0.162	0.0758942
0.165	0.075547
0.168	0.0751829
0.171	0.0748018
0.174	0.0744039
0.177	0.073989
0.18	0.0735572
0.183	0.0731084
0.186	0.0726428
0.189	0.0721602
0.192	0.0716606
0.195	0.0711442
0.198	0.0706108
0.201	0.0700605
0.204	0.0694933
0.207	0.0689655
0.21	0.0695362
0.213	0.0700955
0.216	0.0706376
0.219	0.0711625
0.222	0.0716701
0.225	0.0721605
0.228	0.0726337
0.231	0.0730896
0.234	0.0735283
0.237	0.0739498
0.24	0.0743541
0.243	0.0747411
0.246	0.0751109
0.249	0.0754635
0.252	0.0757989
0.255	0.076117
0.258	0.0764179
0.261	0.0767016
0.264	0.076968
0.267	0.0772173
0.27	0.0774493
0.273	0.077664
0.276	0.0778616
0.279	0.0780419
0.282	0.078205
0.285	0.0783508
0.288	0.0784794
0.291	0.0785908
0.294	0.078685
0.297	0.0787619
0.3	0.0788216
0.303	0.0788641
0.306	0.0788893
0.309	0.0788974
0.312	0.0788881
0.315	0.0788617
0.318	0.078818
0.321	0.0787571
0.324	0.078679
0.327	0.0785836
0.33	0.078471
0.333	0.0783412
0.336	0.0781941
0.339	0.0780298
0.342	0.0778483
0.345	0.0776495
0.348	0.0774336
0.351	0.0772003
0.354	0.0769499
0.357	0.0766822
0.36	0.0763973
0.363	0.0760951
0.366	0.0757757
0.369	0.0754391
0.372	0.0750853
0.375	0.0747142
0.378	0.0743259
0.381	0.0739203
0.384	0.0734975
0.387	0.0730575
0.39	0.0726003
0.393	0.0721258
0.396	0.0716341
0.399	0.0711251
0.402	0.0705989
0.405	0.0700555
0.408	0.0694948
0.411	0.0689655
0.414	0.0693988
0.417	0.0698324
0.42	0.070253
0.423	0.0706607
0.426	0.0710554
0.429	0.0714372
0.432	0.071806
0.435	0.0721618
0.438	0.0725046
0.441	0.0728345
0.444	0.0731515
0.447	0.0734554
0.45	0.0737464
0.453	0.0740245
0.456	0.0742896
0.459	0.0745417
0.462	0.0747808
0.465	0.075007
0.468	0.0752202
0.471	0.0754205
0.474	0.0756078
0.477	0.0757821
0.48	0.0759435
0.483	0.0760919
0.486	0.0762273
0.489	0.0763498
0.492	0.0764593
0.495	0.0765559
0.498	0.0766394
0.501	0.0767101
0.504	0.0767677
0.507	0.0768124
0.51	0.0768442
0.513	0.0768629
0.516	0.0768687
0.519	0.0768616
0.522	0.0768415
0.525	0.0768084
0.528	0.0767624
0.531	0.0767034
0.534	0.0766314
0.537	0.0765465
0.54	0.0764486
0.543	0.0763378
0.546	0.076214
0.549	0.0760772
0.552	0.0759275
0.555	0.0757648
0.558	0.0755891
0.561	0.0754005
0.564	0.0751989
0.567	0.0749844
0.57	0.0747569
0.573	0.0745164
0.576	0.074263
0.579	0.0739966
0.582	0.0737173
0.585	0.073425
0.588	0.0731197
0.591	0.0728015
0.594	0.0724703
0.597	0.0721262
0.6	0.0717691
0.603	0.071399
0.606	0.071016
0.609	0.07062
0.612	0.0702111
0.615	0.0697892
0.618	0.0693548
0.621	0.068968
0.624	0.069325
0.627	0.0696715
0.63	0.0700072
0.633	0.0703323
0.636	0.0706467
0.639	0.0709504
0.642	0.0712434
0.645	0.0715258
0.648	0.0717975
0.651	0.0720585
0.654	0.0723088
0.657	0.0725484
0.66	0.0727774
0.663	0.0729957
0.666	0.0732033
0.669	0.0734002
0.672	0.0735865
0.675	0.073762
0.678	0.0739269
0.681	0.0740812
0.684	0.0742247
0.687	0.0743575
0.69	0.0744797
0.693	0.0745912
0.696	0.074692
0.699	0.0747822
0.702	0.0748616
0.705	0.0749304
0.708	0.0749885
0.711	0.0750359
0.714	0.0750726
0.717	0.0750987
0.72	0.0751141
0.723	0.0751188
0.726	0.0751128
0.729	0.0750961
0.732	0.0750687
0.735	0.0750307
0.738	0.074982
0.741	0.0749226
0.744	0.0748525
0.747	0.0747717
0.75	0.0746803
0.753	0.0745781
0.756	0.0744653
0.759	0.0743418
0.762	0.0742076
0.765	0.0740628
0.768	0.0739072
0.771	0.073741
0.774	0.0735641
0.777	0.0733765
0.78	0.0731782
0.783	0.0729692
0.786	0.0727495
0.789	0.0725192
0.792	0.0722782
0.795	0.0720265
0.798	0.0717641
0.801	0.071491
0.804	0.0712072
0.807	0.0709128
0.81	0.0706076
0.813	0.0702918
0.816	0.0699653
0.819	0.0696281
0.822	0.0692802
0.825	0.0689655
0.828	0.0691722
0.831	0.069377
0.834	0.0695757
0.837	0.0697682
0.84	0.0699546
0.843	0.0701349
0.846	0.0703091
0.849	0.0704772
0.852	0.0706391
0.855	0.0707949
0.858	0.0709446
0.861	0.0710881
0.864	0.0712256
0.867	0.0713569
0.87	0.0714821
0.873	0.0716011
0.876	0.0717141
0.879	0.0718209
0.882	0.0719215
0.885	0.0720161
0.888	0.0721045
0.891	0.0721869
0.894	0.072263
0.897	0.0723331
0.9	0.0723971
0.903	0.0724549
0.906	0.0725066
0.909	0.0725521
0.912	0.0725916
0.915	0.0726249
0.918	0.0726521
0.921	0.0726732
0.924	0.0726881
0.927	0.0726969
0.93	0.0726996
0.933	0.0726962
0.936	0.0726867
0.939	0.072671
0.942	0.0726492
0.945	0.0726213
0.948	0.0725873
0.951	0.0725471
0.954	0.0725008
0.957	0.0724484
0.96	0.0723899
0.963	0.0723252
0.966	0.0722545
0.969	0.0721776
0.972	0.0720945
0.975	0.0720054
0.978	0.0719101
0.981	0.0718087
0.984	0.0717012
0.987	0.0715876
0.99	0.0714678
0.993	0.0713419
0.996	0.0712099
0.999	0.0710718
1.002	0.0709276
1.005	0.0707772
1.008	0.0706207
1.011	0.0704581
1.014	0.0702893
1.017	0.0701145
1.02	0.0699335
1.023	0.0697464
1.026	0.0695532
1.029	0.0693538
1.032	0.0691486
1.035	0.0689655
1.038	0.0690757
1.041	0.0691847
1.044	0.0692903
1.047	0.0693926
1.05	0.0694915
1.053	0.069587
1.056	0.0696792
1.059	0.0697681
1.062	0.0698536
1.065	0.0699357
1.068	0.0700145
1.071	0.0700899
1.074	0.0701619
1.077	0.0702306
1.08	0.0702959
1.083	0.0703579
1.086	0.0704165
1.089	0.0704718
1.092	0.0705237
1.095	0.0705722
1.098	0.0706174
1.101	0.0706592
1.104	0.0706977
1.107	0.0707328
1.11	0.0707646
1.113	0.070793
1.116	0.070818
1.119	0.0708397
1.122	0.070858
1.125	0.0708729
1.128	0.0708845
1.131	0.0708928
1.134	0.0708976
1.137	0.0708992
1.14	0.0708973
1.143	0.0708921
1.146	0.0708836
1.149	0.0708717
1.152	0.0708564
1.155	0.0708377
1.158	0.0708157
1.161	0.0707904
1.164	0.0707617
1.167	0.0707296
1.17	0.0706942
1.173	0.0706554
1.176	0.0706132
1.179	0.0705677
1.182	0.0705188
1.185	0.0704666
1.188	0.070411
1.191	0.0703521
1.194	0.0702898
1.197	0.0702241
1.2	0.0701551
1.203	0.0700827
1.206	0.0700069
1.209	0.0699278
1.212	0.0698454
1.215	0.0697595
1.218	0.0696703
1.221	0.0695778
1.224	0.0694819
1.227	0.0693826
1.23	0.06928
1.233	0.069174
1.236	0.0690647
1.239	0.0689655
1.242	0.0689939
1.245	0.0690229
1.248	0.069051
1.251	0.0690783
1.254	0.0691047
1.257	0.0691302
1.26	0.0691549
1.263	0.0691787
1.266	0.0692016
1.269	0.0692237
1.272	0.0692449
1.275	0.0692652
1.278	0.0692847
1.281	0.0693033
1.284	0.069321
1.287	0.0693379
1.29	0.0693539
1.293	0.069369
1.296	0.0693833
1.299	0.0693967
1.302	0.0694092
1.305	0.0694209
1.308	0.0694317
1.311	0.0694417
1.314	0.0694507
1.317	0.0694589
1.32	0.0694663
1.323	0.0694727
1.326	0.0694784
1.329	0.0694831
1.332	0.069487
1.335	0.06949
1.338	0.0694921
1.341	0.0694934
1.344	0.0694938
1.347	0.0694934
1.35	0.069492
1.353	0.0694898
1.356	0.0694868
1.359	0.0694829
1.362	0.0694781
1.365	0.0694724
1.368	0.0694659
1.371	0.0694585
1.374	0.0694503
1.377	0.0694411
1.38	0.0694312
1.383	0.0694203
1.386	0.0694086
1.389	0.069396
1.392	0.0693825
1.395	0.0693682
1.398	0.069353
1.401	0.069337
1.404	0.0693201
1.407	0.0693023
1.41	0.0692837
1.413	0.0692641
1.416	0.0692438
1.419	0.0692225
1.422	0.0692004
1.425	0.0691774
1.428	0.0691536
1.431	0.0691289
1.434	0.0691033
1.437	0.0690768
1.44	0.0690495
1.443	0.0690214
1.446	0.0689923
1.449	0.0689655
1.452	0.0689657
1.455	0.068966
1.458	0.0689662
1.461	0.0689664
1.464	0.0689666
1.467	0.0689669
1.47	0.0689671
1.473	0.0689673
1.476	0.0689674
1.479	0.0689676
1.482	0.0689678
1.485	0.068968
1.488	0.0689681
1.491	0.0689683
1.494	0.0689684
1.497	0.0689686
1.5	0.0689687
1.503	0.0689688
1.506	0.0689689
1.509	0.068969
1.512	0.0689691
1.515	0.0689692
1.518	0.0689693
1.521	0.0689694
1.524	0.0689695
1.527	0.0689695
1.53	0.0689696
1.533	0.0689696
1.536	0.0689697
1.539	0.0689697
1.542	0.0689697
1.545	0.0689698
1.548	0.0689698
1.551	0.0689698
1.554	0.0689698
1.557	0.0689698
1.56	0.0689697
1.563	0.0689697
1.566	0.0689697
1.569	0.0689696
1.572	0.0689696
1.575	0.0689695
1.578	0.0689695
1.581	0.0689694
1.584	0.0689693
1.587	0.0689692
1.59	0.0689691
1.593	0.068969
1.596	0.0689689
1.599	0.0689688
1.602	0.0689687
1.605	0.0689686
1.608	0.0689684
1.611	0.0689683
1.614	0.0689681
1.617	0.068968
1.62	0.0689678
1.623	0.0689676
1.626	0.0689674
1.629	0.0689673
1.632	0.0689671
1.635	0.0689669
1.638	0.0689666
1.641	0.0689664
1.644	0.0689662
1.647	0.068966
1.65	0.0689657
1.653	0.0689655
1.656	0.0689839
1.659	0.0690037
1.662	0.0690229
1.665	0.0690416
1.668	0.0690596
1.671	0.0690771
1.674	0.0690939
1.677	0.0691102
1.68	0.0691259
1.683	0.0691409
1.686	0.0691554
1.689	0.0691693
1.692	0.0691827
1.695	0.0691954
1.698	0.0692075
1.701	0.069219
1.704	0.06923
1.707	0.0692403
1.71	0.0692501
1.713	0.0692593
1.716	0.0692679
1.719	0.0692759
1.722	0.0692833
1.725	0.0692901
1.728	0.0692963
1.731	0.0693019
1.734	0.0693069
1.737	0.0693114
1.74	0.0693152
1.743	0.0693185
1.746	0.0693212
1.749	0.0693233
1.752	0.0693248
1.755	0.0693257
1.758	0.069326
1.761	0.0693257
1.764	0.0693248
1.767	0.0693233
1.77	0.0693213
1.773	0.0693186
1.776	0.0693154
1.779	0.0693116
1.782	0.0693071
1.785	0.0693021
1.788	0.0692965
1.791	0.0692903
1.794	0.0692836
1.797	0.0692762
1.8	0.0692682
1.803	0.0692597
1.806	0.0692505
1.809	0.0692408
1.812	0.0692304
1.815	0.0692195
1.818	0.069208
1.821	0.0691959
1.824	0.0691832
1.827	0.0691699
1.83	0.069156
1.833	0.0691416
1.836	0.0691265
1.839	0.0691109
1.842	0.0690946
1.845	0.0690778
1.848	0.0690604
1.851	0.0690424
1.854	0.0690238
1.857	0.0690046
1.86	0.0690601
1.863	0.0691244
1.866	0.0692052
1.869	0.0692836
1.872	0.0693595
1.875	0.0694329
1.878	0.0695038
1.881	0.0695723
1.884	0.0696382
1.887	0.0697017
1.89	0.0697627
1.893	0.0698212
1.896	0.0698772
1.899	0.0699308
1.902	0.0699818
1.905	0.0700304
1.908	0.0700764
1.911	0.07012
1.914	0.0701611
1.917	0.0701998
1.92	0.0702359
1.923	0.0702696
1.926	0.0703007
1.929	0.0703294
1.932	0.0703556
1.935	0.0703793
1.938	0.0704006
1.941	0.0704193
1.944	0.0704356
1.947	0.0704493
1.95	0.0704606
1.953	0.0704694
1.956	0.0704758
1.959	0.0704796
1.962	0.0704809
1.965	0.0704798
1.968	0.0704762
1.971	0.0704701
1.974	0.0704615
1.977	0.0704504
1.98	0.0704369
1.983	0.0704208
1.986	0.0704023
1.989	0.0703813
1.992	0.0703578
1.995	0.0703318
1.998	0.0703033
2.001	0.0702724
2.004	0.0702389
2.007	0.070203
2.01	0.0701646
2.013	0.0701237
2.016	0.0700803
2.019	0.0700344
2.022	0.0699861
2.025	0.0699352
2.028	0.0698819
2.031	0.0698261
2.034	0.0697678
2.037	0.069707
2.04	0.0696438
2.043	0.069578
2.046	0.0695098
2.049	0.0694391
2.052	0.0693659
2.055	0.0692902
2.058	0.069212
2.061	0.0691314
2.064	0.0690482
2.067	0.0689655
2.07	0.0691422
2.073	0.0693386
2.076	0.0695289
2.079	0.0697131
2.082	0.0698913
2.085	0.0700635
2.088	0.0702297
2.091	0.0703898
2.094	0.0705439
2.097	0.070692
2.1	0.0708341
2.103	0.0709701
2.106	0.0711
2.109	0.071224
2.112	0.0713419
2.115	0.0714538
2.118	0.0715597
2.121	0.0716595
2.124	0.0717533
2.127	0.0718411
2.13	0.0719228
2.133	0.0719985
2.136	0.0720682
2.139	0.0721319
2.142	0.0721895
2.145	0.0722411
2.148	0.0722867
2.151	0.0723262
2.154	0.0723597
2.157	0.0723872
2.16	0.0724086
2.163	0.0724241
2.166	0.0724334
2.169	0.0724368
2.172	0.0724341
2.175	0.0724255
2.178	0.0724107
2.181	0.07239
2.184	0.0723632
2.187	0.0723304
2.19	0.0722916
2.193	0.0722467
2.196	0.0721958
2.199	0.0721389
2.202	0.0720759
2.205	0.072007
2.208	0.071932
2.211	0.0718509
2.214	0.0717639
2.217	0.0716708
2.22	0.0715717
2.223	0.0714665
2.226	0.0713554
2.229	0.0712382
2.232	0.071115
2.235	0.0709857
2.238	0.0708504
2.241	0.0707091
2.244	0.0705618
2.247	0.0704085
2.25	0.0702491
2.253	0.0700837
2.256	0.0699122
2.259	0.0697348
2.262	0.0695513
2.265	0.0693618
2.268	0.0691662
2.271	0.0689655
2.274	0.0692309
2.277	0.0695293
2.28	0.0698193
2.283	0.0701003
2.286	0.0703725
2.289	0.0706357
2.292	0.07089
2.295	0.0711354
2.298	0.071372
2.301	0.0715996
2.304	0.0718183
2.307	0.0720281
2.31	0.072229
2.313	0.072421
2.316	0.0726041
2.319	0.0727783
2.322	0.0729436
2.325	0.0731
2.328	0.0732475
2.331	0.073386
2.334	0.0735157
2.337	0.0736365
2.34	0.0737483
2.343	0.0738513
2.346	0.0739453
2.349	0.0740305
2.352	0.0741067
2.355	0.074174
2.358	0.0742325
2.361	0.074282
2.364	0.0743226
2.367	0.0743543
2.37	0.0743771
2.373	0.074391
2.376	0.074396
2.379	0.0743921
2.382	0.0743793
2.385	0.0743575
2.388	0.0743269
2.391	0.0742874
2.394	0.0742389
2.397	0.0741816
2.4	0.0741153
2.403	0.0740402
2.406	0.0739561
2.409	0.0738631
2.412	0.0737612
2.415	0.0736504
2.418	0.0735308
2.421	0.0734021
2.424	0.0732646
2.427	0.0731182
2.43	0.0729629
2.433	0.0727987
2.436	0.0726255
2.439	0.0724435
2.442	0.0722525
2.445	0.0720527
2.448	0.0718439
2.451	0.0716262
2.454	0.0713997
2.457	0.0711642
2.46	0.0709198
2.463	0.0706665
2.466	0.0704043
2.469	0.0701331
2.472	0.0698531
2.475	0.0695642
2.478	0.0692663
2.481	0.0689655
2.484	0.069373
2.487	0.0698177
2.49	0.0702487
2.493	0.0706661
2.496	0.0710699
2.499	0.0714599
2.502	0.0718363
2.505	0.0721991
2.508	0.0725481
2.511	0.0728835
2.514	0.0732053
2.517	0.0735134
2.52	0.0738078
2.523	0.0740886
2.526	0.0743557
2.529	0.0746091
2.532	0.0748489
2.535	0.075075
2.538	0.0752875
2.541	0.0754863
2.544	0.0756715
2.547	0.0758429
2.55	0.0760008
2.553	0.0761449
2.556	0.0762754
2.559	0.0763923
2.562	0.0764955
2.565	0.076585
2.568	0.0766609
2.571	0.0767231
2.574	0.0767716
2.577	0.0768065
2.58	0.0768278
2.583	0.0768353
2.586	0.0768293
2.589	0.0768095
2.592	0.0767761
2.595	0.0767291
2.598	0.0766684
2.601	0.076594
2.604	0.076506
2.607	0.0764043
2.61	0.076289
2.613	0.07616
2.616	0.0760173
2.619	0.075861
2.622	0.0756911
2.625	0.0755075
2.628	0.0753102
2.631	0.0750993
2.634	0.0748747
2.637	0.0746365
2.64	0.0743846
2.643	0.0741191
2.646	0.0738399
2.649	0.073547
2.652	0.0732405
2.655	0.0729204
2.658	0.0725866
2.661	0.0722391
2.664	0.071878
2.667	0.0715032
2.67	0.0711148
2.673	0.0707127
2.676	0.070297
2.679	0.0698676
2.682	0.0694246
2.685	0.0689679
2.688	0.069425
2.691	0.069931
2.694	0.0704223
2.697	0.0708986
2.7	0.0713597
2.703	0.0718058
2.706	0.0722367
2.709	0.0726525
2.712	0.0730533
2.715	0.0734389
2.718	0.0738095
2.721	0.0741649
2.724	0.0745053
2.727	0.0748305
2.73	0.0751407
2.733	0.0754357
2.736	0.0757157
2.739	0.0759805
2.742	0.0762302
2.745	0.0764649
2.748	0.0766844
2.751	0.0768889
2.754	0.0770782
2.757	0.0772525
2.76	0.0774116
2.763	0.0775557
2.766	0.0776846
2.769	0.0777984
2.772	0.0778972
2.775	0.0779808
2.778	0.0780494
2.781	0.0781028
2.784	0.0781411
2.787	0.0781644
2.79	0.0781725
2.793	0.0781655
2.796	0.0781435
2.799	0.0781063
2.802	0.078054
2.805	0.0779866
2.808	0.0779042
2.811	0.0778066
2.814	0.0776939
2.817	0.0775661
2.82	0.0774232
2.823	0.0772653
2.826	0.0770922
2.829	0.076904
2.832	0.0767007
2.835	0.0764823
2.838	0.0762488
2.841	0.0760002
2.844	0.0757365
2.847	0.0754577
2.85	0.0751638
2.853	0.0748548
2.856	0.0745306
2.859	0.0741914
2.862	0.0738371
2.865	0.0734677
2.868	0.0730832
2.871	0.0726835
2.874	0.0722688
2.877	0.071839
2.88	0.071394
2.883	0.070934
2.886	0.0704588
2.889	0.0699686
2.892	0.0694632
2.895	0.0689655
2.898	0.0695491
2.901	0.0701536
2.904	0.0707395
2.907	0.0713068
2.91	0.0718555
2.913	0.0723856
2.916	0.0728972
2.919	0.0733901
2.922	0.0738644
2.925	0.0743202
2.928	0.0747574
2.931	0.075176
2.934	0.0755759
2.937	0.0759573
2.94	0.0763202
2.943	0.0766644
2.946	0.07699
2.949	0.077297
2.952	0.0775855
2.955	0.0778554
2.958	0.0781066
2.961	0.0783393
2.964	0.0785534
2.967	0.0787489
2.97	0.0789258
2.973	0.0790841
2.976	0.0792239
2.979	0.079345
2.982	0.0794476
2.985	0.0795316
2.988	0.0795969
2.991	0.0796437
2.994	0.0796719
2.997	0.0796816
3	0.0796726
3.003	0.079645
3.006	0.0795989
3.009	0.0795341
3.012	0.0794508
3.015	0.0793489
3.018	0.0792284
3.021	0.0790893
3.024	0.0789316
3.027	0.0787553
3.03	0.0785605
3.033	0.0783471
3.036	0.078115
3.039	0.0778644
3.042	0.0775952
3.045	0.0773074
3.048	0.077001
3.051	0.0766761
3.054	0.0763325
3.057	0.0759704
3.06	0.0755896
3.063	0.0751903
3.066	0.0747724
3.069	0.0743359
3.072	0.0738809
3.075	0.0734072
3.078	0.072915
3.081	0.0724041
3.084	0.0718747
3.087	0.0713267
3.09	0.0707601
3.093	0.0701749
3.096	0.0695712
3.099	0.0689655
3.102	0.0695099
3.105	0.0700815
3.108	0.0706361
3.111	0.0711736
3.114	0.071694
3.117	0.0721974
3.12	0.0726837
3.123	0.0731529
3.126	0.073605
3.129	0.0740401
3.132	0.0744581
3.135	0.0748591
3.138	0.075243
3.141	0.0756098
3.144	0.0759595
3.147	0.0762922
3.15	0.0766078
3.153	0.0769064
3.156	0.0771879
3.159	0.0774523
3.162	0.0776996
3.165	0.0779299
3.168	0.0781431
3.171	0.0783393
3.174	0.0785183
3.177	0.0786804
3.18	0.0788253
3.183	0.0789532
3.186	0.079064
3.189	0.0791577
3.192	0.0792344
3.195	0.079294
3.198	0.0793365
3.201	0.079362
3.204	0.0793704
3.207	0.0793618
3.21	0.079336
3.213	0.0792932
3.216	0.0792334
3.219	0.0791565
3.222	0.0790625
3.225	0.0789514
3.228	0.0788233
3.231	0.0786781
3.234	0.0785158
3.237	0.0783365
3.24	0.0781401
3.243	0.0779266
3.246	0.0776961
3.249	0.0774485
3.252	0.0771838
3.255	0.0769021
3.258	0.0766033
3.261	0.0762874
3.264	0.0759545
3.267	0.0756045
3.27	0.0752374
3.273	0.0748533
3.276	0.0744521
3.279	0.0740338
3.282	0.0735985
3.285	0.0731461
3.288	0.0726766
3.291	0.0721901
3.294	0.0716865
3.297	0.0711658
3.3	0.0706281
3.303	0.0700733
3.306	0.0695015
3.309	0.0689655
3.312	0.0695477
3.315	0.0701204
3.318	0.0706754
3.321	0.0712128
3.324	0.0717326
3.327	0.0722347
3.33	0.0727192
3.333	0.0731861
3.336	0.0736353
3.339	0.0740669
3.342	0.0744808
3.345	0.0748771
3.348	0.0752558
3.351	0.0756168
3.354	0.0759602
3.357	0.076286
3.36	0.0765941
3.363	0.0768846
3.366	0.0771575
3.369	0.0774127
3.372	0.0776502
3.375	0.0778702
3.378	0.0780725
3.381	0.0782571
3.384	0.0784242
3.387	0.0785735
3.39	0.0787053
3.393	0.0788194
3.396	0.0789159
3.399	0.0789947
3.402	0.0790559
3.405	0.0790994
3.408	0.0791253
3.411	0.0791336
3.414	0.0791242
3.417	0.0790972
3.42	0.0790526
3.423	0.0789903
3.426	0.0789104
3.429	0.0788128
3.432	0.0786976
3.435	0.0785648
3.438	0.0784143
3.441	0.0782461
3.444	0.0780604
3.447	0.077857
3.45	0.0776359
3.453	0.0773972
3.456	0.0771409
3.459	0.0768669
3.462	0.0765753
3.465	0.076266
3.468	0.0759391
3.471	0.0755946
3.474	0.0752324
3.477	0.0748526
3.48	0.0744551
3.483	0.07404
3.486	0.0736072
3.489	0.0731568
3.492	0.0726888
3.495	0.0722031
3.498	0.0716998
3.501	0.0711788
3.504	0.0706402
3.507	0.070084
3.51	0.0695101
3.513	0.0689655
3.516	0.0694164
3.519	0.0698691
3.522	0.0703082
3.525	0.0707338
3.528	0.0711458
3.531	0.0715443
3.534	0.0719293
3.537	0.0723008
3.54	0.0726587
3.543	0.0730031
3.546	0.0733339
3.549	0.0736512
3.552	0.073955
3.555	0.0742453
3.558	0.074522
3.561	0.0747852
3.564	0.0750348
3.567	0.075271
3.57	0.0754936
3.573	0.0757026
3.576	0.0758982
3.579	0.0760802
3.582	0.0762486
3.585	0.0764036
3.588	0.076545
3.591	0.0766729
3.594	0.0767872
3.597	0.076888
3.6	0.0769753
3.603	0.0770491
3.606	0.0771093
3.609	0.077156
3.612	0.0771892
3.615	0.0772088
3.618	0.0772149
3.621	0.0772075
3.624	0.0771865
3.627	0.077152
3.63	0.077104
3.633	0.0770425
3.636	0.0769674
3.639	0.0768788
3.642	0.0767766
3.645	0.076661
3.648	0.0765318
3.651	0.076389
3.654	0.0762328
3.657	0.076063
3.66	0.0758797
3.663	0.0756829
3.666	0.0754725
3.669	0.0752486
3.672	0.0750112
3.675	0.0747602
3.678	0.0744957
3.681	0.0742177
3.684	0.0739262
3.687	0.0736211
3.69	0.0733025
3.693	0.0729704
3.696	0.0726247
3.699	0.0722655
3.702	0.0718928
3.705	0.0715066
3.708	0.0711068
3.711	0.0706935
3.714	0.0702667
3.717	0.0698263
3.72	0.0693729
3.723	0.0689683
3.726	0.0693502
3.729	0.0697207
3.732	0.0700797
3.735	0.0704274
3.738	0.0707636
3.741	0.0710884
3.744	0.0714018
3.747	0.0717037
3.75	0.0719943
3.753	0.0722734
3.756	0.0725411
3.759	0.0727974
3.762	0.0730423
3.765	0.0732757
3.768	0.0734978
3.771	0.0737084
3.774	0.0739076
3.777	0.0740954
3.78	0.0742717
3.783	0.0744366
3.786	0.0745901
3.789	0.0747322
3.792	0.0748629
3.795	0.0749821
3.798	0.07509
3.801	0.0751864
3.804	0.0752713
3.807	0.0753449
3.81	0.075407
3.813	0.0754577
3.816	0.075497
3.819	0.0755249
3.822	0.0755414
3.825	0.0755464
3.828	0.07554
3.831	0.0755222
3.834	0.0754929
3.837	0.0754522
3.84	0.0754001
3.843	0.0753366
3.846	0.0752617
3.849	0.0751753
3.852	0.0750775
3.855	0.0749683
3.858	0.0748477
3.861	0.0747156
3.864	0.0745721
3.867	0.0744172
3.87	0.0742509
3.873	0.0740731
3.876	0.0738839
3.879	0.0736833
3.882	0.0734713
3.885	0.0732478
3.888	0.0730129
3.891	0.0727666
3.894	0.0725088
3.897	0.0722397
3.9	0.0719591
3.903	0.071667
3.906	0.0713636
3.909	0.0710487
3.912	0.0707224
3.915	0.0703847
3.918	0.0700355
3.921	0.0696749
3.924	0.0693029
3.927	0.0689655
3.93	0.0691938
3.933	0.06942
3.936	0.0696394
3.939	0.0698521
3.942	0.070058
3.945	0.0702571
3.948	0.0704494
3.951	0.070635
3.954	0.0708139
3.957	0.0709859
3.96	0.0711512
3.963	0.0713098
3.966	0.0714615
3.969	0.0716065
3.972	0.0717448
3.975	0.0718763
3.978	0.072001
3.981	0.0721189
3.984	0.0722301
3.987	0.0723345
3.99	0.0724322
3.993	0.0725231
3.996	0.0726072
3.999	0.0726846
4.002	0.0727552
4.005	0.072819
4.008	0.0728761
4.011	0.0729264
4.014	0.07297
4.017	0.0730068
4.02	0.0730368
4.023	0.0730601
4.026	0.0730766
4.029	0.0730863
4.032	0.0730893
4.035	0.0730855
4.038	0.0730749
4.041	0.0730576
4.044	0.0730335
4.047	0.0730027
4.05	0.0729651
4.053	0.0729207
4.056	0.0728696
4.059	0.0728117
4.062	0.0727471
4.065	0.0726757
4.068	0.0725975
4.071	0.0725125
4.074	0.0724208
4.077	0.0723224
4.08	0.0722172
4.083	0.0721052
4.086	0.0719864
4.089	0.0718609
4.092	0.0717287
4.095	0.0715896
4.098	0.0714438
4.101	0.0712913
4.104	0.071132
4.107	0.0709659
4.11	0.070793
4.113	0.0706134
4.116	0.0704271
4.119	0.070234
4.122	0.0700341
4.125	0.0698274
4.128	0.069614
4.131	0.0693939
4.134	0.0692873
4.137	0.0692058
4.14	0.0693224
4.143	0.0694353
4.146	0.0695446
4.149	0.0696504
4.152	0.0697525
4.155	0.0698511
4.158	0.0699461
4.161	0.0700375
4.164	0.0701253
4.167	0.0702095
4.17	0.0702901
4.173	0.0703671
4.176	0.0704406
4.179	0.0705104
4.182	0.0705767
4.185	0.0706394
4.188	0.0706984
4.191	0.0707539
4.194	0.0708058
4.197	0.0708541
4.2	0.0708988
4.203	0.07094
4.206	0.0709775
4.209	0.0710114
4.212	0.0710418
4.215	0.0710686
4.218	0.0710917
4.221	0.0711113
4.224	0.0711273
4.227	0.0711397
4.23	0.0711485
4.233	0.0711537
4.236	0.0711554
4.239	0.0711534
4.242	0.0711478
4.245	0.0711387
4.248	0.071126
4.251	0.0711096
4.254	0.0710897
4.257	0.0710662
4.26	0.0710391
4.263	0.0710084
4.266	0.0709741
4.269	0.0709363
4.272	0.0708948
4.275	0.0708497
4.278	0.0708011
4.281	0.0707489
4.284	0.070693
4.287	0.0706336
4.29	0.0705706
4.293	0.070504
4.296	0.0704338
4.299	0.07036
4.302	0.0702826
4.305	0.0702017
4.308	0.0701171
4.311	0.070029
4.314	0.0699372
4.317	0.0698419
4.32	0.069743
4.323	0.0696405
4.326	0.0695343
4.329	0.0694247
4.332	0.0693114
4.335	0.0691945
4.338	0.0690741
4.341	0.0689655
4.344	0.0690088
4.347	0.0690525
4.35	0.0690949
4.353	0.069136
4.356	0.0691757
4.359	0.069214
4.362	0.069251
4.365	0.0692867
4.368	0.069321
4.371	0.0693539
4.374	0.0693856
4.377	0.0694158
4.38	0.0694447
4.383	0.0694723
4.386	0.0694985
4.389	0.0695234
4.392	0.0695469
4.395	0.0695691
4.398	0.06959
4.401	0.0696095
4.404	0.0696276
4.407	0.0696444
4.41	0.0696598
4.413	0.069674
4.416	0.0696867
4.419	0.0696981
4.422	0.0697082
4.425	0.0697169
4.428	0.0697243
4.431	0.0697303
4.434	0.0697349
4.437	0.0697383
4.44	0.0697402
4.443	0.0697409
4.446	0.0697402
4.449	0.0697381
4.452	0.0697347
4.455	0.0697299
4.458	0.0697238
4.461	0.0697164
4.464	0.0697076
4.467	0.0696974
4.47	0.0696859
4.473	0.0696731
4.476	0.0696589
4.479	0.0696434
4.482	0.0696265
4.485	0.0696082
4.488	0.0695887
4.491	0.0695677
4.494	0.0695455
4.497	0.0695218
4.5	0.0694969
4.503	0.0694706
4.506	0.0694429
4.509	0.0694139
4.512	0.0693835
4.515	0.0693518
4.518	0.0693188
4.521	0.0692844
4.524	0.0692486
4.527	0.0692115
4.53	0.0691731
4.533	0.0691333
4.536	0.0690921
4.539	0.0690497
4.542	0.0690058
4.545	0.0689655
4.548	0.0689676
4.551	0.0689699
4.554	0.068972
4.557	0.0689741
4.56	0.0689761
4.563	0.0689781
4.566	0.06898
4.569	0.0689818
4.572	0.0689836
4.575	0.0689853
4.578	0.0689869
4.581	0.0689885
4.584	0.06899
4.587	0.0689914
4.59	0.0689928
4.593	0.0689941
4.596	0.0689953
4.599	0.0689965
4.602	0.0689976
4.605	0.0689986
4.608	0.0689996
4.611	0.0690005
4.614	0.0690013
4.617	0.0690021
4.62	0.0690028
4.623	0.0690034
4.626	0.069004
4.629	0.0690045
4.632	0.0690049
4.635	0.0690053
4.638	0.0690056
4.641	0.0690058
4.644	0.069006
4.647	0.0690061
4.65	0.0690061
4.653	0.0690061
4.656	0.069006
4.659	0.0690058
4.662	0.0690056
4.665	0.0690053
4.668	0.0690049
4.671	0.0690045
4.674	0.069004
4.677	0.0690034
4.68	0.0690028
4.683	0.0690021
4.686	0.0690013
4.689	0.0690005
4.692	0.0689996
4.695	0.0689986
4.698	0.0689976
4.701	0.0689965
4.704	0.0689953
4.707	0.0689941
4.71	0.0689928
4.713	0.0689914
4.716	0.06899
4.719	0.0689885
4.722	0.0689869
4.725	0.0689853
4.728	0.0689836
4.731	0.0689818
4.734	0.06898
4.737	0.0689781
4.74	0.0689761
4.743	0.0689741
4.746	0.068972
4.749	0.0689698
4.752	0.0689676
4.755	0.0689655
4.758	0.0689775
4.761	0.0689903
4.764	0.0690028
4.767	0.0690148
4.77	0.0690265
4.773	0.0690378
4.776	0.0690486
4.779	0.0690591
4.782	0.0690692
4.785	0.0690789
4.788	0.0690882
4.791	0.0690971
4.794	0.0691056
4.797	0.0691137
4.8	0.0691214
4.803	0.0691287
4.806	0.0691356
4.809	0.0691421
4.812	0.0691483
4.815	0.069154
4.818	0.0691593
4.821	0.0691643
4.824	0.0691688
4.827	0.069173
4.83	0.0691767
4.833	0.0691801
4.836	0.0691831
4.839	0.0691856
4.842	0.0691878
4.845	0.0691896
4.848	0.069191
4.851	0.069192
4.854	0.0691926
4.857	0.0691928
4.86	0.0691926
4.863	0.069192
4.866	0.069191
4.869	0.0691897
4.872	0.0691879
4.875	0.0691857
4.878	0.0691832
4.881	0.0691802
4.884	0.0691769
4.887	0.0691731
4.89	0.069169
4.893	0.0691644
4.896	0.0691595
4.899	0.0691542
4.902	0.0691485
4.905	0.0691424
4.908	0.0691358
4.911	0.0691289
4.914	0.0691216
4.917	0.0691139
4.92	0.0691059
4.923	0.0690974
4.926	0.0690885
4.929	0.0690792
4.932	0.0690695
4.935	0.0690595
4.938	0.069049
4.941	0.0690382
4.944	0.0690269
4.947	0.0690153
4.95	0.0690032
4.953	0.0689908
4.956	0.068978
4.959	0.0689655
4.962	0.0690276
4.965	0.0690957
4.968	0.0691618
4.971	0.0692259
4.974	0.069288
4.977	0.069348
4.98	0.069406
4.983	0.069462
4.986	0.0695159
4.989	0.0695678
4.992	0.0696177
4.995	0.0696655
4.998	0.0697113
5.001	0.0697551
5.004	0.0697968
5.007	0.0698366
5.01	0.0698742
5.013	0.0699099
5.016	0.0699435
5.019	0.0699751
5.022	0.0700046
5.025	0.0700321
5.028	0.0700576
5.031	0.0700811
5.034	0.0701025
5.037	0.0701219
5.04	0.0701392
5.043	0.0701546
5.046	0.0701678
5.049	0.0701791
5.052	0.0701883
5.055	0.0701955
5.058	0.0702007
5.061	0.0702038
5.064	0.0702049
5.067	0.070204
5.07	0.070201
5.073	0.070196
5.076	0.070189
5.079	0.0701799
5.082	0.0701688
5.085	0.0701557
5.088	0.0701405
5.091	0.0701233
5.094	0.0701041
5.097	0.0700829
5.1	0.0700596
5.103	0.0700342
5.106	0.0700069
5.109	0.0699775
5.112	0.0699461
5.115	0.0699126
5.118	0.0698771
5.121	0.0698396
5.124	0.0698001
5.127	0.0697585
5.13	0.0697149
5.133	0.0696692
5.136	0.0696215
5.139	0.0695718
5.142	0.0695201
5.145	0.0694663
5.148	0.0694105
5.151	0.0693526
5.154	0.0692928
5.157	0.0692309
5.16	0.0691669
5.163	0.0691009
5.166	0.0690329
5.169	0.0689655
5.172	0.0691222
5.175	0.0692961
5.178	0.0694646
5.181	0.0696278
5.184	0.0697857
5.187	0.0699382
5.19	0.0700854
5.193	0.0702272
5.196	0.0703637
5.199	0.0704948
5.202	0.0706206
5.205	0.0707411
5.208	0.0708562
5.211	0.070966
5.214	0.0710705
5.217	0.0711695
5.22	0.0712633
5.223	0.0713517
5.226	0.0714348
5.229	0.0715125
5.232	0.0715849
5.235	0.071652
5.238	0.0717137
5.241	0.0717701
5.244	0.0718211
5.247	0.0718668
5.25	0.0719071
5.253	0.0719422
5.256	0.0719718
5.259	0.0719962
5.262	0.0720151
5.265	0.0720288
5.268	0.0720371
5.271	0.0720401
5.274	0.0720377
5.277	0.07203
5.28	0.0720169
5.283	0.0719985
5.286	0.0719748
5.289	0.0719457
5.292	0.0719113
5.295	0.0718716
5.298	0.0718265
5.301	0.0717761
5.304	0.0717203
5.307	0.0716592
5.31	0.0715928
5.313	0.071521
5.316	0.0714438
5.319	0.0713614
5.322	0.0712736
5.325	0.0711804
5.328	0.071082
5.331	0.0709782
5.334	0.070869
5.337	0.0707545
5.34	0.0706347
5.343	0.0705095
5.346	0.070379
5.349	0.0702431
5.352	0.070102
5.355	0.0699554
5.358	0.0698036
5.361	0.0696464
5.364	0.0694838
5.367	0.069316
5.37	0.0691428
5.373	0.0689655
5.376	0.0692107
5.379	0.0694864
5.382	0.0697543
5.385	0.0700139
5.388	0.0702654
5.391	0.0705086
5.394	0.0707435
5.397	0.0709703
5.4	0.0711888
5.403	0.0713991
5.406	0.0716011
5.409	0.0717949
5.412	0.0719806
5.415	0.0721579
5.418	0.0723271
5.421	0.072488
5.424	0.0726407
5.427	0.0727852
5.43	0.0729214
5.433	0.0730495
5.436	0.0731693
5.439	0.0732808
5.442	0.0733842
5.445	0.0734793
5.448	0.0735662
5.451	0.0736448
5.454	0.0737153
5.457	0.0737775
5.46	0.0738315
5.463	0.0738772
5.466	0.0739147
5.469	0.073944
5.472	0.0739651
5.475	0.0739779
5.478	0.0739825
5.481	0.0739789
5.484	0.0739671
5.487	0.073947
5.49	0.0739187
5.493	0.0738822
5.496	0.0738374
5.499	0.0737845
5.502	0.0737233
5.505	0.0736538
5.508	0.0735761
5.511	0.0734903
5.514	0.0733961
5.517	0.0732938
5.52	0.0731832
5.523	0.0730644
5.526	0.0729374
5.529	0.0728021
5.532	0.0726586
5.535	0.0725069
5.538	0.0723469
5.541	0.0721787
5.544	0.0720023
5.547	0.0718177
5.55	0.0716248
5.553	0.0714237
5.556	0.0712144
5.559	0.0709968
5.562	0.0707711
5.565	0.070537
5.568	0.0702948
5.571	0.0700443
5.574	0.0697856
5.577	0.0695187
5.58	0.0692435
5.583	0.0689655
5.586	0.0693511
5.589	0.0697735
5.592	0.0701829
5.595	0.0705793
5.598	0.0709627
5.601	0.0713332
5.604	0.0716907
5.607	0.0720352
5.61	0.0723667
5.613	0.0726853
5.616	0.0729909
5.619	0.0732835
5.622	0.0735631
5.625	0.0738298
5.628	0.0740835
5.631	0.0743242
5.634	0.0745519
5.637	0.0747667
5.64	0.0749685
5.643	0.0751573
5.646	0.0753332
5.649	0.0754961
5.652	0.075646
5.655	0.0757829
5.658	0.0759069
5.661	0.0760179
5.664	0.0761159
5.667	0.0762009
5.67	0.076273
5.673	0.0763321
5.676	0.0763782
5.679	0.0764114
5.682	0.0764316
5.685	0.0764388
5.688	0.0764331
5.691	0.0764144
5.694	0.0763827
5.697	0.076338
5.7	0.0762804
5.703	0.0762098
5.706	0.0761262
5.709	0.0760297
5.712	0.0759202
5.715	0.0757977
5.718	0.0756623
5.721	0.0755139
5.724	0.0753525
5.727	0.0751782
5.73	0.0749908
5.733	0.0747906
5.736	0.0745773
5.739	0.0743511
5.742	0.0741119
5.745	0.0738598
5.748	0.0735947
5.751	0.0733166
5.754	0.0730255
5.757	0.0727215
5.76	0.0724045
5.763	0.0720746
5.766	0.0717317
5.769	0.0713758
5.772	0.0710069
5.775	0.0706251
5.778	0.0702303
5.781	0.0698226
5.784	0.0694019
5.787	0.0689682
5.79	0.0694117
5.793	0.069902
5.796	0.0703782
5.799	0.0708397
5.802	0.0712866
5.805	0.0717188
5.808	0.0721364
5.811	0.0725394
5.814	0.0729277
5.817	0.0733014
5.82	0.0736604
5.823	0.0740049
5.826	0.0743346
5.829	0.0746498
5.832	0.0749503
5.835	0.0752362
5.838	0.0755074
5.841	0.075764
5.844	0.076006
5.847	0.0762333
5.85	0.076446
5.853	0.0766441
5.856	0.0768275
5.859	0.0769963
5.862	0.0771504
5.865	0.07729
5.868	0.0774149
5.871	0.0775251
5.874	0.0776208
5.877	0.0777018
5.88	0.0777681
5.883	0.0778198
5.886	0.0778569
5.889	0.0778794
5.892	0.0778872
5.895	0.0778805
5.898	0.077859
5.901	0.077823
5.904	0.0777723
5.907	0.077707
5.91	0.077627
5.913	0.0775324
5.916	0.0774232
5.919	0.0772994
5.922	0.0771609
5.925	0.0770078
5.928	0.0768401
5.931	0.0766577
5.934	0.0764607
5.937	0.0762491
5.94	0.0760229
5.943	0.075782
5.946	0.0755265
5.949	0.0752564
5.952	0.0749716
5.955	0.0746723
5.958	0.0743582
5.961	0.0740296
5.964	0.0736864
5.967	0.0733285
5.97	0.072956
5.973	0.0725688
5.976	0.072167
5.979	0.0717507
5.982	0.0713196
5.985	0.070874
5.988	0.0704137
5.991	0.0699388
5.994	0.0694493
5.997	0.0689655
