 Location  Dispersion    Centroids   Volume
-5.21287e-05   0.206749   -0.000131179   0.999996
0.203981   0.206764   0.203148   0.99999
0.413781   0.20679   0.402374   0.999995
0.617836   0.206771   0.580327   0.999995
0.827743   0.206812   0.737141   1
1.03182   0.206792   0.859466   1
1.24185   0.206825   0.947376   1.00001
1.44595   0.206816   0.993388   1.00001
1.65603   0.206817   0.997526   1.00001
1.86011   0.206808   0.959539   1.00001
2.06421   0.206822   0.881632   1.00001
2.27419   0.206782   0.763846   0.999999
2.47826   0.206804   0.616333   0.999999
2.68812   0.206767   0.43899   0.999992
2.89217   0.206781   0.246921   0.999993
3.10195   0.206769   0.0399835   0.99999
3.30599   0.206767   -0.164196   0.99999
3.51579   0.206788   -0.365775   0.999994
3.71984   0.20677   -0.547582   0.999994
3.92974   0.206809   -0.709756   1
4.13381   0.206783   -0.838264   1
4.33786   0.206801   -0.931901   1.00001
4.54792   0.206824   -0.987571   1.00001
4.75202   0.206822   -1.00033   1.00001
4.9621   0.206809   -0.970189   1.00001
5.1662   0.206823   -0.899713   1.00001
5.37619   0.206784   -0.788864   1
5.58026   0.206806   -0.647076   1
5.79013   0.206767   -0.474259   0.999993
5.9941   0.206723   -0.285206   0.999985
