 Location  Dispersion    Centroids   Volume
0.00298666   0.0867527   -0.00614064   1.0133
0.206196   0.0742175   0.255558   0.995541
0.416387   0.0719545   0.437245   0.997942
0.621325   0.0612125   0.666177   0.990127
0.829052   0.0677666   0.796146   0.994683
1.03458   0.0728969   0.940135   0.998103
1.2431   0.0797206   1.02993   1.00551
1.44776   0.0835397   1.08073   1.00855
1.65223   0.0783105   1.09743   1.00563
1.86156   0.0773423   1.06117   1.00593
2.06497   0.083577   0.982202   1.00898
2.27736   0.0849931   0.83089   1.00694
2.47975   0.0699066   0.687107   0.992216
2.6857   0.0587528   0.496322   0.983181
2.89187   0.0741932   0.326063   1.0029
3.10263   0.0623741   0.0942123   0.990196
3.30714   0.0728404   -0.131742   0.99575
3.51912   0.067133   -0.344402   0.989763
3.72063   0.0683719   -0.522441   0.996941
3.93058   0.0678347   -0.673358   0.991653
4.13103   0.0823674   -0.815706   1.00865
4.33748   0.0806376   -0.927319   1.00457
4.54551   0.08252   -0.995654   1.00983
4.75312   0.0771312   -0.984495   1.0053
4.96267   0.0822986   -0.972126   1.00835
5.16768   0.069042   -0.858355   0.998238
5.3747   0.0587986   -0.744466   0.989389
5.57718   0.0648043   -0.608795   0.992898
5.7869   0.0659452   -0.43229   0.986548
5.98718   0.0909524   -0.205705   1.02126
