 x  	 F(x)  
0	0.000252111
0.003	0.00131623
0.006	0.00433161
0.009	0.00734697
0.012	0.0103623
0.015	0.0133777
0.018	0.016393
0.021	0.0194083
0.024	0.0224235
0.027	0.0254388
0.03	0.0284541
0.033	0.0314693
0.036	0.0344845
0.039	0.0374997
0.042	0.0405149
0.045	0.04353
0.048	0.0465452
0.051	0.0495603
0.054	0.0525754
0.057	0.0555906
0.06	0.0586056
0.063	0.0616207
0.066	0.0646358
0.069	0.0676508
0.072	0.0706658
0.075	0.0736808
0.078	0.0766958
0.081	0.0797108
0.084	0.0827257
0.087	0.0857407
0.09	0.0887556
0.093	0.0917705
0.096	0.0947854
0.099	0.0978002
0.102	0.100815
0.105	0.10383
0.108	0.106845
0.111	0.10986
0.114	0.112874
0.117	0.115889
0.12	0.118904
0.123	0.121919
0.126	0.124933
0.129	0.127948
0.132	0.130963
0.135	0.133977
0.138	0.136992
0.141	0.140007
0.144	0.143021
0.147	0.146036
0.15	0.149051
0.153	0.152065
0.156	0.15508
0.159	0.158094
0.162	0.161109
0.165	0.164123
0.168	0.167138
0.171	0.170152
0.174	0.173167
0.177	0.176181
0.18	0.179196
0.183	0.18221
0.186	0.185224
0.189	0.188239
0.192	0.191253
0.195	0.194268
0.198	0.197282
0.201	0.200296
0.204	0.20331
0.207	0.206325
0.21	0.209339
0.213	0.212353
0.216	0.215368
0.219	0.218382
0.222	0.221396
0.225	0.22441
0.228	0.227424
0.231	0.230438
0.234	0.233453
0.237	0.236467
0.24	0.239481
0.243	0.242495
0.246	0.245509
0.249	0.249485
0.252	0.253035
0.255	0.255749
0.258	0.258464
0.261	0.261178
0.264	0.263893
0.267	0.266607
0.27	0.269322
0.273	0.272037
0.276	0.274751
0.279	0.277466
0.282	0.28018
0.285	0.282895
0.288	0.285609
0.291	0.288324
0.294	0.291039
0.297	0.293753
0.3	0.296468
0.303	0.299182
0.306	0.301897
0.309	0.304611
0.312	0.307326
0.315	0.31004
0.318	0.312755
0.321	0.31547
0.324	0.318184
0.327	0.320899
0.33	0.323613
0.333	0.326328
0.336	0.329042
0.339	0.331757
0.342	0.334471
0.345	0.337186
0.348	0.3399
0.351	0.342615
0.354	0.345329
0.357	0.348044
0.36	0.350759
0.363	0.353473
0.366	0.356188
0.369	0.358902
0.372	0.361617
0.375	0.364331
0.378	0.367046
0.381	0.36976
0.384	0.372475
0.387	0.375189
0.39	0.377904
0.393	0.380618
0.396	0.383333
0.399	0.386047
0.402	0.388762
0.405	0.391476
0.408	0.394191
0.411	0.396905
0.414	0.39962
0.417	0.402334
0.42	0.405049
0.423	0.407763
0.426	0.410478
0.429	0.413192
0.432	0.415906
0.435	0.418621
0.438	0.421335
0.441	0.42405
0.444	0.426764
0.447	0.429479
0.45	0.432193
0.453	0.434908
0.456	0.437622
0.459	0.440337
0.462	0.443051
0.465	0.445766
0.468	0.44848
0.471	0.451195
0.474	0.453909
0.477	0.456623
0.48	0.459338
0.483	0.462052
0.486	0.464767
0.489	0.467481
0.492	0.470196
0.495	0.47291
0.498	0.475619
0.501	0.479376
0.504	0.482378
0.507	0.484846
0.51	0.487315
0.513	0.489783
0.516	0.492252
0.519	0.49472
0.522	0.497189
0.525	0.499657
0.528	0.502126
0.531	0.504595
0.534	0.507063
0.537	0.509532
0.54	0.512
0.543	0.514469
0.546	0.516938
0.549	0.519406
0.552	0.521875
0.555	0.524344
0.558	0.526813
0.561	0.529281
0.564	0.53175
0.567	0.534219
0.57	0.536688
0.573	0.539157
0.576	0.541626
0.579	0.544095
0.582	0.546564
0.585	0.549032
0.588	0.551501
0.591	0.55397
0.594	0.556439
0.597	0.558908
0.6	0.561377
0.603	0.563847
0.606	0.566316
0.609	0.568785
0.612	0.571254
0.615	0.573723
0.618	0.576192
0.621	0.578661
0.624	0.581131
0.627	0.5836
0.63	0.586069
0.633	0.588538
0.636	0.591007
0.639	0.593477
0.642	0.595946
0.645	0.598415
0.648	0.600885
0.651	0.603354
0.654	0.605824
0.657	0.608293
0.66	0.610762
0.663	0.613232
0.666	0.615701
0.669	0.618171
0.672	0.62064
0.675	0.62311
0.678	0.625579
0.681	0.628049
0.684	0.630519
0.687	0.632988
0.69	0.635458
0.693	0.637927
0.696	0.640397
0.699	0.642867
0.702	0.645337
0.705	0.647806
0.708	0.650276
0.711	0.652746
0.714	0.655216
0.717	0.657685
0.72	0.660155
0.723	0.662625
0.726	0.665095
0.729	0.667565
0.732	0.670035
0.735	0.672505
0.738	0.674975
0.741	0.677445
0.744	0.679915
0.747	0.682385
0.75	0.682862
0.753	0.683687
0.756	0.685636
0.759	0.687586
0.762	0.689535
0.765	0.691484
0.768	0.693433
0.771	0.695383
0.774	0.697332
0.777	0.699281
0.78	0.701231
0.783	0.70318
0.786	0.705129
0.789	0.707078
0.792	0.709028
0.795	0.710977
0.798	0.712926
0.801	0.714876
0.804	0.716825
0.807	0.718774
0.81	0.720724
0.813	0.722673
0.816	0.724622
0.819	0.726571
0.822	0.728521
0.825	0.73047
0.828	0.732419
0.831	0.734369
0.834	0.736318
0.837	0.738267
0.84	0.740217
0.843	0.742166
0.846	0.744115
0.849	0.746065
0.852	0.748014
0.855	0.749963
0.858	0.751913
0.861	0.753862
0.864	0.755811
0.867	0.757761
0.87	0.75971
0.873	0.761659
0.876	0.763609
0.879	0.765558
0.882	0.767507
0.885	0.769457
0.888	0.771406
0.891	0.773356
0.894	0.775305
0.897	0.777254
0.9	0.779204
0.903	0.781153
0.906	0.783102
0.909	0.785052
0.912	0.787001
0.915	0.78895
0.918	0.7909
0.921	0.792849
0.924	0.794799
0.927	0.796748
0.93	0.798697
0.933	0.800647
0.936	0.802596
0.939	0.804546
0.942	0.806495
0.945	0.808444
0.948	0.810394
0.951	0.812343
0.954	0.814292
0.957	0.816242
0.96	0.818191
0.963	0.820141
0.966	0.82209
0.969	0.82404
0.972	0.825989
0.975	0.827938
0.978	0.829888
0.981	0.831837
0.984	0.833787
0.987	0.835736
0.99	0.837685
0.993	0.839635
0.996	0.841584
0.999	0.844008
1.002	0.845589
1.005	0.846847
1.008	0.848105
1.011	0.849363
1.014	0.850621
1.017	0.851879
1.02	0.853137
1.023	0.854395
1.026	0.855653
1.029	0.856911
1.032	0.858169
1.035	0.859427
1.038	0.860685
1.041	0.861944
1.044	0.863202
1.047	0.86446
1.05	0.865718
1.053	0.866976
1.056	0.868234
1.059	0.869492
1.062	0.87075
1.065	0.872008
1.068	0.873266
1.071	0.874524
1.074	0.875782
1.077	0.87704
1.08	0.878298
1.083	0.879556
1.086	0.880814
1.089	0.882072
1.092	0.88333
1.095	0.884588
1.098	0.885846
1.101	0.887104
1.104	0.888362
1.107	0.88962
1.11	0.890878
1.113	0.892136
1.116	0.893394
1.119	0.894652
1.122	0.89591
1.125	0.897168
1.128	0.898426
1.131	0.899684
1.134	0.900942
1.137	0.9022
1.14	0.903458
1.143	0.904716
1.146	0.905974
1.149	0.907232
1.152	0.90849
1.155	0.909748
1.158	0.911006
1.161	0.912263
1.164	0.913521
1.167	0.914779
1.17	0.916037
1.173	0.917295
1.176	0.918553
1.179	0.919811
1.182	0.921069
1.185	0.922327
1.188	0.923585
1.191	0.924843
1.194	0.926101
1.197	0.927359
1.2	0.928617
1.203	0.929875
1.206	0.931133
1.209	0.932391
1.212	0.933649
1.215	0.934907
1.218	0.936165
1.221	0.937423
1.224	0.938681
1.227	0.939939
1.23	0.941197
1.233	0.942454
1.236	0.943712
1.239	0.94497
1.242	0.946228
1.245	0.947486
1.248	0.948742
1.251	0.950193
1.254	0.951024
1.257	0.951618
1.26	0.952213
1.263	0.952807
1.266	0.953402
1.269	0.953996
1.272	0.95459
1.275	0.955185
1.278	0.955779
1.281	0.956374
1.284	0.956968
1.287	0.957563
1.29	0.958157
1.293	0.958752
1.296	0.959346
1.299	0.959941
1.302	0.960535
1.305	0.96113
1.308	0.961724
1.311	0.962319
1.314	0.962913
1.317	0.963508
1.32	0.964102
1.323	0.964697
1.326	0.965291
1.329	0.965886
1.332	0.96648
1.335	0.967075
1.338	0.967669
1.341	0.968264
1.344	0.968858
1.347	0.969453
1.35	0.970047
1.353	0.970642
1.356	0.971236
1.359	0.971831
1.362	0.972425
1.365	0.97302
1.368	0.973614
1.371	0.974209
1.374	0.974803
1.377	0.975398
1.38	0.975993
1.383	0.976587
1.386	0.977182
1.389	0.977776
1.392	0.978371
1.395	0.978965
1.398	0.97956
1.401	0.980154
1.404	0.980749
1.407	0.981343
1.41	0.981938
1.413	0.982532
1.416	0.983127
1.419	0.983722
1.422	0.984316
1.425	0.984911
1.428	0.985505
1.431	0.9861
1.434	0.986694
1.437	0.987289
1.44	0.987883
1.443	0.988478
1.446	0.989073
1.449	0.989667
1.452	0.990262
1.455	0.990856
1.458	0.991451
1.461	0.992045
1.464	0.99264
1.467	0.993235
1.47	0.993829
1.473	0.994424
1.476	0.995018
1.479	0.995613
1.482	0.996208
1.485	0.996802
1.488	0.997397
1.491	0.997991
1.494	0.998586
1.497	0.99914
1.5	0.999125
1.503	0.998973
1.506	0.998821
1.509	0.998669
1.512	0.998517
1.515	0.998364
1.518	0.998212
1.521	0.99806
1.524	0.997908
1.527	0.997756
1.53	0.997604
1.533	0.997451
1.536	0.997299
1.539	0.997147
1.542	0.996995
1.545	0.996843
1.548	0.99669
1.551	0.996538
1.554	0.996386
1.557	0.996234
1.56	0.996082
1.563	0.995929
1.566	0.995777
1.569	0.995625
1.572	0.995473
1.575	0.995321
1.578	0.995168
1.581	0.995016
1.584	0.994864
1.587	0.994712
1.59	0.99456
1.593	0.994407
1.596	0.994255
1.599	0.994103
1.602	0.993951
1.605	0.993799
1.608	0.993646
1.611	0.993494
1.614	0.993342
1.617	0.99319
1.62	0.993038
1.623	0.992885
1.626	0.992733
1.629	0.992581
1.632	0.992429
1.635	0.992277
1.638	0.992124
1.641	0.991972
1.644	0.99182
1.647	0.991668
1.65	0.991516
1.653	0.991364
1.656	0.991211
1.659	0.991059
1.662	0.990907
1.665	0.990755
1.668	0.990603
1.671	0.99045
1.674	0.990298
1.677	0.990146
1.68	0.989994
1.683	0.989842
1.686	0.989689
1.689	0.989537
1.692	0.989385
1.695	0.989233
1.698	0.989081
1.701	0.988928
1.704	0.988776
1.707	0.988624
1.71	0.988472
1.713	0.98832
1.716	0.988167
1.719	0.988015
1.722	0.987863
1.725	0.987711
1.728	0.987559
1.731	0.987406
1.734	0.987254
1.737	0.987102
1.74	0.98695
1.743	0.986798
1.746	0.986645
1.749	0.986307
1.752	0.985357
1.755	0.984453
1.758	0.983549
1.761	0.982644
1.764	0.98174
1.767	0.980836
1.77	0.979932
1.773	0.979028
1.776	0.978124
1.779	0.97722
1.782	0.976316
1.785	0.975412
1.788	0.974508
1.791	0.973604
1.794	0.9727
1.797	0.971796
1.8	0.970892
1.803	0.969988
1.806	0.969084
1.809	0.968179
1.812	0.967275
1.815	0.966371
1.818	0.965467
1.821	0.964563
1.824	0.963659
1.827	0.962755
1.83	0.961851
1.833	0.960947
1.836	0.960043
1.839	0.959139
1.842	0.958235
1.845	0.957331
1.848	0.956427
1.851	0.955523
1.854	0.954619
1.857	0.953715
1.86	0.952811
1.863	0.951907
1.866	0.951003
1.869	0.950098
1.872	0.949194
1.875	0.94829
1.878	0.947386
1.881	0.946482
1.884	0.945578
1.887	0.944674
1.89	0.94377
1.893	0.942866
1.896	0.941962
1.899	0.941058
1.902	0.940154
1.905	0.93925
1.908	0.938346
1.911	0.937442
1.914	0.936538
1.917	0.935634
1.92	0.93473
1.923	0.933826
1.926	0.932922
1.929	0.932018
1.932	0.931114
1.935	0.93021
1.938	0.929306
1.941	0.928402
1.944	0.927498
1.947	0.926594
1.95	0.92569
1.953	0.924786
1.956	0.923882
1.959	0.922978
1.962	0.922074
1.965	0.92117
1.968	0.920266
1.971	0.919362
1.974	0.918458
1.977	0.917554
1.98	0.91665
1.983	0.915746
1.986	0.914842
1.989	0.913938
1.992	0.913034
1.995	0.91213
1.998	0.911808
2.001	0.911521
2.004	0.909921
2.007	0.908321
2.01	0.906722
2.013	0.905122
2.016	0.903522
2.019	0.901923
2.022	0.900323
2.025	0.898723
2.028	0.897124
2.031	0.895524
2.034	0.893925
2.037	0.892325
2.04	0.890725
2.043	0.889126
2.046	0.887526
2.049	0.885927
2.052	0.884327
2.055	0.882728
2.058	0.881128
2.061	0.879529
2.064	0.877929
2.067	0.87633
2.07	0.87473
2.073	0.873131
2.076	0.871531
2.079	0.869932
2.082	0.868332
2.085	0.866733
2.088	0.865133
2.091	0.863534
2.094	0.861934
2.097	0.860335
2.1	0.858736
2.103	0.857136
2.106	0.855537
2.109	0.853937
2.112	0.852338
2.115	0.850739
2.118	0.849139
2.121	0.84754
2.124	0.845941
2.127	0.844341
2.13	0.842742
2.133	0.841143
2.136	0.839544
2.139	0.837944
2.142	0.836345
2.145	0.834746
2.148	0.833147
2.151	0.831547
2.154	0.829948
2.157	0.828349
2.16	0.82675
2.163	0.825151
2.166	0.823551
2.169	0.821952
2.172	0.820353
2.175	0.818754
2.178	0.817155
2.181	0.815556
2.184	0.813956
2.187	0.812357
2.19	0.810758
2.193	0.809159
2.196	0.80756
2.199	0.805961
2.202	0.804362
2.205	0.802763
2.208	0.801164
2.211	0.799565
2.214	0.797966
2.217	0.796367
2.22	0.794768
2.223	0.793169
2.226	0.79157
2.229	0.789971
2.232	0.788372
2.235	0.786773
2.238	0.785174
2.241	0.783575
2.244	0.781976
2.247	0.780041
2.25	0.777298
2.253	0.775207
2.256	0.77311
2.259	0.771013
2.262	0.768916
2.265	0.766819
2.268	0.764722
2.271	0.762625
2.274	0.760528
2.277	0.75843
2.28	0.756333
2.283	0.754236
2.286	0.752139
2.289	0.750042
2.292	0.747945
2.295	0.745848
2.298	0.743751
2.301	0.741653
2.304	0.739556
2.307	0.737459
2.31	0.735362
2.313	0.733265
2.316	0.731168
2.319	0.72907
2.322	0.726973
2.325	0.724876
2.328	0.722779
2.331	0.720682
2.334	0.718585
2.337	0.716487
2.34	0.71439
2.343	0.712293
2.346	0.710196
2.349	0.708099
2.352	0.706001
2.355	0.703904
2.358	0.701807
2.361	0.69971
2.364	0.697613
2.367	0.695515
2.37	0.693418
2.373	0.691321
2.376	0.689224
2.379	0.687126
2.382	0.685029
2.385	0.682932
2.388	0.680835
2.391	0.678737
2.394	0.67664
2.397	0.674543
2.4	0.672446
2.403	0.670348
2.406	0.668251
2.409	0.666154
2.412	0.664057
2.415	0.661959
2.418	0.659862
2.421	0.657765
2.424	0.655668
2.427	0.65357
2.43	0.651473
2.433	0.649376
2.436	0.647278
2.439	0.645181
2.442	0.643084
2.445	0.640987
2.448	0.638889
2.451	0.636792
2.454	0.634695
2.457	0.632597
2.46	0.6305
2.463	0.628403
2.466	0.626305
2.469	0.624208
2.472	0.622111
2.475	0.620013
2.478	0.617916
2.481	0.615819
2.484	0.613721
2.487	0.611624
2.49	0.609527
2.493	0.607429
2.496	0.605332
2.499	0.602715
2.502	0.59924
2.505	0.596599
2.508	0.593958
2.511	0.591317
2.514	0.588676
2.517	0.586034
2.52	0.583393
2.523	0.580752
2.526	0.578111
2.529	0.57547
2.532	0.572828
2.535	0.570187
2.538	0.567546
2.541	0.564905
2.544	0.562264
2.547	0.559622
2.55	0.556981
2.553	0.55434
2.556	0.551699
2.559	0.549057
2.562	0.546416
2.565	0.543775
2.568	0.541134
2.571	0.538492
2.574	0.535851
2.577	0.53321
2.58	0.530569
2.583	0.527927
2.586	0.525286
2.589	0.522645
2.592	0.520004
2.595	0.517362
2.598	0.514721
2.601	0.51208
2.604	0.509438
2.607	0.506797
2.61	0.504156
2.613	0.501515
2.616	0.498873
2.619	0.496232
2.622	0.493591
2.625	0.490949
2.628	0.488308
2.631	0.485667
2.634	0.483025
2.637	0.480384
2.64	0.477743
2.643	0.475101
2.646	0.47246
2.649	0.469819
2.652	0.467177
2.655	0.464536
2.658	0.461895
2.661	0.459253
2.664	0.456612
2.667	0.453971
2.67	0.451329
2.673	0.448688
2.676	0.446046
2.679	0.443405
2.682	0.440764
2.685	0.438122
2.688	0.435481
2.691	0.43284
2.694	0.430198
2.697	0.427557
2.7	0.424915
2.703	0.422274
2.706	0.419633
2.709	0.416991
2.712	0.41435
2.715	0.411708
2.718	0.409067
2.721	0.406425
2.724	0.403784
2.727	0.401143
2.73	0.398501
2.733	0.39586
2.736	0.393218
2.739	0.390577
2.742	0.387935
2.745	0.385294
2.748	0.38418
2.751	0.383413
2.754	0.380479
2.757	0.377545
2.76	0.374611
2.763	0.371676
2.766	0.368742
2.769	0.365808
2.772	0.362874
2.775	0.35994
2.778	0.357006
2.781	0.354071
2.784	0.351137
2.787	0.348203
2.79	0.345269
2.793	0.342335
2.796	0.339401
2.799	0.336467
2.802	0.333533
2.805	0.330599
2.808	0.327666
2.811	0.324732
2.814	0.321798
2.817	0.318864
2.82	0.31593
2.823	0.312996
2.826	0.310063
2.829	0.307129
2.832	0.304195
2.835	0.301261
2.838	0.298328
2.841	0.295394
2.844	0.29246
2.847	0.289527
2.85	0.286593
2.853	0.28366
2.856	0.280726
2.859	0.277792
2.862	0.274859
2.865	0.271925
2.868	0.268992
2.871	0.266059
2.874	0.263125
2.877	0.260192
2.88	0.257258
2.883	0.254325
2.886	0.251392
2.889	0.248458
2.892	0.245525
2.895	0.242592
2.898	0.239659
2.901	0.236725
2.904	0.233792
2.907	0.230859
2.91	0.227926
2.913	0.224993
2.916	0.22206
2.919	0.219126
2.922	0.216193
2.925	0.21326
2.928	0.210327
2.931	0.207394
2.934	0.204461
2.937	0.201528
2.94	0.198595
2.943	0.195662
2.946	0.19273
2.949	0.189797
2.952	0.186864
2.955	0.183931
2.958	0.180998
2.961	0.178065
2.964	0.175133
2.967	0.1722
2.97	0.169267
2.973	0.166334
2.976	0.163402
2.979	0.160469
2.982	0.157537
2.985	0.154604
2.988	0.151671
2.991	0.148739
2.994	0.145806
2.997	0.142086
3	0.13807
3.003	0.135154
3.006	0.132237
3.009	0.12932
3.012	0.126404
3.015	0.123487
3.018	0.12057
3.021	0.117653
3.024	0.114737
3.027	0.11182
3.03	0.108903
3.033	0.105987
3.036	0.10307
3.039	0.100153
3.042	0.0972364
3.045	0.0943196
3.048	0.0914029
3.051	0.0884862
3.054	0.0855695
3.057	0.0826527
3.06	0.079736
3.063	0.0768193
3.066	0.0739026
3.069	0.0709859
3.072	0.0680692
3.075	0.0651525
3.078	0.0622357
3.081	0.059319
3.084	0.0564023
3.087	0.0534856
3.09	0.0505689
3.093	0.0476522
3.096	0.0447355
3.099	0.0418188
3.102	0.0389021
3.105	0.0359854
3.108	0.0330687
3.111	0.030152
3.114	0.0272353
3.117	0.0243186
3.12	0.0214019
3.123	0.0184852
3.126	0.0155685
3.129	0.0126518
3.132	0.00973513
3.135	0.00681845
3.138	0.00390176
3.141	0.00098507
3.144	-0.00193162
3.147	-0.0048483
3.15	-0.00776498
3.153	-0.0106817
3.156	-0.0135983
3.159	-0.016515
3.162	-0.0194317
3.165	-0.0223484
3.168	-0.0252651
3.171	-0.0281817
3.174	-0.0310984
3.177	-0.0340151
3.18	-0.0369318
3.183	-0.0398484
3.186	-0.0427651
3.189	-0.0456818
3.192	-0.0485984
3.195	-0.0515151
3.198	-0.0544318
3.201	-0.0573484
3.204	-0.0602651
3.207	-0.0631818
3.21	-0.0660984
3.213	-0.0690151
3.216	-0.0719317
3.219	-0.0748484
3.222	-0.077765
3.225	-0.0806817
3.228	-0.0835984
3.231	-0.086515
3.234	-0.0894317
3.237	-0.0923483
3.24	-0.095265
3.243	-0.0981816
3.246	-0.101098
3.249	-0.105101
3.252	-0.108867
3.255	-0.111823
3.258	-0.114779
3.261	-0.117736
3.264	-0.120692
3.267	-0.123648
3.27	-0.126604
3.273	-0.12956
3.276	-0.132517
3.279	-0.135473
3.282	-0.138429
3.285	-0.141386
3.288	-0.144342
3.291	-0.147298
3.294	-0.150254
3.297	-0.153211
3.3	-0.156167
3.303	-0.159123
3.306	-0.16208
3.309	-0.165036
3.312	-0.167992
3.315	-0.170949
3.318	-0.173905
3.321	-0.176862
3.324	-0.179818
3.327	-0.182774
3.33	-0.185731
3.333	-0.188687
3.336	-0.191644
3.339	-0.1946
3.342	-0.197557
3.345	-0.200513
3.348	-0.203469
3.351	-0.206426
3.354	-0.209382
3.357	-0.212339
3.36	-0.215295
3.363	-0.218252
3.366	-0.221208
3.369	-0.224165
3.372	-0.227121
3.375	-0.230078
3.378	-0.233035
3.381	-0.235991
3.384	-0.238948
3.387	-0.241904
3.39	-0.244861
3.393	-0.247817
3.396	-0.250774
3.399	-0.253731
3.402	-0.256687
3.405	-0.259644
3.408	-0.2626
3.411	-0.265557
3.414	-0.268514
3.417	-0.27147
3.42	-0.274427
3.423	-0.277384
3.426	-0.28034
3.429	-0.283297
3.432	-0.286254
3.435	-0.28921
3.438	-0.292167
3.441	-0.295124
3.444	-0.298081
3.447	-0.301037
3.45	-0.303994
3.453	-0.306951
3.456	-0.309908
3.459	-0.312864
3.462	-0.315821
3.465	-0.318778
3.468	-0.321735
3.471	-0.324692
3.474	-0.327648
3.477	-0.330605
3.48	-0.333562
3.483	-0.336519
3.486	-0.339476
3.489	-0.342433
3.492	-0.34539
3.495	-0.349309
3.498	-0.352662
3.501	-0.355251
3.504	-0.357839
3.507	-0.360428
3.51	-0.363016
3.513	-0.365605
3.516	-0.368193
3.519	-0.370782
3.522	-0.37337
3.525	-0.375959
3.528	-0.378547
3.531	-0.381136
3.534	-0.383724
3.537	-0.386313
3.54	-0.388901
3.543	-0.391489
3.546	-0.394078
3.549	-0.396666
3.552	-0.399255
3.555	-0.401843
3.558	-0.404432
3.561	-0.40702
3.564	-0.409609
3.567	-0.412197
3.57	-0.414786
3.573	-0.417374
3.576	-0.419963
3.579	-0.422551
3.582	-0.42514
3.585	-0.427728
3.588	-0.430316
3.591	-0.432905
3.594	-0.435493
3.597	-0.438082
3.6	-0.44067
3.603	-0.443259
3.606	-0.445847
3.609	-0.448436
3.612	-0.451024
3.615	-0.453612
3.618	-0.456201
3.621	-0.458789
3.624	-0.461378
3.627	-0.463966
3.63	-0.466555
3.633	-0.469143
3.636	-0.471731
3.639	-0.47432
3.642	-0.476908
3.645	-0.479497
3.648	-0.482085
3.651	-0.484674
3.654	-0.487262
3.657	-0.48985
3.66	-0.492439
3.663	-0.495027
3.666	-0.497616
3.669	-0.500204
3.672	-0.502792
3.675	-0.505381
3.678	-0.507969
3.681	-0.510558
3.684	-0.513146
3.687	-0.515734
3.69	-0.518323
3.693	-0.520911
3.696	-0.5235
3.699	-0.526088
3.702	-0.528676
3.705	-0.531265
3.708	-0.533853
3.711	-0.536441
3.714	-0.53903
3.717	-0.541618
3.72	-0.544207
3.723	-0.546795
3.726	-0.549383
3.729	-0.551972
3.732	-0.55456
3.735	-0.557148
3.738	-0.559737
3.741	-0.562325
3.744	-0.564907
3.747	-0.568461
3.75	-0.5712
3.753	-0.57347
3.756	-0.57574
3.759	-0.57801
3.762	-0.580281
3.765	-0.582551
3.768	-0.584821
3.771	-0.587091
3.774	-0.589361
3.777	-0.591631
3.78	-0.593902
3.783	-0.596172
3.786	-0.598442
3.789	-0.600712
3.792	-0.602983
3.795	-0.605253
3.798	-0.607523
3.801	-0.609794
3.804	-0.612064
3.807	-0.614334
3.81	-0.616605
3.813	-0.618875
3.816	-0.621146
3.819	-0.623416
3.822	-0.625687
3.825	-0.627957
3.828	-0.630228
3.831	-0.632498
3.834	-0.634769
3.837	-0.637039
3.84	-0.63931
3.843	-0.64158
3.846	-0.643851
3.849	-0.646122
3.852	-0.648392
3.855	-0.650663
3.858	-0.652934
3.861	-0.655204
3.864	-0.657475
3.867	-0.659746
3.87	-0.662017
3.873	-0.664287
3.876	-0.666558
3.879	-0.668829
3.882	-0.6711
3.885	-0.673371
3.888	-0.675641
3.891	-0.677912
3.894	-0.680183
3.897	-0.682454
3.9	-0.684725
3.903	-0.686996
3.906	-0.689267
3.909	-0.691538
3.912	-0.693809
3.915	-0.69608
3.918	-0.698351
3.921	-0.700622
3.924	-0.702893
3.927	-0.705164
3.93	-0.707435
3.933	-0.709706
3.936	-0.711977
3.939	-0.714249
3.942	-0.71652
3.945	-0.718791
3.948	-0.721062
3.951	-0.723333
3.954	-0.725605
3.957	-0.727876
3.96	-0.730147
3.963	-0.732419
3.966	-0.73469
3.969	-0.736961
3.972	-0.739232
3.975	-0.741504
3.978	-0.743775
3.981	-0.746047
3.984	-0.748318
3.987	-0.750589
3.99	-0.752861
3.993	-0.755132
3.996	-0.755547
3.999	-0.756244
4.002	-0.757939
4.005	-0.759635
4.008	-0.76133
4.011	-0.763025
4.014	-0.76472
4.017	-0.766416
4.02	-0.768111
4.023	-0.769806
4.026	-0.771501
4.029	-0.773197
4.032	-0.774892
4.035	-0.776587
4.038	-0.778282
4.041	-0.779978
4.044	-0.781673
4.047	-0.783368
4.05	-0.785063
4.053	-0.786759
4.056	-0.788454
4.059	-0.790149
4.062	-0.791844
4.065	-0.79354
4.068	-0.795235
4.071	-0.79693
4.074	-0.798625
4.077	-0.800321
4.08	-0.802016
4.083	-0.803711
4.086	-0.805407
4.089	-0.807102
4.092	-0.808797
4.095	-0.810492
4.098	-0.812188
4.101	-0.813883
4.104	-0.815578
4.107	-0.817274
4.11	-0.818969
4.113	-0.820664
4.116	-0.82236
4.119	-0.824055
4.122	-0.82575
4.125	-0.827445
4.128	-0.829141
4.131	-0.830836
4.134	-0.832531
4.137	-0.834227
4.14	-0.835922
4.143	-0.837617
4.146	-0.839313
4.149	-0.841008
4.152	-0.842703
4.155	-0.844399
4.158	-0.846094
4.161	-0.847789
4.164	-0.849485
4.167	-0.85118
4.17	-0.852875
4.173	-0.854571
4.176	-0.856266
4.179	-0.857961
4.182	-0.859657
4.185	-0.861352
4.188	-0.863048
4.191	-0.864743
4.194	-0.866438
4.197	-0.868134
4.2	-0.869829
4.203	-0.871524
4.206	-0.87322
4.209	-0.874915
4.212	-0.876611
4.215	-0.878306
4.218	-0.880001
4.221	-0.881697
4.224	-0.883392
4.227	-0.885087
4.23	-0.886783
4.233	-0.888478
4.236	-0.890174
4.239	-0.891869
4.242	-0.893564
4.245	-0.895612
4.248	-0.896875
4.251	-0.897852
4.254	-0.898828
4.257	-0.899805
4.26	-0.900782
4.263	-0.901759
4.266	-0.902736
4.269	-0.903712
4.272	-0.904689
4.275	-0.905666
4.278	-0.906643
4.281	-0.90762
4.284	-0.908597
4.287	-0.909573
4.29	-0.91055
4.293	-0.911527
4.296	-0.912504
4.299	-0.913481
4.302	-0.914458
4.305	-0.915434
4.308	-0.916411
4.311	-0.917388
4.314	-0.918365
4.317	-0.919342
4.32	-0.920318
4.323	-0.921295
4.326	-0.922272
4.329	-0.923249
4.332	-0.924226
4.335	-0.925202
4.338	-0.926179
4.341	-0.927156
4.344	-0.928133
4.347	-0.92911
4.35	-0.930086
4.353	-0.931063
4.356	-0.93204
4.359	-0.933017
4.362	-0.933994
4.365	-0.93497
4.368	-0.935947
4.371	-0.936924
4.374	-0.937901
4.377	-0.938878
4.38	-0.939854
4.383	-0.940831
4.386	-0.941808
4.389	-0.942785
4.392	-0.943762
4.395	-0.944738
4.398	-0.945715
4.401	-0.946692
4.404	-0.947669
4.407	-0.948646
4.41	-0.949622
4.413	-0.950599
4.416	-0.951576
4.419	-0.952553
4.422	-0.95353
4.425	-0.954506
4.428	-0.955483
4.431	-0.95646
4.434	-0.957437
4.437	-0.958413
4.44	-0.95939
4.443	-0.960367
4.446	-0.961344
4.449	-0.962321
4.452	-0.963297
4.455	-0.964274
4.458	-0.965251
4.461	-0.966228
4.464	-0.967204
4.467	-0.968181
4.47	-0.969158
4.473	-0.970135
4.476	-0.971112
4.479	-0.972088
4.482	-0.973065
4.485	-0.974042
4.488	-0.975019
4.491	-0.975995
4.494	-0.976971
4.497	-0.978029
4.5	-0.978511
4.503	-0.978791
4.506	-0.979072
4.509	-0.979352
4.512	-0.979633
4.515	-0.979913
4.518	-0.980194
4.521	-0.980474
4.524	-0.980755
4.527	-0.981035
4.53	-0.981316
4.533	-0.981596
4.536	-0.981877
4.539	-0.982157
4.542	-0.982438
4.545	-0.982718
4.548	-0.982999
4.551	-0.983279
4.554	-0.98356
4.557	-0.98384
4.56	-0.984121
4.563	-0.984401
4.566	-0.984682
4.569	-0.984962
4.572	-0.985243
4.575	-0.985523
4.578	-0.985804
4.581	-0.986084
4.584	-0.986365
4.587	-0.986645
4.59	-0.986926
4.593	-0.987206
4.596	-0.987487
4.599	-0.987767
4.602	-0.988048
4.605	-0.988328
4.608	-0.988609
4.611	-0.988889
4.614	-0.98917
4.617	-0.98945
4.62	-0.989731
4.623	-0.990011
4.626	-0.990292
4.629	-0.990573
4.632	-0.990853
4.635	-0.991134
4.638	-0.991414
4.641	-0.991695
4.644	-0.991975
4.647	-0.992256
4.65	-0.992536
4.653	-0.992817
4.656	-0.993097
4.659	-0.993378
4.662	-0.993658
4.665	-0.993939
4.668	-0.994219
4.671	-0.9945
4.674	-0.99478
4.677	-0.995061
4.68	-0.995341
4.683	-0.995622
4.686	-0.995902
4.689	-0.996183
4.692	-0.996463
4.695	-0.996744
4.698	-0.997024
4.701	-0.997305
4.704	-0.997586
4.707	-0.997866
4.71	-0.998147
4.713	-0.998427
4.716	-0.998708
4.719	-0.998988
4.722	-0.999269
4.725	-0.999549
4.728	-0.99983
4.731	-1.00011
4.734	-1.00039
4.737	-1.00067
4.74	-1.00095
4.743	-1.00123
4.746	-1.0013
4.749	-1.00119
4.752	-1.0007
4.755	-1.00022
4.758	-0.999737
4.761	-0.999254
4.764	-0.99877
4.767	-0.998286
4.77	-0.997803
4.773	-0.997319
4.776	-0.996835
4.779	-0.996352
4.782	-0.995868
4.785	-0.995384
4.788	-0.994901
4.791	-0.994417
4.794	-0.993934
4.797	-0.99345
4.8	-0.992966
4.803	-0.992483
4.806	-0.991999
4.809	-0.991515
4.812	-0.991032
4.815	-0.990548
4.818	-0.990065
4.821	-0.989581
4.824	-0.989097
4.827	-0.988614
4.83	-0.98813
4.833	-0.987646
4.836	-0.987163
4.839	-0.986679
4.842	-0.986196
4.845	-0.985712
4.848	-0.985228
4.851	-0.984745
4.854	-0.984261
4.857	-0.983777
4.86	-0.983294
4.863	-0.98281
4.866	-0.982327
4.869	-0.981843
4.872	-0.981359
4.875	-0.980876
4.878	-0.980392
4.881	-0.979909
4.884	-0.979425
4.887	-0.978941
4.89	-0.978458
4.893	-0.977974
4.896	-0.977491
4.899	-0.977007
4.902	-0.976523
4.905	-0.97604
4.908	-0.975556
4.911	-0.975073
4.914	-0.974589
4.917	-0.974106
4.92	-0.973622
4.923	-0.973138
4.926	-0.972655
4.929	-0.972171
4.932	-0.971688
4.935	-0.971204
4.938	-0.97072
4.941	-0.970237
4.944	-0.969753
4.947	-0.96927
4.95	-0.968786
4.953	-0.968303
4.956	-0.967819
4.959	-0.967335
4.962	-0.966852
4.965	-0.966368
4.968	-0.965885
4.971	-0.965401
4.974	-0.964918
4.977	-0.964434
4.98	-0.963951
4.983	-0.963467
4.986	-0.962983
4.989	-0.9625
4.992	-0.962016
4.995	-0.961307
4.998	-0.959997
5.001	-0.958839
5.004	-0.95768
5.007	-0.956521
5.01	-0.955361
5.013	-0.954202
5.016	-0.953043
5.019	-0.951883
5.022	-0.950724
5.025	-0.949565
5.028	-0.948405
5.031	-0.947246
5.034	-0.946087
5.037	-0.944928
5.04	-0.943768
5.043	-0.942609
5.046	-0.94145
5.049	-0.94029
5.052	-0.939131
5.055	-0.937972
5.058	-0.936812
5.061	-0.935653
5.064	-0.934494
5.067	-0.933334
5.07	-0.932175
5.073	-0.931016
5.076	-0.929856
5.079	-0.928697
5.082	-0.927538
5.085	-0.926378
5.088	-0.925219
5.091	-0.92406
5.094	-0.9229
5.097	-0.921741
5.1	-0.920582
5.103	-0.919422
5.106	-0.918263
5.109	-0.917104
5.112	-0.915944
5.115	-0.914785
5.118	-0.913626
5.121	-0.912466
5.124	-0.911307
5.127	-0.910148
5.13	-0.908988
5.133	-0.907829
5.136	-0.906669
5.139	-0.90551
5.142	-0.904351
5.145	-0.903191
5.148	-0.902032
5.151	-0.900873
5.154	-0.899713
5.157	-0.898554
5.16	-0.897395
5.163	-0.896235
5.166	-0.895076
5.169	-0.893917
5.172	-0.892757
5.175	-0.891598
5.178	-0.890439
5.181	-0.889279
5.184	-0.88812
5.187	-0.88696
5.19	-0.885801
5.193	-0.884642
5.196	-0.883482
5.199	-0.882323
5.202	-0.881164
5.205	-0.880004
5.208	-0.878845
5.211	-0.877686
5.214	-0.876526
5.217	-0.875367
5.22	-0.874207
5.223	-0.873048
5.226	-0.871889
5.229	-0.870729
5.232	-0.86957
5.235	-0.868411
5.238	-0.867251
5.241	-0.866092
5.244	-0.864932
5.247	-0.86346
5.25	-0.861171
5.253	-0.859313
5.256	-0.857454
5.259	-0.855596
5.262	-0.853738
5.265	-0.85188
5.268	-0.850022
5.271	-0.848164
5.274	-0.846306
5.277	-0.844448
5.28	-0.84259
5.283	-0.840732
5.286	-0.838874
5.289	-0.837016
5.292	-0.835158
5.295	-0.8333
5.298	-0.831442
5.301	-0.829584
5.304	-0.827726
5.307	-0.825869
5.31	-0.824011
5.313	-0.822153
5.316	-0.820295
5.319	-0.818437
5.322	-0.816579
5.325	-0.814721
5.328	-0.812864
5.331	-0.811006
5.334	-0.809148
5.337	-0.80729
5.34	-0.805432
5.343	-0.803575
5.346	-0.801717
5.349	-0.799859
5.352	-0.798002
5.355	-0.796144
5.358	-0.794286
5.361	-0.792429
5.364	-0.790571
5.367	-0.788713
5.37	-0.786856
5.373	-0.784998
5.376	-0.78314
5.379	-0.781283
5.382	-0.779425
5.385	-0.777568
5.388	-0.77571
5.391	-0.773853
5.394	-0.771995
5.397	-0.770137
5.4	-0.76828
5.403	-0.766422
5.406	-0.764565
5.409	-0.762708
5.412	-0.76085
5.415	-0.758993
5.418	-0.757135
5.421	-0.755278
5.424	-0.75342
5.427	-0.751563
5.43	-0.749706
5.433	-0.747848
5.436	-0.745991
5.439	-0.744133
5.442	-0.742276
5.445	-0.740419
5.448	-0.738562
5.451	-0.736704
5.454	-0.734847
5.457	-0.73299
5.46	-0.731132
5.463	-0.729275
5.466	-0.727418
5.469	-0.725561
5.472	-0.723704
5.475	-0.721846
5.478	-0.719989
5.481	-0.718132
5.484	-0.716275
5.487	-0.714418
5.49	-0.712561
5.493	-0.710328
5.496	-0.707259
5.499	-0.704968
5.502	-0.702671
5.505	-0.700374
5.508	-0.698077
5.511	-0.69578
5.514	-0.693483
5.517	-0.691186
5.52	-0.688889
5.523	-0.686592
5.526	-0.684295
5.529	-0.681998
5.532	-0.679701
5.535	-0.677404
5.538	-0.675107
5.541	-0.67281
5.544	-0.670513
5.547	-0.668216
5.55	-0.665919
5.553	-0.663621
5.556	-0.661324
5.559	-0.659027
5.562	-0.65673
5.565	-0.654433
5.568	-0.652136
5.571	-0.649839
5.574	-0.647542
5.577	-0.645245
5.58	-0.642948
5.583	-0.64065
5.586	-0.638353
5.589	-0.636056
5.592	-0.633759
5.595	-0.631462
5.598	-0.629165
5.601	-0.626868
5.604	-0.624571
5.607	-0.622273
5.61	-0.619976
5.613	-0.617679
5.616	-0.615382
5.619	-0.613085
5.622	-0.610788
5.625	-0.608491
5.628	-0.606193
5.631	-0.603896
5.634	-0.601599
5.637	-0.599302
5.64	-0.597005
5.643	-0.594707
5.646	-0.59241
5.649	-0.590113
5.652	-0.587816
5.655	-0.585519
5.658	-0.583221
5.661	-0.580924
5.664	-0.578627
5.667	-0.57633
5.67	-0.574033
5.673	-0.571735
5.676	-0.569438
5.679	-0.567141
5.682	-0.564844
5.685	-0.562546
5.688	-0.560249
5.691	-0.557952
5.694	-0.555655
5.697	-0.553357
5.7	-0.55106
5.703	-0.548763
5.706	-0.546466
5.709	-0.544168
5.712	-0.541871
5.715	-0.539574
5.718	-0.537276
5.721	-0.534979
5.724	-0.532682
5.727	-0.530385
5.73	-0.528087
5.733	-0.52579
5.736	-0.523493
5.739	-0.521195
5.742	-0.518898
5.745	-0.51598
5.748	-0.512294
5.751	-0.50951
5.754	-0.506726
5.757	-0.503942
5.76	-0.501158
5.763	-0.498374
5.766	-0.495591
5.769	-0.492807
5.772	-0.490023
5.775	-0.487239
5.778	-0.484455
5.781	-0.481671
5.784	-0.478888
5.787	-0.476104
5.79	-0.47332
5.793	-0.470536
5.796	-0.467752
5.799	-0.464969
5.802	-0.462185
5.805	-0.459401
5.808	-0.456617
5.811	-0.453834
5.814	-0.45105
5.817	-0.448266
5.82	-0.445483
5.823	-0.442699
5.826	-0.439915
5.829	-0.437131
5.832	-0.434348
5.835	-0.431564
5.838	-0.42878
5.841	-0.425997
5.844	-0.423213
5.847	-0.42043
5.85	-0.417646
5.853	-0.414862
5.856	-0.412079
5.859	-0.409295
5.862	-0.406512
5.865	-0.403728
5.868	-0.400944
5.871	-0.398161
5.874	-0.395377
5.877	-0.392594
5.88	-0.38981
5.883	-0.387027
5.886	-0.384243
5.889	-0.38146
5.892	-0.378676
5.895	-0.375893
5.898	-0.373109
5.901	-0.370326
5.904	-0.367542
5.907	-0.364759
5.91	-0.361975
5.913	-0.359192
5.916	-0.356408
5.919	-0.353625
5.922	-0.350842
5.925	-0.348058
5.928	-0.345275
5.931	-0.342491
5.934	-0.339708
5.937	-0.336925
5.94	-0.334141
5.943	-0.331358
5.946	-0.328575
5.949	-0.325791
5.952	-0.323008
5.955	-0.320225
5.958	-0.317441
5.961	-0.314658
5.964	-0.311875
5.967	-0.309091
5.97	-0.306308
5.973	-0.303525
5.976	-0.300742
5.979	-0.297958
5.982	-0.295175
5.985	-0.292392
5.988	-0.289609
5.991	-0.286825
5.994	-0.285684
5.997	-0.285684
