 Location  Dispersion    Centroids   Volume
-2.28357e-05   0.249874   0.00025979   0.999987
0.251751   0.249815   0.249377   0.999982
0.497764   0.249809   0.478891   0.999985
0.749607   0.249895   0.682895   0.999995
1.00163   0.249911   0.843902   1.00001
1.24779   0.249901   0.950286   1.00002
1.49994   0.249932   0.999369   1.00002
1.74614   0.249934   0.986498   1.00002
1.9983   0.249921   0.911853   1.00002
2.25032   0.249852   0.779775   1
2.49641   0.249867   0.602436   0.999998
2.74827   0.249876   0.384197   0.999979
3.00001   0.249797   0.141775   0.999979
3.246   0.249792   -0.104823   0.999977
3.4977   0.249824   -0.349135   0.999984
3.74372   0.249818   -0.567995   0.999989
3.99561   0.249902   -0.755583   1
4.24768   0.249921   -0.895593   1.00002
4.49385   0.249913   -0.978199   1.00002
4.74603   0.249935   -1.00136   1.00003
4.99819   0.249905   -0.961431   1.00002
5.24435   0.249912   -0.863388   1.00001
5.49632   0.249836   -0.709971   0.999996
5.74239   0.249854   -0.515731   0.999993
5.99413   0.249813   -0.285699   0.999962
