  x   	 	   y   	 	V[Z|X= x, Y= y]
0	0	387.931
0.006414	0.006414	388.26
0.012828	0.012828	388.59
0.019242	0.019242	388.923
0.025656	0.025656	389.258
0.03207	0.03207	389.594
0.038484	0.038484	389.932
0.044898	0.044898	390.272
0.051312	0.051312	390.613
0.057726	0.057726	390.957
0.06414	0.06414	391.302
0.070554	0.070554	391.649
0.076968	0.076968	391.998
0.083382	0.083382	392.349
0.089796	0.089796	392.702
0.09621	0.09621	393.056
0.102624	0.102624	393.412
0.109038	0.109038	393.77
0.115452	0.115452	394.13
0.121866	0.121866	394.492
0.12828	0.12828	394.856
0.134694	0.134694	395.222
0.141108	0.141108	395.589
0.147522	0.147522	395.958
0.153936	0.153936	396.33
0.16035	0.16035	396.703
0.166764	0.166764	397.078
0.173178	0.173178	397.455
0.179592	0.179592	397.833
0.186006	0.186006	398.214
0.19242	0.19242	398.597
0.198834	0.198834	398.981
0.205248	0.205248	399.367
0.211662	0.211662	399.756
0.218076	0.218076	400.146
0.22449	0.22449	400.538
0.230904	0.230904	400.932
0.237318	0.237318	401.328
0.243732	0.243732	401.726
0.250146	0.250146	402.126
0.25656	0.25656	402.528
0.262974	0.262974	402.932
0.269388	0.269388	403.338
0.275802	0.275802	403.746
0.282216	0.282216	404.155
0.28863	0.28863	404.567
0.295044	0.295044	404.981
0.301458	0.301458	405.396
0.307872	0.307872	405.814
0.314286	0.314286	406.234
0.3207	0.3207	406.656
0.327114	0.327114	407.079
0.333528	0.333528	407.505
0.339942	0.339942	407.933
0.346356	0.346356	408.363
0.35277	0.35277	408.794
0.359184	0.359184	409.228
0.365598	0.365598	409.664
0.372012	0.372012	410.102
0.378426	0.378426	410.542
0.38484	0.38484	410.984
0.391254	0.391254	411.428
0.397668	0.397668	411.874
0.404082	0.404082	412.323
0.410496	0.410496	412.773
0.41691	0.41691	413.226
0.423324	0.423324	413.68
0.429738	0.429738	414.137
0.436152	0.436152	414.596
0.442566	0.442566	415.057
0.44898	0.44898	415.52
0.455394	0.455394	415.985
0.461808	0.461808	416.452
0.468222	0.468222	416.922
0.474636	0.474636	417.393
0.48105	0.48105	417.867
0.487464	0.487464	418.343
0.493878	0.493878	418.821
0.500292	0.500292	419.301
0.506706	0.506706	419.784
0.51312	0.51312	420.268
0.519534	0.519534	420.755
0.525948	0.525948	421.244
0.532362	0.532362	421.735
0.538776	0.538776	422.229
0.54519	0.54519	422.725
0.551604	0.551604	423.223
0.558018	0.558018	423.723
0.564432	0.564432	424.225
0.570846	0.570846	424.73
0.57726	0.57726	425.237
0.583674	0.583674	425.746
0.590088	0.590088	426.258
0.596502	0.596502	426.771
0.602916	0.602916	427.288
0.60933	0.60933	427.806
0.615744	0.615744	428.327
0.622158	0.622158	428.85
0.628572	0.628572	429.375
0.634986	0.634986	429.903
0.6414	0.6414	430.433
0.647814	0.647814	430.965
0.654228	0.654228	431.5
0.660642	0.660642	432.037
0.667056	0.667056	432.577
0.67347	0.67347	433.119
0.679884	0.679884	433.663
0.686298	0.686298	434.21
0.692712	0.692712	434.759
0.699126	0.699126	435.311
0.70554	0.70554	435.865
0.711954	0.711954	436.421
0.718368	0.718368	436.98
0.724782	0.724782	437.541
0.731196	0.731196	438.105
0.73761	0.73761	438.672
0.744024	0.744024	439.241
0.750438	0.750438	439.812
0.756852	0.756852	440.386
0.763266	0.763266	440.962
0.76968	0.76968	441.541
0.776094	0.776094	442.122
0.782508	0.782508	442.706
0.788922	0.788922	443.293
0.795336	0.795336	443.882
0.80175	0.80175	444.474
0.808164	0.808164	445.068
0.814578	0.814578	445.665
0.820992	0.820992	446.265
0.827406	0.827406	446.867
0.83382	0.83382	447.472
0.840234	0.840234	448.079
0.846648	0.846648	448.689
0.853062	0.853062	449.302
0.859476	0.859476	449.917
0.86589	0.86589	450.536
0.872304	0.872304	451.157
0.878718	0.878718	451.78
0.885132	0.885132	452.406
0.891546	0.891546	453.035
0.89796	0.89796	453.667
0.904374	0.904374	454.302
0.910788	0.910788	454.939
0.917202	0.917202	455.579
0.923616	0.923616	456.222
0.93003	0.93003	456.868
0.936444	0.936444	457.517
0.942858	0.942858	458.168
0.949272	0.949272	458.822
0.955686	0.955686	459.48
0.9621	0.9621	460.14
0.968514	0.968514	460.803
0.974928	0.974928	461.468
0.981342	0.981342	462.137
0.987756	0.987756	462.809
0.99417	0.99417	463.484
1.00058	1.00058	464.161
1.007	1.007	464.842
1.01341	1.01341	465.525
1.01983	1.01983	466.212
1.02624	1.02624	466.901
1.03265	1.03265	467.594
1.03907	1.03907	468.29
1.04548	1.04548	468.988
1.0519	1.0519	469.69
1.05831	1.05831	470.395
1.06472	1.06472	471.103
1.07114	1.07114	471.814
1.07755	1.07755	472.529
1.08397	1.08397	473.246
1.09038	1.09038	473.966
1.09679	1.09679	474.69
1.10321	1.10321	475.417
1.10962	1.10962	476.147
1.11604	1.11604	476.881
1.12245	1.12245	477.617
1.12886	1.12886	478.357
1.13528	1.13528	479.101
1.14169	1.14169	479.847
1.14811	1.14811	480.597
1.15452	1.15452	481.35
1.16093	1.16093	482.107
1.16735	1.16735	482.866
1.17376	1.17376	483.63
1.18018	1.18018	484.396
1.18659	1.18659	485.166
1.193	1.193	485.94
1.19942	1.19942	486.717
1.20583	1.20583	487.497
1.21225	1.21225	488.281
1.21866	1.21866	489.068
1.22507	1.22507	489.859
1.23149	1.23149	490.654
1.2379	1.2379	491.452
1.24432	1.24432	492.254
1.25073	1.25073	493.059
1.25714	1.25714	493.868
1.26356	1.26356	494.68
1.26997	1.26997	495.496
1.27639	1.27639	496.316
1.2828	1.2828	497.14
1.28921	1.28921	497.967
1.29563	1.29563	498.798
1.30204	1.30204	499.633
1.30846	1.30846	500.471
1.31487	1.31487	501.314
1.32128	1.32128	502.16
1.3277	1.3277	503.01
1.33411	1.33411	503.864
1.34053	1.34053	504.721
1.34694	1.34694	505.583
1.35335	1.35335	506.449
1.35977	1.35977	507.318
1.36618	1.36618	508.192
1.3726	1.3726	509.069
1.37901	1.37901	509.951
1.38542	1.38542	510.836
1.39184	1.39184	511.726
1.39825	1.39825	512.62
1.40467	1.40467	513.518
1.41108	1.41108	514.42
1.41749	1.41749	515.326
1.42391	1.42391	516.236
1.43032	1.43032	517.15
1.43674	1.43674	518.069
1.44315	1.44315	518.992
1.44956	1.44956	519.919
1.45598	1.45598	520.851
1.46239	1.46239	521.787
1.46881	1.46881	522.727
1.47522	1.47522	523.672
1.48163	1.48163	524.621
1.48805	1.48805	525.574
1.49446	1.49446	526.532
1.50088	1.50088	527.494
1.50729	1.50729	528.461
1.5137	1.5137	529.432
1.52012	1.52012	530.408
1.52653	1.52653	531.389
1.53295	1.53295	532.374
1.53936	1.53936	533.363
1.54577	1.54577	534.358
1.55219	1.55219	535.357
1.5586	1.5586	536.361
1.56502	1.56502	537.369
1.57143	1.57143	538.382
1.57784	1.57784	539.4
1.58426	1.58426	540.423
1.59067	1.59067	541.451
1.59709	1.59709	542.484
1.6035	1.6035	543.521
1.60991	1.60991	544.563
1.61633	1.61633	545.611
1.62274	1.62274	546.663
1.62916	1.62916	547.721
1.63557	1.63557	548.783
1.64198	1.64198	549.851
1.6484	1.6484	550.923
1.65481	1.65481	552.001
1.66123	1.66123	553.084
1.66764	1.66764	554.172
1.67405	1.67405	555.265
1.68047	1.68047	556.364
1.68688	1.68688	557.468
1.6933	1.6933	558.577
1.69971	1.69971	559.692
1.70612	1.70612	560.812
1.71254	1.71254	561.937
1.71895	1.71895	563.068
1.72537	1.72537	564.204
1.73178	1.73178	565.346
1.73819	1.73819	566.493
1.74461	1.74461	567.646
1.75102	1.75102	568.805
1.75744	1.75744	569.969
1.76385	1.76385	571.138
1.77026	1.77026	572.314
1.77668	1.77668	573.495
1.78309	1.78309	574.682
1.78951	1.78951	575.875
1.79592	1.79592	577.073
1.80233	1.80233	578.278
1.80875	1.80875	579.488
1.81516	1.81516	580.705
1.82158	1.82158	581.927
1.82799	1.82799	583.155
1.8344	1.8344	584.389
1.84082	1.84082	585.63
1.84723	1.84723	586.876
1.85365	1.85365	588.129
1.86006	1.86006	589.387
1.86647	1.86647	590.652
1.87289	1.87289	591.924
1.8793	1.8793	593.201
1.88572	1.88572	594.485
1.89213	1.89213	595.775
1.89854	1.89854	597.071
1.90496	1.90496	598.374
1.91137	1.91137	599.684
1.91779	1.91779	601
1.9242	1.9242	602.322
1.93061	1.93061	603.651
1.93703	1.93703	604.986
1.94344	1.94344	606.329
1.94986	1.94986	607.677
1.95627	1.95627	609.033
1.96268	1.96268	610.395
1.9691	1.9691	611.764
1.97551	1.97551	613.14
1.98193	1.98193	614.523
1.98834	1.98834	615.912
1.99475	1.99475	617.309
2.00117	2.00117	618.712
2.00758	2.00758	620.123
2.014	2.014	621.54
2.02041	2.02041	622.965
2.02682	2.02682	624.397
2.03324	2.03324	625.835
2.03965	2.03965	627.281
2.04607	2.04607	628.735
2.05248	2.05248	630.195
2.05889	2.05889	631.663
2.06531	2.06531	633.138
2.07172	2.07172	634.621
2.07814	2.07814	636.11
2.08455	2.08455	637.608
2.09096	2.09096	639.113
2.09738	2.09738	640.625
2.10379	2.10379	642.145
2.11021	2.11021	643.672
2.11662	2.11662	645.208
2.12303	2.12303	646.75
2.12945	2.12945	648.301
2.13586	2.13586	649.859
2.14228	2.14228	651.425
2.14869	2.14869	652.999
2.1551	2.1551	654.581
2.16152	2.16152	656.171
2.16793	2.16793	657.768
2.17435	2.17435	659.374
2.18076	2.18076	660.987
2.18717	2.18717	662.609
2.19359	2.19359	664.239
2.2	2.2	665.877
2.20642	2.20642	667.523
2.21283	2.21283	669.177
2.21924	2.21924	670.839
2.22566	2.22566	672.51
2.23207	2.23207	674.189
2.23849	2.23849	675.876
2.2449	2.2449	677.572
2.25131	2.25131	679.276
2.25773	2.25773	680.989
2.26414	2.26414	682.71
2.27056	2.27056	684.44
2.27697	2.27697	686.178
2.28338	2.28338	687.925
2.2898	2.2898	689.681
2.29621	2.29621	691.445
2.30263	2.30263	693.218
2.30904	2.30904	694.999
2.31545	2.31545	696.79
2.32187	2.32187	698.589
2.32828	2.32828	700.397
2.3347	2.3347	702.214
2.34111	2.34111	704.04
2.34752	2.34752	705.875
2.35394	2.35394	707.719
2.36035	2.36035	709.572
2.36677	2.36677	711.434
2.37318	2.37318	713.305
2.37959	2.37959	715.185
2.38601	2.38601	717.075
2.39242	2.39242	718.973
2.39884	2.39884	720.881
2.40525	2.40525	722.798
2.41166	2.41166	724.725
2.41808	2.41808	726.66
2.42449	2.42449	728.606
2.43091	2.43091	730.56
2.43732	2.43732	732.524
2.44373	2.44373	734.497
2.45015	2.45015	736.48
2.45656	2.45656	738.472
2.46298	2.46298	740.474
2.46939	2.46939	742.486
2.4758	2.4758	744.507
2.48222	2.48222	746.538
2.48863	2.48863	748.578
2.49505	2.49505	750.628
2.50146	2.50146	752.688
2.50787	2.50787	754.757
2.51429	2.51429	756.836
2.5207	2.5207	758.925
2.52712	2.52712	761.024
2.53353	2.53353	763.133
2.53994	2.53994	765.252
2.54636	2.54636	767.38
2.55277	2.55277	769.518
2.55919	2.55919	771.667
2.5656	2.5656	773.825
2.57201	2.57201	775.993
2.57843	2.57843	778.172
2.58484	2.58484	780.36
2.59126	2.59126	782.558
2.59767	2.59767	784.767
2.60408	2.60408	786.985
2.6105	2.6105	789.214
2.61691	2.61691	791.453
2.62333	2.62333	793.702
2.62974	2.62974	795.961
2.63615	2.63615	798.23
2.64257	2.64257	800.509
2.64898	2.64898	802.799
2.6554	2.6554	805.099
2.66181	2.66181	807.409
2.66822	2.66822	809.729
2.67464	2.67464	812.06
2.68105	2.68105	814.401
2.68747	2.68747	816.752
2.69388	2.69388	819.114
2.70029	2.70029	821.485
2.70671	2.70671	823.868
2.71312	2.71312	826.26
2.71954	2.71954	828.663
2.72595	2.72595	831.076
2.73236	2.73236	833.499
2.73878	2.73878	835.933
2.74519	2.74519	838.377
2.75161	2.75161	840.831
2.75802	2.75802	843.296
2.76443	2.76443	845.771
2.77085	2.77085	848.256
2.77726	2.77726	850.752
2.78368	2.78368	853.258
2.79009	2.79009	855.775
2.7965	2.7965	858.302
2.80292	2.80292	860.839
2.80933	2.80933	863.386
2.81575	2.81575	865.944
2.82216	2.82216	868.512
2.82857	2.82857	871.091
2.83499	2.83499	873.68
2.8414	2.8414	876.279
2.84782	2.84782	878.889
2.85423	2.85423	881.509
2.86064	2.86064	884.139
2.86706	2.86706	886.78
2.87347	2.87347	889.431
2.87989	2.87989	892.092
2.8863	2.8863	894.764
2.89271	2.89271	897.446
2.89913	2.89913	900.139
2.90554	2.90554	902.841
2.91196	2.91196	905.554
2.91837	2.91837	908.278
2.92478	2.92478	911.011
2.9312	2.9312	913.755
2.93761	2.93761	916.509
2.94403	2.94403	919.273
2.95044	2.95044	922.047
2.95685	2.95685	924.832
2.96327	2.96327	927.626
2.96968	2.96968	930.43
2.9761	2.9761	933.244
2.98251	2.98251	936.069
2.98892	2.98892	938.903
2.99534	2.99534	941.747
3.00175	3.00175	944.601
3.00817	3.00817	947.464
3.01458	3.01458	950.337
3.02099	3.02099	953.22
3.02741	3.02741	956.113
3.03382	3.03382	959.015
3.04024	3.04024	961.927
3.04665	3.04665	964.848
3.05306	3.05306	967.779
3.05948	3.05948	970.719
3.06589	3.06589	973.669
3.07231	3.07231	976.627
3.07872	3.07872	979.596
3.08513	3.08513	982.573
3.09155	3.09155	985.56
3.09796	3.09796	988.555
3.10438	3.10438	991.56
3.11079	3.11079	994.574
3.1172	3.1172	997.597
3.12362	3.12362	1000.63
3.13003	3.13003	1003.67
3.13645	3.13645	1006.72
3.14286	3.14286	1009.78
3.14927	3.14927	1012.84
3.15569	3.15569	1015.92
3.1621	3.1621	1019
3.16852	3.16852	1022.1
3.17493	3.17493	1025.2
3.18134	3.18134	1028.31
3.18776	3.18776	1031.43
3.19417	3.19417	1034.55
3.20059	3.20059	1037.69
3.207	3.207	1040.83
3.21341	3.21341	1043.98
3.21983	3.21983	1047.14
3.22624	3.22624	1050.3
3.23266	3.23266	1053.48
3.23907	3.23907	1056.66
3.24548	3.24548	1059.85
3.2519	3.2519	1063.05
3.25831	3.25831	1066.25
3.26473	3.26473	1069.46
3.27114	3.27114	1072.68
3.27755	3.27755	1075.91
3.28397	3.28397	1079.14
3.29038	3.29038	1082.38
3.2968	3.2968	1085.63
3.30321	3.30321	1088.88
3.30962	3.30962	1092.14
3.31604	3.31604	1095.41
3.32245	3.32245	1098.68
3.32887	3.32887	1101.96
3.33528	3.33528	1105.25
3.34169	3.34169	1108.54
3.34811	3.34811	1111.84
3.35452	3.35452	1115.15
3.36094	3.36094	1118.46
3.36735	3.36735	1121.78
3.37376	3.37376	1125.1
3.38018	3.38018	1128.43
3.38659	3.38659	1131.76
3.39301	3.39301	1135.1
3.39942	3.39942	1138.44
3.40583	3.40583	1141.79
3.41225	3.41225	1145.15
3.41866	3.41866	1148.51
3.42508	3.42508	1151.87
3.43149	3.43149	1155.24
3.4379	3.4379	1158.61
3.44432	3.44432	1161.99
3.45073	3.45073	1165.37
3.45715	3.45715	1168.76
3.46356	3.46356	1172.15
3.46997	3.46997	1175.55
3.47639	3.47639	1178.94
3.4828	3.4828	1182.35
3.48922	3.48922	1185.75
3.49563	3.49563	1189.16
3.50204	3.50204	1192.57
3.50846	3.50846	1195.99
3.51487	3.51487	1199.41
3.52129	3.52129	1202.83
3.5277	3.5277	1206.25
3.53411	3.53411	1209.68
3.54053	3.54053	1213.11
3.54694	3.54694	1216.54
3.55336	3.55336	1219.98
3.55977	3.55977	1223.41
3.56618	3.56618	1226.85
3.5726	3.5726	1230.29
3.57901	3.57901	1233.73
3.58543	3.58543	1237.18
3.59184	3.59184	1240.62
3.59825	3.59825	1244.07
3.60467	3.60467	1247.51
3.61108	3.61108	1250.96
3.6175	3.6175	1254.41
3.62391	3.62391	1257.86
3.63032	3.63032	1261.31
3.63674	3.63674	1264.76
3.64315	3.64315	1268.21
3.64957	3.64957	1271.66
3.65598	3.65598	1275.11
3.66239	3.66239	1278.56
3.66881	3.66881	1282.01
3.67522	3.67522	1285.46
3.68164	3.68164	1288.91
3.68805	3.68805	1292.35
3.69446	3.69446	1295.8
3.70088	3.70088	1299.24
3.70729	3.70729	1302.69
3.71371	3.71371	1306.13
3.72012	3.72012	1309.57
3.72653	3.72653	1313.01
3.73295	3.73295	1316.45
3.73936	3.73936	1319.88
3.74578	3.74578	1323.31
3.75219	3.75219	1326.74
3.7586	3.7586	1330.17
3.76502	3.76502	1333.6
3.77143	3.77143	1337.02
3.77785	3.77785	1340.43
3.78426	3.78426	1343.85
3.79067	3.79067	1347.26
3.79709	3.79709	1350.67
3.8035	3.8035	1354.07
3.80992	3.80992	1357.47
3.81633	3.81633	1360.87
3.82274	3.82274	1364.26
3.82916	3.82916	1367.65
3.83557	3.83557	1371.03
3.84199	3.84199	1374.41
3.8484	3.8484	1377.78
3.85481	3.85481	1381.15
3.86123	3.86123	1384.52
3.86764	3.86764	1387.87
3.87406	3.87406	1391.22
3.88047	3.88047	1394.57
3.88688	3.88688	1397.91
3.8933	3.8933	1401.25
3.89971	3.89971	1404.57
3.90613	3.90613	1407.9
3.91254	3.91254	1411.21
3.91895	3.91895	1414.52
3.92537	3.92537	1417.82
3.93178	3.93178	1421.12
3.9382	3.9382	1424.4
3.94461	3.94461	1427.68
3.95102	3.95102	1430.96
3.95744	3.95744	1434.22
3.96385	3.96385	1437.48
3.97027	3.97027	1440.73
3.97668	3.97668	1443.97
3.98309	3.98309	1447.2
3.98951	3.98951	1450.42
3.99592	3.99592	1453.64
4.00234	4.00234	1456.85
4.00875	4.00875	1460.04
4.01516	4.01516	1463.23
4.02158	4.02158	1466.41
4.02799	4.02799	1469.58
4.03441	4.03441	1472.74
4.04082	4.04082	1475.89
4.04723	4.04723	1479.03
4.05365	4.05365	1482.16
4.06006	4.06006	1485.28
4.06648	4.06648	1488.39
4.07289	4.07289	1491.49
4.0793	4.0793	1494.58
4.08572	4.08572	1497.66
4.09213	4.09213	1500.73
4.09855	4.09855	1503.78
4.10496	4.10496	1506.83
4.11137	4.11137	1509.86
4.11779	4.11779	1512.88
4.1242	4.1242	1515.89
4.13062	4.13062	1518.89
4.13703	4.13703	1521.88
4.14344	4.14344	1524.85
4.14986	4.14986	1527.81
4.15627	4.15627	1530.76
4.16269	4.16269	1533.7
4.1691	4.1691	1536.62
4.17551	4.17551	1539.54
4.18193	4.18193	1542.43
4.18834	4.18834	1545.32
4.19476	4.19476	1548.19
4.20117	4.20117	1551.05
4.20758	4.20758	1553.9
4.214	4.214	1556.73
4.22041	4.22041	1559.55
4.22683	4.22683	1562.35
4.23324	4.23324	1565.14
4.23965	4.23965	1567.92
4.24607	4.24607	1570.68
4.25248	4.25248	1573.43
4.2589	4.2589	1576.16
4.26531	4.26531	1578.88
4.27172	4.27172	1581.59
4.27814	4.27814	1584.27
4.28455	4.28455	1586.95
4.29097	4.29097	1589.61
4.29738	4.29738	1592.25
4.30379	4.30379	1594.88
4.31021	4.31021	1597.5
4.31662	4.31662	1600.09
4.32304	4.32304	1602.68
4.32945	4.32945	1605.24
4.33586	4.33586	1607.79
4.34228	4.34228	1610.33
4.34869	4.34869	1612.85
4.35511	4.35511	1615.35
4.36152	4.36152	1617.84
4.36793	4.36793	1620.31
4.37435	4.37435	1622.76
4.38076	4.38076	1625.2
4.38718	4.38718	1627.62
4.39359	4.39359	1630.03
4.4	4.4	1632.42
4.40642	4.40642	1634.79
4.41283	4.41283	1637.14
4.41925	4.41925	1639.48
4.42566	4.42566	1641.8
4.43207	4.43207	1644.1
4.43849	4.43849	1646.39
4.4449	4.4449	1648.66
4.45132	4.45132	1650.91
4.45773	4.45773	1653.14
4.46414	4.46414	1655.36
4.47056	4.47056	1657.56
4.47697	4.47697	1659.74
4.48339	4.48339	1661.9
4.4898	4.4898	1664.05
4.49621	4.49621	1666.18
4.50263	4.50263	1668.29
4.50904	4.50904	1670.38
4.51546	4.51546	1672.45
4.52187	4.52187	1674.51
4.52828	4.52828	1676.55
4.5347	4.5347	1678.57
4.54111	4.54111	1680.57
4.54753	4.54753	1682.55
4.55394	4.55394	1684.52
4.56035	4.56035	1686.46
4.56677	4.56677	1688.39
4.57318	4.57318	1690.3
4.5796	4.5796	1692.19
4.58601	4.58601	1694.07
4.59242	4.59242	1695.92
4.59884	4.59884	1697.76
4.60525	4.60525	1699.58
4.61167	4.61167	1701.37
4.61808	4.61808	1703.15
4.62449	4.62449	1704.91
4.63091	4.63091	1706.66
4.63732	4.63732	1708.38
4.64374	4.64374	1710.09
4.65015	4.65015	1711.77
4.65656	4.65656	1713.44
4.66298	4.66298	1715.09
4.66939	4.66939	1716.72
4.67581	4.67581	1718.33
4.68222	4.68222	1719.92
4.68863	4.68863	1721.5
4.69505	4.69505	1723.05
4.70146	4.70146	1724.59
4.70788	4.70788	1726.1
4.71429	4.71429	1727.6
4.7207	4.7207	1729.08
4.72712	4.72712	1730.54
4.73353	4.73353	1731.98
4.73995	4.73995	1733.4
4.74636	4.74636	1734.81
4.75277	4.75277	1736.19
4.75919	4.75919	1737.56
4.7656	4.7656	1738.9
4.77202	4.77202	1740.23
4.77843	4.77843	1741.54
4.78484	4.78484	1742.83
4.79126	4.79126	1744.1
4.79767	4.79767	1745.35
4.80409	4.80409	1746.58
4.8105	4.8105	1747.8
4.81691	4.81691	1748.99
4.82333	4.82333	1750.17
4.82974	4.82974	1751.32
4.83616	4.83616	1752.46
4.84257	4.84257	1753.58
4.84898	4.84898	1754.68
4.8554	4.8554	1755.77
4.86181	4.86181	1756.83
4.86823	4.86823	1757.88
4.87464	4.87464	1758.9
4.88105	4.88105	1759.91
4.88747	4.88747	1760.9
4.89388	4.89388	1761.88
4.9003	4.9003	1762.83
4.90671	4.90671	1763.77
4.91312	4.91312	1764.69
4.91954	4.91954	1765.59
4.92595	4.92595	1766.48
4.93237	4.93237	1767.34
4.93878	4.93878	1768.19
4.94519	4.94519	1769.03
4.95161	4.95161	1769.84
4.95802	4.95802	1770.64
4.96444	4.96444	1771.42
4.97085	4.97085	1772.18
4.97726	4.97726	1772.93
4.98368	4.98368	1773.66
4.99009	4.99009	1774.37
4.99651	4.99651	1775.06
5.00292	5.00292	1775.74
5.00933	5.00933	1776.4
5.01575	5.01575	1777.04
5.02216	5.02216	1777.67
5.02858	5.02858	1778.27
5.03499	5.03499	1778.86
5.0414	5.0414	1779.44
5.04782	5.04782	1779.99
5.05423	5.05423	1780.53
5.06065	5.06065	1781.05
5.06706	5.06706	1781.56
5.07347	5.07347	1782.05
5.07989	5.07989	1782.52
5.0863	5.0863	1782.97
5.09272	5.09272	1783.4
5.09913	5.09913	1783.82
5.10554	5.10554	1784.23
5.11196	5.11196	1784.61
5.11837	5.11837	1784.98
5.12479	5.12479	1785.33
5.1312	5.1312	1785.66
5.13761	5.13761	1785.98
5.14403	5.14403	1786.28
5.15044	5.15044	1786.56
5.15686	5.15686	1786.83
5.16327	5.16327	1787.08
5.16968	5.16968	1787.31
5.1761	5.1761	1787.53
5.18251	5.18251	1787.73
5.18893	5.18893	1787.91
5.19534	5.19534	1788.07
5.20175	5.20175	1788.22
5.20817	5.20817	1788.35
5.21458	5.21458	1788.47
5.221	5.221	1788.56
5.22741	5.22741	1788.64
5.23382	5.23382	1788.71
5.24024	5.24024	1788.75
5.24665	5.24665	1788.78
5.25307	5.25307	1788.79
5.25948	5.25948	1788.78
5.26589	5.26589	1788.75
5.27231	5.27231	1788.71
5.27872	5.27872	1788.65
5.28514	5.28514	1788.57
5.29155	5.29155	1788.47
5.29796	5.29796	1788.35
5.30438	5.30438	1788.21
5.31079	5.31079	1788.06
5.31721	5.31721	1787.88
5.32362	5.32362	1787.68
5.33003	5.33003	1787.47
5.33645	5.33645	1787.23
5.34286	5.34286	1786.98
5.34928	5.34928	1786.7
5.35569	5.35569	1786.4
5.3621	5.3621	1786.08
5.36852	5.36852	1785.74
5.37493	5.37493	1785.38
5.38135	5.38135	1784.99
5.38776	5.38776	1784.58
5.39417	5.39417	1784.15
5.40059	5.40059	1783.69
5.407	5.407	1783.21
5.41342	5.41342	1782.7
5.41983	5.41983	1782.17
5.42624	5.42624	1781.61
5.43266	5.43266	1781.02
5.43907	5.43907	1780.41
5.44549	5.44549	1779.77
5.4519	5.4519	1779.1
5.45831	5.45831	1778.41
5.46473	5.46473	1777.68
5.47114	5.47114	1776.92
5.47756	5.47756	1776.13
5.48397	5.48397	1775.31
5.49038	5.49038	1774.46
5.4968	5.4968	1773.57
5.50321	5.50321	1772.65
5.50963	5.50963	1771.7
5.51604	5.51604	1770.7
5.52245	5.52245	1769.68
5.52887	5.52887	1768.61
5.53528	5.53528	1767.5
5.5417	5.5417	1766.36
5.54811	5.54811	1765.18
5.55452	5.55452	1763.95
5.56094	5.56094	1762.68
5.56735	5.56735	1761.37
5.57377	5.57377	1760.01
5.58018	5.58018	1758.61
5.58659	5.58659	1757.16
5.59301	5.59301	1755.67
5.59942	5.59942	1754.13
5.60584	5.60584	1752.53
5.61225	5.61225	1750.89
5.61866	5.61866	1749.19
5.62508	5.62508	1747.44
5.63149	5.63149	1745.64
5.63791	5.63791	1743.79
5.64432	5.64432	1741.87
5.65073	5.65073	1739.9
5.65715	5.65715	1737.87
5.66356	5.66356	1735.79
5.66998	5.66998	1733.64
5.67639	5.67639	1731.43
5.6828	5.6828	1729.16
5.68922	5.68922	1726.82
5.69563	5.69563	1724.42
5.70205	5.70205	1721.96
5.70846	5.70846	1719.42
5.71487	5.71487	1716.82
5.72129	5.72129	1714.16
5.7277	5.7277	1711.42
5.73412	5.73412	1708.62
5.74053	5.74053	1705.74
5.74694	5.74694	1702.79
5.75336	5.75336	1699.77
5.75977	5.75977	1696.68
5.76619	5.76619	1693.51
5.7726	5.7726	1690.27
5.77901	5.77901	1686.96
5.78543	5.78543	1683.57
5.79184	5.79184	1680.1
5.79826	5.79826	1676.56
5.80467	5.80467	1672.95
5.81108	5.81108	1669.26
5.8175	5.8175	1665.49
5.82391	5.82391	1661.65
5.83033	5.83033	1657.73
5.83674	5.83674	1653.73
5.84315	5.84315	1649.66
5.84957	5.84957	1645.51
5.85598	5.85598	1641.29
5.8624	5.8624	1636.99
5.86881	5.86881	1632.62
5.87522	5.87522	1628.17
5.88164	5.88164	1623.65
5.88805	5.88805	1619.06
5.89447	5.89447	1614.4
5.90088	5.90088	1609.67
5.90729	5.90729	1604.86
5.91371	5.91371	1599.99
5.92012	5.92012	1595.05
5.92654	5.92654	1590.05
5.93295	5.93295	1584.98
5.93936	5.93936	1579.85
5.94578	5.94578	1574.65
5.95219	5.95219	1569.4
5.95861	5.95861	1564.08
5.96502	5.96502	1558.71
5.97143	5.97143	1553.29
5.97785	5.97785	1547.81
5.98426	5.98426	1542.28
5.99068	5.99068	1536.7
5.99709	5.99709	1531.07
6.0035	6.0035	1525.39
6.00992	6.00992	1519.68
6.01633	6.01633	1513.92
6.02275	6.02275	1508.13
6.02916	6.02916	1502.29
6.03557	6.03557	1496.43
6.04199	6.04199	1490.53
6.0484	6.0484	1484.6
6.05482	6.05482	1478.64
6.06123	6.06123	1472.67
6.06764	6.06764	1466.66
6.07406	6.07406	1460.64
6.08047	6.08047	1454.61
6.08689	6.08689	1448.56
6.0933	6.0933	1442.49
6.09971	6.09971	1436.42
6.10613	6.10613	1430.34
6.11254	6.11254	1424.26
6.11896	6.11896	1418.18
6.12537	6.12537	1412.09
6.13178	6.13178	1406.02
6.1382	6.1382	1399.94
6.14461	6.14461	1393.88
6.15103	6.15103	1387.83
6.15744	6.15744	1381.79
6.16385	6.16385	1375.77
6.17027	6.17027	1369.77
6.17668	6.17668	1363.79
6.1831	6.1831	1357.83
6.18951	6.18951	1351.9
6.19592	6.19592	1346
6.20234	6.20234	1340.12
6.20875	6.20875	1334.29
6.21517	6.21517	1328.48
6.22158	6.22158	1322.72
6.22799	6.22799	1316.99
6.23441	6.23441	1311.31
6.24082	6.24082	1305.67
6.24724	6.24724	1300.07
6.25365	6.25365	1294.53
6.26006	6.26006	1289.03
6.26648	6.26648	1283.59
6.27289	6.27289	1278.2
6.27931	6.27931	1272.86
6.28572	6.28572	1267.58
6.29213	6.29213	1262.36
6.29855	6.29855	1257.2
6.30496	6.30496	1252.11
6.31138	6.31138	1247.07
6.31779	6.31779	1242.1
6.3242	6.3242	1237.2
6.33062	6.33062	1232.37
6.33703	6.33703	1227.6
6.34345	6.34345	1222.91
6.34986	6.34986	1218.28
6.35627	6.35627	1213.73
6.36269	6.36269	1209.26
6.3691	6.3691	1204.86
6.37552	6.37552	1200.53
6.38193	6.38193	1196.29
6.38834	6.38834	1192.12
6.39476	6.39476	1188.03
6.40117	6.40117	1184.02
6.40759	6.40759	1180.09
