5.01481e-05   4.91138   0.130767   0.130767   8.81238e-308   1
0.84284   3.06111   0.130767   0.130767   1.67245   1
4.84161   1.52356   0.130767   0.130767   3.3449   1
2.93884   1.76149   0.130767   0.130767   5.01735   1
3.41375   2.30202   0.130767   0.130767   6.6898   1
-3.59321   0.0295688   28.1251   2.18527   -10.6092   1.00007
0.301442   3.1174   0.130767   0.130767   10.0347   1
4.34988   5.75181   0.130767   0.130767   11.7071   1
4.35265   5.82583   0.130767   0.130767   13.3796   1
5.98913   0.388071   0.130767   0.130767   15.052   1
2.45732   5.79664   0.130767   0.130767   16.7245   1
6.02748   -4.22881   7.89849   1.31879   19.1099   1.00001
5.32448   3.30819   0.130767   0.130767   20.0694   1
0.221524   2.04423   0.130767   0.130767   21.7418   1
0.34256   6.32199   0.130767   0.130767   23.4143   1
4.08188   2.77451   0.362237   0.115658   25.0817   1
4.30045   1.70534   0.130767   0.130767   26.7592   1
16.3648   -56.94   2.73353   257.841   -1.16591   1.00005
2.45677   6.07288   0.130767   0.130767   30.1041   1
95.8159   78.1599   114.03   159.832   17.3439   0.998268
19.1133   -12.495   29.243   4.84558   16.5378   1.00001
4.40056   2.46142   0.130767   0.130767   35.1214   1
3.77392   1.77543   0.130767   0.130767   36.7939   1
5.9994   5.86577   0.00016119   0.112052   38.4663   1
5.42189   3.3944   0.130767   0.130767   40.1388   1
-6.04646   4.57761   0.909893   4.84047   52.7803   1.0001
0.589273   6.02941   0.130767   0.130767   43.4837   1
4.19004   0.320917   0.130767   0.130767   45.1561   1
2.66555   4.87947   0.130767   0.130767   46.8286   1
4.75329   5.6268   0.133518   0.242189   48.473   1
5.84953   5.29608   0.0806351   0.112604   50.1735   1
4.88385   0.803289   0.130767   0.130767   51.8459   1
1.68169   0.101674   0.130767   0.130767   53.5184   1
0.304133   4.41134   0.130767   0.130767   55.1908   1
4.71651   5.56336   0.13078   0.130781   56.8633   1
2.10319   4.03385   0.130767   0.130767   58.5357   1
8.79491   0.956537   0.0953203   0.470135   60.0837   0.999998
7.56324   7.56324   3.0147   3.0147   101.494   1.00068
6.36683   6.44383   0.0994843   0.00742962   63.5531   1
2.34094   5.6936   0.130767   0.130767   65.2255   1
8.95288   6.78925   29.2317   0.651668   98.7249   1.0005
6.29578   1.96278   0.130767   0.130767   68.5704   1
4.63051   2.24916   0.130767   0.130767   70.2429   1
4.82719   3.28885   0.130767   0.130767   71.9153   1
8.75458   11.298   28.7788   1.34599   95.034   1.00036
0.465741   5.4207   0.130767   0.130767   75.2602   1
4.04725   2.64044   0.130767   0.130767   76.9327   1
5.02742   -4.27387   1.58333   2.05135   78.5468   0.999999
74.2688   76.2919   60.7655   59.5   86.173   0.999976
94.0328   45.2001   15.5534   1.9086   81.1882   0.999964
