 x 	V[Y|X = x] 
0	2.86235
0.003	2.86411
0.006	2.86585
0.009	2.86758
0.012	2.86928
0.015	2.87098
0.018	2.87265
0.021	2.87431
0.024	2.87596
0.027	2.87759
0.03	2.8792
0.033	2.8808
0.036	2.88238
0.039	2.88394
0.042	2.88549
0.045	2.88702
0.048	2.88854
0.051	2.89004
0.054	2.89153
0.057	2.893
0.06	2.89445
0.063	2.89588
0.066	2.8973
0.069	2.89871
0.072	2.9001
0.075	2.90147
0.078	2.90283
0.081	2.90417
0.084	2.90549
0.087	2.9068
0.09	2.90809
0.093	2.90937
0.096	2.91063
0.099	2.91187
0.102	2.9131
0.105	2.91432
0.108	2.91551
0.111	2.91669
0.114	2.91786
0.117	2.919
0.12	2.92014
0.123	2.92125
0.126	2.92235
0.129	2.92344
0.132	2.92451
0.135	2.92556
0.138	2.92659
0.141	2.92761
0.144	2.92862
0.147	2.92961
0.15	2.93058
0.153	2.93154
0.156	2.93248
0.159	2.9334
0.162	2.93431
0.165	2.9352
0.168	2.93608
0.171	2.93694
0.174	2.93778
0.177	2.93861
0.18	2.93942
0.183	2.94022
0.186	2.941
0.189	2.94176
0.192	2.94251
0.195	2.94324
0.198	2.94396
0.201	2.94466
0.204	2.94534
0.207	2.94601
0.21	2.94666
0.213	2.9473
0.216	2.94792
0.219	2.94852
0.222	2.94911
0.225	2.94968
0.228	2.95024
0.231	2.95078
0.234	2.9513
0.237	2.95181
0.24	2.9523
0.243	2.95277
0.246	2.95323
0.249	2.95368
0.252	2.95411
0.255	2.95452
0.258	2.95491
0.261	2.95529
0.264	2.95566
0.267	2.956
0.27	2.95634
0.273	2.95665
0.276	2.95695
0.279	2.95723
0.282	2.9575
0.285	2.95775
0.288	2.95799
0.291	2.95821
0.294	2.95841
0.297	2.9586
0.3	2.95877
0.303	2.95893
0.306	2.95907
0.309	2.95919
0.312	2.9593
0.315	2.95939
0.318	2.95946
0.321	2.95952
0.324	2.95957
0.327	2.95959
0.33	2.95961
0.333	2.9596
0.336	2.95958
0.339	2.95954
0.342	2.95949
0.345	2.95942
0.348	2.95934
0.351	2.95924
0.354	2.95912
0.357	2.95899
0.36	2.95884
0.363	2.95867
0.366	2.95849
0.369	2.9583
0.372	2.95808
0.375	2.95786
0.378	2.95761
0.381	2.95735
0.384	2.95707
0.387	2.95678
0.39	2.95647
0.393	2.95615
0.396	2.95581
0.399	2.95545
0.402	2.95508
0.405	2.95469
0.408	2.95428
0.411	2.95386
0.414	2.95342
0.417	2.95297
0.42	2.9525
0.423	2.95202
0.426	2.95152
0.429	2.951
0.432	2.95047
0.435	2.94992
0.438	2.94935
0.441	2.94877
0.444	2.94817
0.447	2.94756
0.45	2.94693
0.453	2.94629
0.456	2.94563
0.459	2.94495
0.462	2.94426
0.465	2.94355
0.468	2.94282
0.471	2.94208
0.474	2.94132
0.477	2.94055
0.48	2.93976
0.483	2.93896
0.486	2.93813
0.489	2.9373
0.492	2.93644
0.495	2.93557
0.498	2.93469
0.501	2.93379
0.504	2.93287
0.507	2.93194
0.51	2.93099
0.513	2.93002
0.516	2.92904
0.519	2.92804
0.522	2.92703
0.525	2.926
0.528	2.92496
0.531	2.92389
0.534	2.92282
0.537	2.92172
0.54	2.92061
0.543	2.91949
0.546	2.91835
0.549	2.91719
0.552	2.91602
0.555	2.91483
0.558	2.91362
0.561	2.9124
0.564	2.91116
0.567	2.90991
0.57	2.90864
0.573	2.90735
0.576	2.90605
0.579	2.90473
0.582	2.9034
0.585	2.90205
0.588	2.90069
0.591	2.8993
0.594	2.89791
0.597	2.89649
0.6	2.89506
0.603	2.89362
0.606	2.89216
0.609	2.89068
0.612	2.88918
0.615	2.88767
0.618	2.88615
0.621	2.88461
0.624	2.88305
0.627	2.88148
0.63	2.87989
0.633	2.87828
0.636	2.87666
0.639	2.87502
0.642	2.87337
0.645	2.8717
0.648	2.87001
0.651	2.86831
0.654	2.86659
0.657	2.86486
0.66	2.86311
0.663	2.86155
0.666	2.86143
0.669	2.86201
0.672	2.86259
0.675	2.86316
0.678	2.86372
0.681	2.86428
0.684	2.86484
0.687	2.86539
0.69	2.86593
0.693	2.86647
0.696	2.867
0.699	2.86753
0.702	2.86805
0.705	2.86857
0.708	2.86908
0.711	2.86959
0.714	2.87009
0.717	2.87059
0.72	2.87108
0.723	2.87156
0.726	2.87204
0.729	2.87252
0.732	2.87299
0.735	2.87345
0.738	2.87391
0.741	2.87436
0.744	2.87481
0.747	2.87525
0.75	2.87569
0.753	2.87612
0.756	2.87655
0.759	2.87697
0.762	2.87739
0.765	2.8778
0.768	2.8782
0.771	2.8786
0.774	2.879
0.777	2.87939
0.78	2.87977
0.783	2.88015
0.786	2.88053
0.789	2.88089
0.792	2.88126
0.795	2.88161
0.798	2.88197
0.801	2.88231
0.804	2.88266
0.807	2.88299
0.81	2.88332
0.813	2.88365
0.816	2.88397
0.819	2.88428
0.822	2.88459
0.825	2.8849
0.828	2.8852
0.831	2.88549
0.834	2.88578
0.837	2.88606
0.84	2.88634
0.843	2.88661
0.846	2.88688
0.849	2.88714
0.852	2.8874
0.855	2.88765
0.858	2.8879
0.861	2.88814
0.864	2.88837
0.867	2.8886
0.87	2.88883
0.873	2.88905
0.876	2.88926
0.879	2.88947
0.882	2.88967
0.885	2.88987
0.888	2.89006
0.891	2.89025
0.894	2.89043
0.897	2.89061
0.9	2.89078
0.903	2.89095
0.906	2.89111
0.909	2.89127
0.912	2.89142
0.915	2.89156
0.918	2.8917
0.921	2.89183
0.924	2.89196
0.927	2.89209
0.93	2.8922
0.933	2.89232
0.936	2.89243
0.939	2.89253
0.942	2.89262
0.945	2.89272
0.948	2.8928
0.951	2.89288
0.954	2.89296
0.957	2.89303
0.96	2.89309
0.963	2.89315
0.966	2.89321
0.969	2.89326
0.972	2.8933
0.975	2.89334
0.978	2.89337
0.981	2.8934
0.984	2.89342
0.987	2.89344
0.99	2.89345
0.993	2.89346
0.996	2.89346
0.999	2.89345
1.002	2.89344
1.005	2.89343
1.008	2.89341
1.011	2.89338
1.014	2.89335
1.017	2.89332
1.02	2.89328
1.023	2.89323
1.026	2.89318
1.029	2.89312
1.032	2.89306
1.035	2.89299
1.038	2.89291
1.041	2.89284
1.044	2.89275
1.047	2.89266
1.05	2.89257
1.053	2.89247
1.056	2.89236
1.059	2.89225
1.062	2.89213
1.065	2.89201
1.068	2.89189
1.071	2.89175
1.074	2.89162
1.077	2.89147
1.08	2.89132
1.083	2.89117
1.086	2.89101
1.089	2.89085
1.092	2.89068
1.095	2.8905
1.098	2.89032
1.101	2.89014
1.104	2.88995
1.107	2.88975
1.11	2.88955
1.113	2.88934
1.116	2.88913
1.119	2.88891
1.122	2.88869
1.125	2.88846
1.128	2.88823
1.131	2.88799
1.134	2.88775
1.137	2.8875
1.14	2.88724
1.143	2.88698
1.146	2.88671
1.149	2.88644
1.152	2.88617
1.155	2.88589
1.158	2.8856
1.161	2.88531
1.164	2.88501
1.167	2.88471
1.17	2.8844
1.173	2.88408
1.176	2.88377
1.179	2.88344
1.182	2.88311
1.185	2.88278
1.188	2.88244
1.191	2.88209
1.194	2.88174
1.197	2.88138
1.2	2.88102
1.203	2.88066
1.206	2.88028
1.209	2.87991
1.212	2.87952
1.215	2.87913
1.218	2.87874
1.221	2.87834
1.224	2.87794
1.227	2.87753
1.23	2.87711
1.233	2.87669
1.236	2.87627
1.239	2.87584
1.242	2.8754
1.245	2.87496
1.248	2.87451
1.251	2.87406
1.254	2.8736
1.257	2.87314
1.26	2.87267
1.263	2.87219
1.266	2.87172
1.269	2.87123
1.272	2.87074
1.275	2.87025
1.278	2.86975
1.281	2.86924
1.284	2.86873
1.287	2.86821
1.29	2.86769
1.293	2.86716
1.296	2.86663
1.299	2.86609
1.302	2.86555
1.305	2.865
1.308	2.86445
1.311	2.86389
1.314	2.86332
1.317	2.86275
1.32	2.86218
1.323	2.8616
1.326	2.86101
1.329	2.86064
1.332	2.86064
1.335	2.86065
1.338	2.86066
1.341	2.86068
1.344	2.8607
1.347	2.86071
1.35	2.86073
1.353	2.86074
1.356	2.86076
1.359	2.86077
1.362	2.86078
1.365	2.8608
1.368	2.86081
1.371	2.86083
1.374	2.86084
1.377	2.86086
1.38	2.86087
1.383	2.86088
1.386	2.8609
1.389	2.86091
1.392	2.86092
1.395	2.86094
1.398	2.86095
1.401	2.86096
1.404	2.86097
1.407	2.86099
1.41	2.861
1.413	2.86101
1.416	2.86102
1.419	2.86103
1.422	2.86105
1.425	2.86106
1.428	2.86107
1.431	2.86108
1.434	2.86109
1.437	2.8611
1.44	2.86111
1.443	2.86112
1.446	2.86113
1.449	2.86114
1.452	2.86115
1.455	2.86116
1.458	2.86117
1.461	2.86118
1.464	2.86119
1.467	2.8612
1.47	2.86121
1.473	2.86122
1.476	2.86123
1.479	2.86124
1.482	2.86125
1.485	2.86126
1.488	2.86127
1.491	2.86128
1.494	2.86128
1.497	2.86129
1.5	2.8613
1.503	2.86131
1.506	2.86131
1.509	2.86132
1.512	2.86133
1.515	2.86134
1.518	2.86134
1.521	2.86135
1.524	2.86136
1.527	2.86136
1.53	2.86137
1.533	2.86138
1.536	2.86138
1.539	2.86139
1.542	2.8614
1.545	2.8614
1.548	2.86141
1.551	2.86141
1.554	2.86142
1.557	2.86142
1.56	2.86143
1.563	2.86143
1.566	2.86144
1.569	2.86144
1.572	2.86145
1.575	2.86145
1.578	2.86146
1.581	2.86146
1.584	2.86146
1.587	2.86147
1.59	2.86147
1.593	2.86148
1.596	2.86148
1.599	2.86148
1.602	2.86149
1.605	2.86149
1.608	2.86149
1.611	2.86149
1.614	2.8615
1.617	2.8615
1.62	2.8615
1.623	2.8615
1.626	2.8615
1.629	2.86151
1.632	2.86151
1.635	2.86151
1.638	2.86151
1.641	2.86151
1.644	2.86151
1.647	2.86151
1.65	2.86152
1.653	2.86152
1.656	2.86152
1.659	2.86152
1.662	2.86152
1.665	2.86152
1.668	2.86152
1.671	2.86152
1.674	2.86152
1.677	2.86152
1.68	2.86152
1.683	2.86151
1.686	2.86151
1.689	2.86151
1.692	2.86151
1.695	2.86151
1.698	2.86151
1.701	2.86151
1.704	2.86151
1.707	2.8615
1.71	2.8615
1.713	2.8615
1.716	2.8615
1.719	2.86149
1.722	2.86149
1.725	2.86149
1.728	2.86149
1.731	2.86148
1.734	2.86148
1.737	2.86148
1.74	2.86147
1.743	2.86147
1.746	2.86147
1.749	2.86146
1.752	2.86146
1.755	2.86145
1.758	2.86145
1.761	2.86145
1.764	2.86144
1.767	2.86144
1.77	2.86143
1.773	2.86143
1.776	2.86142
1.779	2.86142
1.782	2.86141
1.785	2.8614
1.788	2.8614
1.791	2.86139
1.794	2.86139
1.797	2.86138
1.8	2.86137
1.803	2.86137
1.806	2.86136
1.809	2.86135
1.812	2.86135
1.815	2.86134
1.818	2.86133
1.821	2.86133
1.824	2.86132
1.827	2.86131
1.83	2.8613
1.833	2.86129
1.836	2.86129
1.839	2.86128
1.842	2.86127
1.845	2.86126
1.848	2.86125
1.851	2.86124
1.854	2.86124
1.857	2.86123
1.86	2.86122
1.863	2.86121
1.866	2.8612
1.869	2.86119
1.872	2.86118
1.875	2.86117
1.878	2.86116
1.881	2.86115
1.884	2.86114
1.887	2.86113
1.89	2.86112
1.893	2.86111
1.896	2.8611
1.899	2.86109
1.902	2.86107
1.905	2.86106
1.908	2.86105
1.911	2.86104
1.914	2.86103
1.917	2.86102
1.92	2.861
1.923	2.86099
1.926	2.86098
1.929	2.86097
1.932	2.86095
1.935	2.86094
1.938	2.86093
1.941	2.86092
1.944	2.8609
1.947	2.86089
1.95	2.86088
1.953	2.86086
1.956	2.86085
1.959	2.86083
1.962	2.86082
1.965	2.86081
1.968	2.86079
1.971	2.86078
1.974	2.86076
1.977	2.86075
1.98	2.86073
1.983	2.86072
1.986	2.8607
1.989	2.86069
1.992	2.86067
1.995	2.86066
1.998	2.86064
2.001	2.86064
2.004	2.86142
2.007	2.86242
2.01	2.86341
2.013	2.8644
2.016	2.86537
2.019	2.86634
2.022	2.8673
2.025	2.86824
2.028	2.86918
2.031	2.87011
2.034	2.87103
2.037	2.87194
2.04	2.87285
2.043	2.87374
2.046	2.87462
2.049	2.8755
2.052	2.87636
2.055	2.87722
2.058	2.87806
2.061	2.8789
2.064	2.87973
2.067	2.88055
2.07	2.88136
2.073	2.88216
2.076	2.88295
2.079	2.88374
2.082	2.88451
2.085	2.88527
2.088	2.88603
2.091	2.88678
2.094	2.88751
2.097	2.88824
2.1	2.88896
2.103	2.88967
2.106	2.89037
2.109	2.89106
2.112	2.89174
2.115	2.89242
2.118	2.89308
2.121	2.89373
2.124	2.89438
2.127	2.89502
2.13	2.89564
2.133	2.89626
2.136	2.89687
2.139	2.89747
2.142	2.89806
2.145	2.89864
2.148	2.89921
2.151	2.89978
2.154	2.90033
2.157	2.90087
2.16	2.90141
2.163	2.90194
2.166	2.90245
2.169	2.90296
2.172	2.90346
2.175	2.90395
2.178	2.90443
2.181	2.9049
2.184	2.90536
2.187	2.90582
2.19	2.90626
2.193	2.90669
2.196	2.90712
2.199	2.90754
2.202	2.90794
2.205	2.90834
2.208	2.90873
2.211	2.90911
2.214	2.90948
2.217	2.90984
2.22	2.91019
2.223	2.91054
2.226	2.91087
2.229	2.9112
2.232	2.91151
2.235	2.91182
2.238	2.91212
2.241	2.9124
2.244	2.91268
2.247	2.91295
2.25	2.91321
2.253	2.91346
2.256	2.91371
2.259	2.91394
2.262	2.91416
2.265	2.91438
2.268	2.91458
2.271	2.91478
2.274	2.91497
2.277	2.91515
2.28	2.91532
2.283	2.91548
2.286	2.91563
2.289	2.91577
2.292	2.9159
2.295	2.91602
2.298	2.91614
2.301	2.91624
2.304	2.91634
2.307	2.91643
2.31	2.9165
2.313	2.91657
2.316	2.91663
2.319	2.91668
2.322	2.91672
2.325	2.91675
2.328	2.91678
2.331	2.91679
2.334	2.91679
2.337	2.91679
2.34	2.91677
2.343	2.91675
2.346	2.91672
2.349	2.91668
2.352	2.91663
2.355	2.91657
2.358	2.9165
2.361	2.91642
2.364	2.91633
2.367	2.91624
2.37	2.91613
2.373	2.91602
2.376	2.91589
2.379	2.91576
2.382	2.91562
2.385	2.91546
2.388	2.9153
2.391	2.91513
2.394	2.91496
2.397	2.91477
2.4	2.91457
2.403	2.91436
2.406	2.91415
2.409	2.91392
2.412	2.91369
2.415	2.91345
2.418	2.9132
2.421	2.91293
2.424	2.91266
2.427	2.91238
2.43	2.9121
2.433	2.9118
2.436	2.91149
2.439	2.91117
2.442	2.91085
2.445	2.91052
2.448	2.91017
2.451	2.90982
2.454	2.90946
2.457	2.90909
2.46	2.90871
2.463	2.90832
2.466	2.90792
2.469	2.90751
2.472	2.90709
2.475	2.90667
2.478	2.90623
2.481	2.90579
2.484	2.90534
2.487	2.90487
2.49	2.9044
2.493	2.90392
2.496	2.90343
2.499	2.90293
2.502	2.90242
2.505	2.90191
2.508	2.90138
2.511	2.90084
2.514	2.9003
2.517	2.89974
2.52	2.89918
2.523	2.89861
2.526	2.89803
2.529	2.89744
2.532	2.89684
2.535	2.89623
2.538	2.89561
2.541	2.89498
2.544	2.89435
2.547	2.8937
2.55	2.89305
2.553	2.89238
2.556	2.89171
2.559	2.89103
2.562	2.89034
2.565	2.88964
2.568	2.88893
2.571	2.88821
2.574	2.88748
2.577	2.88674
2.58	2.886
2.583	2.88524
2.586	2.88448
2.589	2.8837
2.592	2.88292
2.595	2.88213
2.598	2.88133
2.601	2.88052
2.604	2.8797
2.607	2.87887
2.61	2.87803
2.613	2.87719
2.616	2.87633
2.619	2.87547
2.622	2.87459
2.625	2.87371
2.628	2.87282
2.631	2.87191
2.634	2.871
2.637	2.87008
2.64	2.86915
2.643	2.86822
2.646	2.86727
2.649	2.86631
2.652	2.86535
2.655	2.86437
2.658	2.86339
2.661	2.8624
2.664	2.86139
2.667	2.86153
2.67	2.86333
2.673	2.86512
2.676	2.86689
2.679	2.86865
2.682	2.87039
2.685	2.87212
2.688	2.87383
2.691	2.87553
2.694	2.87721
2.697	2.87887
2.7	2.88052
2.703	2.88215
2.706	2.88377
2.709	2.88537
2.712	2.88696
2.715	2.88853
2.718	2.89009
2.721	2.89163
2.724	2.89315
2.727	2.89466
2.73	2.89615
2.733	2.89763
2.736	2.89909
2.739	2.90054
2.742	2.90197
2.745	2.90338
2.748	2.90478
2.751	2.90616
2.754	2.90753
2.757	2.90888
2.76	2.91021
2.763	2.91153
2.766	2.91284
2.769	2.91413
2.772	2.9154
2.775	2.91665
2.778	2.91789
2.781	2.91912
2.784	2.92033
2.787	2.92152
2.79	2.92269
2.793	2.92385
2.796	2.925
2.799	2.92613
2.802	2.92724
2.805	2.92834
2.808	2.92942
2.811	2.93048
2.814	2.93153
2.817	2.93256
2.82	2.93358
2.823	2.93458
2.826	2.93556
2.829	2.93653
2.832	2.93748
2.835	2.93842
2.838	2.93934
2.841	2.94024
2.844	2.94113
2.847	2.942
2.85	2.94286
2.853	2.94369
2.856	2.94452
2.859	2.94532
2.862	2.94611
2.865	2.94689
2.868	2.94764
2.871	2.94838
2.874	2.94911
2.877	2.94982
2.88	2.95051
2.883	2.95119
2.886	2.95185
2.889	2.95249
2.892	2.95312
2.895	2.95373
2.898	2.95432
2.901	2.9549
2.904	2.95546
2.907	2.956
2.91	2.95653
2.913	2.95704
2.916	2.95754
2.919	2.95802
2.922	2.95848
2.925	2.95892
2.928	2.95935
2.931	2.95976
2.934	2.96016
2.937	2.96054
2.94	2.9609
2.943	2.96125
2.946	2.96158
2.949	2.96189
2.952	2.96219
2.955	2.96247
2.958	2.96273
2.961	2.96297
2.964	2.9632
2.967	2.96342
2.97	2.96361
2.973	2.96379
2.976	2.96395
2.979	2.9641
2.982	2.96423
2.985	2.96434
2.988	2.96444
2.991	2.96451
2.994	2.96458
2.997	2.96462
3	2.96465
3.003	2.96466
3.006	2.96465
3.009	2.96463
3.012	2.96459
3.015	2.96453
3.018	2.96446
3.021	2.96437
3.024	2.96426
3.027	2.96414
3.03	2.96399
3.033	2.96383
3.036	2.96366
3.039	2.96347
3.042	2.96326
3.045	2.96303
3.048	2.96278
3.051	2.96252
3.054	2.96224
3.057	2.96195
3.06	2.96164
3.063	2.96131
3.066	2.96096
3.069	2.9606
3.072	2.96021
3.075	2.95982
3.078	2.9594
3.081	2.95897
3.084	2.95852
3.087	2.95805
3.09	2.95756
3.093	2.95706
3.096	2.95654
3.099	2.956
3.102	2.95545
3.105	2.95488
3.108	2.95429
3.111	2.95368
3.114	2.95306
3.117	2.95242
3.12	2.95176
3.123	2.95108
3.126	2.95039
3.129	2.94968
3.132	2.94895
3.135	2.9482
3.138	2.94744
3.141	2.94666
3.144	2.94586
3.147	2.94504
3.15	2.94421
3.153	2.94336
3.156	2.94249
3.159	2.9416
3.162	2.9407
3.165	2.93978
3.168	2.93884
3.171	2.93788
3.174	2.9369
3.177	2.93591
3.18	2.9349
3.183	2.93387
3.186	2.93283
3.189	2.93176
3.192	2.93068
3.195	2.92958
3.198	2.92846
3.201	2.92733
3.204	2.92618
3.207	2.92501
3.21	2.92382
3.213	2.92261
3.216	2.92139
3.219	2.92015
3.222	2.91889
3.225	2.91761
3.228	2.91631
3.231	2.915
3.234	2.91367
3.237	2.91232
3.24	2.91095
3.243	2.90956
3.246	2.90816
3.249	2.90674
3.252	2.9053
3.255	2.90384
3.258	2.90236
3.261	2.90087
3.264	2.89935
3.267	2.89782
3.27	2.89627
3.273	2.89471
3.276	2.89312
3.279	2.89152
3.282	2.8899
3.285	2.88826
3.288	2.8866
3.291	2.88492
3.294	2.88323
3.297	2.88151
3.3	2.87978
3.303	2.87803
3.306	2.87626
3.309	2.87448
3.312	2.87267
3.315	2.87085
3.318	2.86901
3.321	2.86771
3.324	2.86667
3.327	2.86559
3.33	2.86447
3.333	2.86443
3.336	2.86519
3.339	2.86592
3.342	2.86664
3.345	2.86733
3.348	2.86801
3.351	2.86867
3.354	2.86932
3.357	2.86996
3.36	2.87065
3.363	2.87133
3.366	2.87201
3.369	2.87268
3.372	2.87335
3.375	2.874
3.378	2.87466
3.381	2.8753
3.384	2.87594
3.387	2.87657
3.39	2.8772
3.393	2.87782
3.396	2.87843
3.399	2.87904
3.402	2.87964
3.405	2.88023
3.408	2.88081
3.411	2.88139
3.414	2.88197
3.417	2.88253
3.42	2.8831
3.423	2.88365
3.426	2.8842
3.429	2.88474
3.432	2.88527
3.435	2.8858
3.438	2.88632
3.441	2.88684
3.444	2.88734
3.447	2.88785
3.45	2.88834
3.453	2.88883
3.456	2.88931
3.459	2.88979
3.462	2.89026
3.465	2.89072
3.468	2.89118
3.471	2.89163
3.474	2.89207
3.477	2.89251
3.48	2.89294
3.483	2.89336
3.486	2.89378
3.489	2.89419
3.492	2.8946
3.495	2.89499
3.498	2.89538
3.501	2.89577
3.504	2.89615
3.507	2.89652
3.51	2.89689
3.513	2.89725
3.516	2.8976
3.519	2.89795
3.522	2.89829
3.525	2.89862
3.528	2.89895
3.531	2.89927
3.534	2.89958
3.537	2.89989
3.54	2.90019
3.543	2.90049
3.546	2.90078
3.549	2.90106
3.552	2.90134
3.555	2.90161
3.558	2.90187
3.561	2.90213
3.564	2.90238
3.567	2.90262
3.57	2.90286
3.573	2.90309
3.576	2.90331
3.579	2.90353
3.582	2.90374
3.585	2.90395
3.588	2.90415
3.591	2.90434
3.594	2.90453
3.597	2.90471
3.6	2.90488
3.603	2.90505
3.606	2.90521
3.609	2.90536
3.612	2.90551
3.615	2.90565
3.618	2.90579
3.621	2.90592
3.624	2.90604
3.627	2.90616
3.63	2.90627
3.633	2.90637
3.636	2.90647
3.639	2.90656
3.642	2.90665
3.645	2.90672
3.648	2.9068
3.651	2.90686
3.654	2.90692
3.657	2.90698
3.66	2.90702
3.663	2.90706
3.666	2.9071
3.669	2.90712
3.672	2.90715
3.675	2.90716
3.678	2.90717
3.681	2.90717
3.684	2.90717
3.687	2.90716
3.69	2.90714
3.693	2.90712
3.696	2.90709
3.699	2.90706
3.702	2.90701
3.705	2.90697
3.708	2.90691
3.711	2.90685
3.714	2.90679
3.717	2.90671
3.72	2.90663
3.723	2.90655
3.726	2.90646
3.729	2.90636
3.732	2.90625
3.735	2.90614
3.738	2.90603
3.741	2.9059
3.744	2.90577
3.747	2.90564
3.75	2.9055
3.753	2.90535
3.756	2.90519
3.759	2.90503
3.762	2.90487
3.765	2.90469
3.768	2.90451
3.771	2.90433
3.774	2.90414
3.777	2.90394
3.78	2.90373
3.783	2.90352
3.786	2.90331
3.789	2.90308
3.792	2.90286
3.795	2.90262
3.798	2.90238
3.801	2.90213
3.804	2.90188
3.807	2.90162
3.81	2.90135
3.813	2.90108
3.816	2.9008
3.819	2.90051
3.822	2.90022
3.825	2.89992
3.828	2.89962
3.831	2.89931
3.834	2.89899
3.837	2.89867
3.84	2.89834
3.843	2.89801
3.846	2.89767
3.849	2.89732
3.852	2.89697
3.855	2.89661
3.858	2.89624
3.861	2.89587
3.864	2.89549
3.867	2.89511
3.87	2.89472
3.873	2.89432
3.876	2.89392
3.879	2.89351
3.882	2.8931
3.885	2.89268
3.888	2.89225
3.891	2.89182
3.894	2.89138
3.897	2.89093
3.9	2.89048
3.903	2.89002
3.906	2.88956
3.909	2.88909
3.912	2.88861
3.915	2.88813
3.918	2.88764
3.921	2.88715
3.924	2.88665
3.927	2.88614
3.93	2.88563
3.933	2.88511
3.936	2.88458
3.939	2.88405
3.942	2.88352
3.945	2.88297
3.948	2.88242
3.951	2.88187
3.954	2.88131
3.957	2.88074
3.96	2.88016
3.963	2.87958
3.966	2.879
3.969	2.87841
3.972	2.87781
3.975	2.8772
3.978	2.87659
3.981	2.87598
3.984	2.87559
3.987	2.8758
3.99	2.87606
3.993	2.8763
3.996	2.87651
3.999	2.87671
4.002	2.87688
4.005	2.87703
4.008	2.87716
4.011	2.87726
4.014	2.87733
4.017	2.87738
4.02	2.87741
4.023	2.87741
4.026	2.87737
4.029	2.87732
4.032	2.87723
4.035	2.87711
4.038	2.87696
4.041	2.87678
4.044	2.87657
4.047	2.87633
4.05	2.87668
4.053	2.87731
4.056	2.87794
4.059	2.87856
4.062	2.87917
4.065	2.87977
4.068	2.88037
4.071	2.88096
4.074	2.88155
4.077	2.88212
4.08	2.88269
4.083	2.88325
4.086	2.88381
4.089	2.88436
4.092	2.8849
4.095	2.88543
4.098	2.88595
4.101	2.88647
4.104	2.88698
4.107	2.88749
4.11	2.88798
4.113	2.88847
4.116	2.88896
4.119	2.88943
4.122	2.8899
4.125	2.89036
4.128	2.89081
4.131	2.89126
4.134	2.8917
4.137	2.89213
4.14	2.89255
4.143	2.89297
4.146	2.89338
4.149	2.89378
4.152	2.89418
4.155	2.89456
4.158	2.89495
4.161	2.89532
4.164	2.89569
4.167	2.89604
4.17	2.8964
4.173	2.89674
4.176	2.89708
4.179	2.89741
4.182	2.89773
4.185	2.89805
4.188	2.89836
4.191	2.89866
4.194	2.89895
4.197	2.89924
4.2	2.89952
4.203	2.8998
4.206	2.90006
4.209	2.90032
4.212	2.90057
4.215	2.90082
4.218	2.90105
4.221	2.90128
4.224	2.90151
4.227	2.90172
4.23	2.90193
4.233	2.90213
4.236	2.90233
4.239	2.90251
4.242	2.90269
4.245	2.90287
4.248	2.90303
4.251	2.90319
4.254	2.90334
4.257	2.90349
4.26	2.90362
4.263	2.90375
4.266	2.90387
4.269	2.90399
4.272	2.9041
4.275	2.9042
4.278	2.90429
4.281	2.90438
4.284	2.90446
4.287	2.90453
4.29	2.9046
4.293	2.90466
4.296	2.90471
4.299	2.90475
4.302	2.90479
4.305	2.90482
4.308	2.90485
4.311	2.90486
4.314	2.90487
4.317	2.90487
4.32	2.90487
4.323	2.90485
4.326	2.90483
4.329	2.90481
4.332	2.90477
4.335	2.90473
4.338	2.90469
4.341	2.90463
4.344	2.90457
4.347	2.9045
4.35	2.90442
4.353	2.90434
4.356	2.90425
4.359	2.90415
4.362	2.90405
4.365	2.90394
4.368	2.90382
4.371	2.90369
4.374	2.90356
4.377	2.90342
4.38	2.90327
4.383	2.90312
4.386	2.90296
4.389	2.90279
4.392	2.90261
4.395	2.90243
4.398	2.90224
4.401	2.90205
4.404	2.90184
4.407	2.90163
4.41	2.90141
4.413	2.90119
4.416	2.90096
4.419	2.90072
4.422	2.90047
4.425	2.90022
4.428	2.89996
4.431	2.8997
4.434	2.89942
4.437	2.89914
4.44	2.89885
4.443	2.89856
4.446	2.89826
4.449	2.89795
4.452	2.89763
4.455	2.89731
4.458	2.89698
4.461	2.89664
4.464	2.8963
4.467	2.89595
4.47	2.89559
4.473	2.89523
4.476	2.89485
4.479	2.89448
4.482	2.89409
4.485	2.8937
4.488	2.8933
4.491	2.89289
4.494	2.89248
4.497	2.89206
4.5	2.89163
4.503	2.89119
4.506	2.89075
4.509	2.8903
4.512	2.88985
4.515	2.88939
4.518	2.88892
4.521	2.88844
4.524	2.88796
4.527	2.88746
4.53	2.88697
4.533	2.88646
4.536	2.88595
4.539	2.88543
4.542	2.88491
4.545	2.88438
4.548	2.88384
4.551	2.88329
4.554	2.88274
4.557	2.88218
4.56	2.88161
4.563	2.88104
4.566	2.88046
4.569	2.87987
4.572	2.87927
4.575	2.87867
4.578	2.87806
4.581	2.87745
4.584	2.87683
4.587	2.8762
4.59	2.87556
4.593	2.87492
4.596	2.87427
4.599	2.87361
4.602	2.87295
4.605	2.87228
4.608	2.8716
4.611	2.87091
4.614	2.87022
4.617	2.86952
4.62	2.86882
4.623	2.86811
4.626	2.86739
4.629	2.86666
4.632	2.86593
4.635	2.86519
4.638	2.86444
4.641	2.86369
4.644	2.86293
4.647	2.86216
4.65	2.86139
4.653	2.86064
4.656	2.86064
4.659	2.86064
4.662	2.86064
4.665	2.86064
4.668	2.86083
4.671	2.86101
4.674	2.86119
4.677	2.86136
4.68	2.86154
4.683	2.86171
4.686	2.86189
4.689	2.86206
4.692	2.86223
4.695	2.8624
4.698	2.86256
4.701	2.86273
4.704	2.86289
4.707	2.86305
4.71	2.86321
4.713	2.86337
4.716	2.86352
4.719	2.86368
4.722	2.86383
4.725	2.86398
4.728	2.86413
4.731	2.86428
4.734	2.86442
4.737	2.86457
4.74	2.86471
4.743	2.86485
4.746	2.86499
4.749	2.86513
4.752	2.86527
4.755	2.8654
4.758	2.86553
4.761	2.86566
4.764	2.86579
4.767	2.86592
4.77	2.86605
4.773	2.86617
4.776	2.86629
4.779	2.86641
4.782	2.86653
4.785	2.86665
4.788	2.86677
4.791	2.86688
4.794	2.86699
4.797	2.86711
4.8	2.86721
4.803	2.86732
4.806	2.86743
4.809	2.86753
4.812	2.86764
4.815	2.86774
4.818	2.86784
4.821	2.86793
4.824	2.86803
4.827	2.86812
4.83	2.86822
4.833	2.86831
4.836	2.8684
4.839	2.86848
4.842	2.86857
4.845	2.86865
4.848	2.86874
4.851	2.86882
4.854	2.8689
4.857	2.86898
4.86	2.86905
4.863	2.86913
4.866	2.8692
4.869	2.86927
4.872	2.86934
4.875	2.86941
4.878	2.86947
4.881	2.86954
4.884	2.8696
4.887	2.86966
4.89	2.86972
4.893	2.86978
4.896	2.86983
4.899	2.86989
4.902	2.86994
4.905	2.86999
4.908	2.87004
4.911	2.87009
4.914	2.87014
4.917	2.87018
4.92	2.87022
4.923	2.87026
4.926	2.8703
4.929	2.87034
4.932	2.87038
4.935	2.87041
4.938	2.87044
4.941	2.87048
4.944	2.87051
4.947	2.87053
4.95	2.87056
4.953	2.87058
4.956	2.87061
4.959	2.87063
4.962	2.87065
4.965	2.87067
4.968	2.87068
4.971	2.8707
4.974	2.87071
4.977	2.87072
4.98	2.87073
4.983	2.87074
4.986	2.87074
4.989	2.87075
4.992	2.87075
4.995	2.87075
4.998	2.87075
5.001	2.87075
5.004	2.87075
5.007	2.87074
5.01	2.87073
5.013	2.87073
5.016	2.87072
5.019	2.8707
5.022	2.87069
5.025	2.87068
5.028	2.87066
5.031	2.87064
5.034	2.87062
5.037	2.8706
5.04	2.87057
5.043	2.87055
5.046	2.87052
5.049	2.87049
5.052	2.87046
5.055	2.87043
5.058	2.8704
5.061	2.87036
5.064	2.87033
5.067	2.87029
5.07	2.87025
5.073	2.87021
5.076	2.87016
5.079	2.87012
5.082	2.87007
5.085	2.87002
5.088	2.86997
5.091	2.86992
5.094	2.86987
5.097	2.86981
5.1	2.86976
5.103	2.8697
5.106	2.86964
5.109	2.86958
5.112	2.86951
5.115	2.86945
5.118	2.86938
5.121	2.86931
5.124	2.86924
5.127	2.86917
5.13	2.8691
5.133	2.86902
5.136	2.86895
5.139	2.86887
5.142	2.86879
5.145	2.86871
5.148	2.86862
5.151	2.86854
5.154	2.86845
5.157	2.86837
5.16	2.86828
5.163	2.86818
5.166	2.86809
5.169	2.868
5.172	2.8679
5.175	2.8678
5.178	2.8677
5.181	2.8676
5.184	2.8675
5.187	2.86739
5.19	2.86729
5.193	2.86718
5.196	2.86707
5.199	2.86696
5.202	2.86685
5.205	2.86673
5.208	2.86662
5.211	2.8665
5.214	2.86638
5.217	2.86626
5.22	2.86614
5.223	2.86601
5.226	2.86589
5.229	2.86576
5.232	2.86563
5.235	2.8655
5.238	2.86537
5.241	2.86523
5.244	2.8651
5.247	2.86496
5.25	2.86482
5.253	2.86468
5.256	2.86454
5.259	2.86439
5.262	2.86425
5.265	2.8641
5.268	2.86395
5.271	2.8638
5.274	2.86365
5.277	2.86349
5.28	2.86334
5.283	2.86318
5.286	2.86302
5.289	2.86286
5.292	2.8627
5.295	2.86253
5.298	2.86237
5.301	2.8622
5.304	2.86203
5.307	2.86186
5.31	2.86169
5.313	2.86152
5.316	2.86134
5.319	2.86117
5.322	2.86099
5.325	2.86081
5.328	2.86064
5.331	2.86064
5.334	2.86176
5.337	2.86306
5.34	2.86436
5.343	2.86564
5.346	2.8669
5.349	2.86816
5.352	2.86941
5.355	2.87064
5.358	2.87186
5.361	2.87307
5.364	2.87427
5.367	2.87545
5.37	2.87662
5.373	2.87779
5.376	2.87893
5.379	2.88007
5.382	2.8812
5.385	2.88231
5.388	2.88341
5.391	2.8845
5.394	2.88558
5.397	2.88665
5.4	2.8877
5.403	2.88875
5.406	2.88978
5.409	2.8908
5.412	2.8918
5.415	2.8928
5.418	2.89378
5.421	2.89475
5.424	2.89571
5.427	2.89666
5.43	2.8976
5.433	2.89852
5.436	2.89943
5.439	2.90033
5.442	2.90122
5.445	2.9021
5.448	2.90296
5.451	2.90381
5.454	2.90466
5.457	2.90548
5.46	2.9063
5.463	2.90711
5.466	2.9079
5.469	2.90868
5.472	2.90945
5.475	2.91021
5.478	2.91095
5.481	2.91169
5.484	2.91241
5.487	2.91312
5.49	2.91382
5.493	2.91451
5.496	2.91518
5.499	2.91584
5.502	2.91649
5.505	2.91713
5.508	2.91776
5.511	2.91837
5.514	2.91898
5.517	2.91957
5.52	2.92015
5.523	2.92072
5.526	2.92127
5.529	2.92182
5.532	2.92235
5.535	2.92287
5.538	2.92338
5.541	2.92387
5.544	2.92436
5.547	2.92483
5.55	2.92529
5.553	2.92574
5.556	2.92618
5.559	2.9266
5.562	2.92702
5.565	2.92742
5.568	2.92781
5.571	2.92819
5.574	2.92855
5.577	2.92891
5.58	2.92925
5.583	2.92958
5.586	2.9299
5.589	2.9302
5.592	2.9305
5.595	2.93078
5.598	2.93105
5.601	2.93131
5.604	2.93156
5.607	2.93179
5.61	2.93202
5.613	2.93223
5.616	2.93243
5.619	2.93262
5.622	2.93279
5.625	2.93296
5.628	2.93311
5.631	2.93325
5.634	2.93338
5.637	2.9335
5.64	2.9336
5.643	2.93369
5.646	2.93378
5.649	2.93384
5.652	2.9339
5.655	2.93395
5.658	2.93398
5.661	2.934
5.664	2.93401
5.667	2.93401
5.67	2.934
5.673	2.93397
5.676	2.93394
5.679	2.93389
5.682	2.93382
5.685	2.93375
5.688	2.93367
5.691	2.93357
5.694	2.93346
5.697	2.93334
5.7	2.93321
5.703	2.93307
5.706	2.93291
5.709	2.93274
5.712	2.93256
5.715	2.93237
5.718	2.93217
5.721	2.93195
5.724	2.93172
5.727	2.93149
5.73	2.93123
5.733	2.93097
5.736	2.9307
5.739	2.93041
5.742	2.93011
5.745	2.9298
5.748	2.92948
5.751	2.92915
5.754	2.9288
5.757	2.92844
5.76	2.92807
5.763	2.92769
5.766	2.9273
5.769	2.92689
5.772	2.92648
5.775	2.92605
5.778	2.92561
5.781	2.92516
5.784	2.92469
5.787	2.92422
5.79	2.92373
5.793	2.92323
5.796	2.92272
5.799	2.92219
5.802	2.92166
5.805	2.92111
5.808	2.92055
5.811	2.91998
5.814	2.9194
5.817	2.9188
5.82	2.9182
5.823	2.91758
5.826	2.91695
5.829	2.91631
5.832	2.91565
5.835	2.91499
5.838	2.91431
5.841	2.91362
5.844	2.91292
5.847	2.91221
5.85	2.91148
5.853	2.91074
5.856	2.91
5.859	2.90924
5.862	2.90846
5.865	2.90768
5.868	2.90688
5.871	2.90608
5.874	2.90526
5.877	2.90442
5.88	2.90358
5.883	2.90273
5.886	2.90186
5.889	2.90098
5.892	2.90009
5.895	2.89919
5.898	2.89827
5.901	2.89735
5.904	2.89641
5.907	2.89546
5.91	2.8945
5.913	2.89352
5.916	2.89254
5.919	2.89154
5.922	2.89053
5.925	2.88951
5.928	2.88848
5.931	2.88743
5.934	2.88637
5.937	2.88531
5.94	2.88423
5.943	2.88313
5.946	2.88203
5.949	2.88091
5.952	2.87979
5.955	2.87865
5.958	2.8775
5.961	2.87633
5.964	2.87516
5.967	2.87397
5.97	2.87277
5.973	2.87156
5.976	2.87034
5.979	2.86911
5.982	2.86786
5.985	2.8666
5.988	2.86533
5.991	2.86405
5.994	2.86276
5.997	2.86145
