 Location  Dispersion    Centroids   Volume
-0.000268835   0.0603437   0.000995452   0.999994
0.0598939   0.0604995   0.0513573   0.999997
0.120151   0.0611553   0.120592   1.00002
0.179939   0.0605743   0.178343   0.999987
0.240081   0.0601337   0.23117   0.999993
0.300006   0.0607778   0.295984   1.00001
0.365875   0.0606348   0.358006   0.999999
0.426173   0.0605571   0.412767   1
0.485873   0.0604893   0.47249   1
0.545835   0.0603696   0.517854   0.999988
0.605848   0.0607201   0.569771   1.00001
0.665872   0.060712   0.618801   1
0.725881   0.0604028   0.6639   0.999995
0.785963   0.0606238   0.700964   1
0.845866   0.0607965   0.748882   1
0.906073   0.0605872   0.795074   1
0.966185   0.0606733   0.82196   1
1.03206   0.060547   0.866202   0.999999
1.09209   0.0605078   0.887701   0.999998
1.15197   0.060523   0.913036   0.999999
1.21201   0.0605741   0.933934   1
1.27202   0.0606606   0.956079   1
1.33199   0.0605633   0.970941   0.999999
1.39203   0.060525   0.983879   1
1.45199   0.0605802   0.993396   1
1.51201   0.0605936   0.999492   1
1.57199   0.0605609   0.993639   0.999999
1.63198   0.0605982   0.999113   1
1.69802   0.0605859   0.992365   1
1.75807   0.0606253   0.982556   1
1.81969   0.0627865   0.963599   1.00002
1.89498   0.0732555   0.949015   1.00071
1.93799   0.00345622   1.50665   0.998397
1.98114   0.0730556   0.907161   1.00084
2.05571   0.063881   0.884987   1.00003
2.11828   0.0607297   0.854772   1.00001
2.1782   0.0605271   0.809593   0.999996
2.23809   0.0604123   0.786394   0.999995
2.29805   0.0604983   0.746938   1
2.36391   0.06054   0.701848   0.999997
2.42632   0.0635113   0.657823   1.00003
2.49807   0.0750422   0.613803   1.00029
2.54399   0.00383645   -0.401314   0.999071
2.59958   0.0627636   0.513417   1.0006
2.66232   0.0632946   0.4584   1.00002
2.72409   0.0604181   0.406279   0.999994
2.78433   0.060552   0.350217   1
2.84387   0.0605356   0.293842   0.999996
2.90388   0.0601649   0.236092   0.999994
2.96369   0.0604589   0.17677   0.999997
3.02968   0.0607671   0.123649   1
3.08969   0.0607685   0.0488506   1.00001
3.15003   0.0606395   -0.00832485   1
3.20998   0.0606595   -0.0673759   1
3.27007   0.060595   -0.128447   1
3.33   0.0605368   -0.187974   0.999999
3.39015   0.0605888   -0.245405   1
3.44996   0.0605543   -0.303376   0.999997
3.51004   0.0605038   -0.35952   0.999998
3.57001   0.0606542   -0.415737   1
3.63001   0.0606076   -0.469637   0.999998
3.69592   0.060425   -0.525817   1
3.75589   0.06042   -0.577092   0.999994
3.8169   0.0617788   -0.624827   1.00003
3.90107   0.0753582   -0.555899   1.00117
3.93657   0.0576312   -0.561122   0.998861
4.00723   0.0412472   -0.751965   0.999917
4.0549   0.0609372   -0.793174   1.00003
4.11609   0.0606756   -0.827212   0.999997
4.17602   0.0605465   -0.861612   1.00001
4.2361   0.0604687   -0.887183   0.999994
4.29597   0.0605456   -0.914928   0.999999
4.36199   0.0606517   -0.94117   1
4.4221   0.060692   -0.957748   1
4.48207   0.0605371   -0.984605   0.999997
4.54204   0.0605536   -0.986832   1
4.60202   0.0605506   -0.9964   0.999999
4.662   0.0605712   -0.99744   1
4.72199   0.0605867   -1.00017   1
4.78199   0.0605673   -0.997416   1
4.84201   0.0605741   -0.991574   1
4.90201   0.0606064   -0.981674   1
4.96204   0.0606083   -0.968301   1
5.02806   0.0605794   -0.948401   1
5.08804   0.0605247   -0.930481   0.999999
5.14799   0.060514   -0.905582   0.999997
5.20793   0.0605577   -0.883017   1
5.26798   0.0606302   -0.850866   1
5.32792   0.0605587   -0.815655   0.999999
5.38803   0.0605865   -0.784427   0.999999
5.44795   0.0606788   -0.741058   1
5.50807   0.0605895   -0.698236   1
5.56807   0.0605354   -0.65175   0.999999
5.62815   0.0606373   -0.609964   1
5.69402   0.0605518   -0.55661   1
5.75406   0.0604756   -0.501464   0.999993
5.81406   0.0606887   -0.452896   1.00001
5.87389   0.0604923   -0.396186   0.999997
5.93383   0.0602264   -0.352688   0.999993
5.99387   0.0607087   -0.284972   1.00001
