 Location  Dispersion    Centroids   Volume
0.000141568   0.122595   0.000103253   1.00003
0.120895   0.122035   0.119964   1.00001
0.246165   0.121974   0.241669   0.999966
0.365971   0.121988   0.358482   0.999984
0.491335   0.122251   0.470878   0.99999
0.61163   0.122361   0.574827   1.00001
0.731579   0.122591   0.668678   1
0.857629   0.122379   0.755941   0.999997
0.977663   0.122364   0.829405   1
1.09778   0.122502   0.890694   1.00001
1.22389   0.122526   0.940827   1.00001
1.34397   0.122424   0.974086   1
1.47   0.122385   0.999452   1
1.59002   0.122409   1.00107   1
1.71009   0.122466   0.991448   1
1.83703   0.123168   0.964747   1.00004
1.95619   0.122435   0.933503   0.999985
2.08318   0.121244   0.873597   0.999978
2.20222   0.122336   0.806509   0.999997
2.32219   0.122182   0.73015   1
2.4434   0.118495   0.636738   0.999781
2.56833   0.122656   0.539494   1.00013
2.691   0.126913   0.433646   1.00011
2.81435   0.121738   0.317903   0.999973
2.93435   0.121933   0.206426   0.999977
3.05977   0.122628   0.0860469   1.00001
3.17976   0.12218   -0.0385605   1.00001
3.29922   0.121555   -0.163244   0.999951
3.42491   0.121974   -0.259138   0.999965
3.54447   0.122843   -0.394288   1.00006
3.67042   0.122189   -0.508108   0.999948
3.82653   0.152841   -0.532081   1.00188
3.90306   0.118525   -0.529587   0.998897
4.07114   0.0812138   -0.76333   0.9993
4.15818   0.119865   -0.889193   1.00002
4.28446   0.12187   -0.908553   0.999971
4.40425   0.122256   -0.954968   0.999999
4.52449   0.122889   -0.980455   1.00003
4.65006   0.122115   -1.03012   0.999945
4.7697   0.122649   -0.997801   1.00002
4.89595   0.12248   -0.983994   1
5.01592   0.122246   -0.954505   0.999993
5.13609   0.122493   -0.918491   0.999998
5.2621   0.122816   -0.853174   1.00003
5.38218   0.122262   -0.780209   0.999992
5.50242   0.122267   -0.704663   0.999991
5.62778   0.122175   -0.610067   0.999999
5.74857   0.122656   -0.51161   0.999999
5.87333   0.122228   -0.396376   1
5.99447   0.12197   -0.284902   0.999996
