 Location  Dispersion    Centroids   Volume
-0.00152903   0.121462   0.00370877   0.999809
0.117082   0.122421   0.152532   1.00004
0.243277   0.122146   0.255511   0.999968
0.363271   0.122586   0.36714   1.00002
0.490178   0.123194   0.480163   1.00011
0.61145   0.122728   0.659152   1.00006
0.73161   0.122028   0.707489   0.999947
0.856973   0.122237   0.77566   0.999959
0.976742   0.122614   0.864614   1.00004
1.09783   0.122687   0.920802   1.00005
1.22381   0.122579   1.00677   1
1.34414   0.122474   1.01052   1.00001
1.47013   0.122499   1.04529   1
1.59013   0.12238   1.02571   0.999995
1.71007   0.122347   1.01835   0.999992
1.83692   0.122963   1.01749   1.0001
1.95709   0.122305   0.93842   0.999945
2.08233   0.122158   0.904458   0.999953
2.20212   0.122543   0.877059   0.999998
2.32197   0.122613   0.745243   1.00003
2.44786   0.122144   0.713198   0.999922
2.56778   0.123022   0.592101   1.00008
2.6948   0.122946   0.473004   1.00004
2.81458   0.122319   0.331817   0.99997
2.93422   0.122007   0.280331   0.999957
3.0611   0.122975   0.139377   1.00011
3.18041   0.121927   -0.0215728   0.999881
3.29951   0.122185   -0.0785768   0.999898
3.42519   0.123627   -0.244375   1.00018
3.54718   0.122421   -0.364632   0.999993
3.67223   0.122054   -0.464185   0.999918
3.79135   0.122118   -0.527413   0.999948
3.91046   0.122179   -0.617287   0.999976
4.03795   0.12334   -0.694231   1.00012
4.15795   0.122988   -0.832333   1.00003
4.28455   0.122147   -0.873811   0.999967
4.40403   0.12226   -0.907096   0.999978
4.52406   0.122501   -0.9245   1.00001
4.65001   0.122423   -0.964419   0.999996
4.76991   0.122312   -0.966621   0.999981
4.89577   0.122453   -0.940854   1.00001
5.01567   0.122194   -0.924724   0.999973
5.1358   0.122607   -0.878755   1.00002
5.26186   0.122809   -0.775845   1.00004
5.38195   0.122105   -0.717333   0.999958
5.50315   0.123307   -0.661028   1.00013
5.62915   0.122589   -0.525266   0.999965
5.74891   0.122181   -0.439457   0.999992
5.8743   0.12163   -0.341788   0.999881
5.99357   0.122622   -0.262375   1.00005
