 x  	 F(x)  
0	0.00934535
0.003	0.0101627
0.006	0.0115529
0.009	0.0130792
0.012	0.0147511
0.015	0.0165777
0.018	0.0185675
0.021	0.0207278
0.024	0.0230647
0.027	0.0255824
0.03	0.0282829
0.033	0.0311653
0.036	0.0342257
0.039	0.0374569
0.042	0.0408478
0.045	0.0443834
0.048	0.0480452
0.051	0.0518108
0.054	0.0556547
0.057	0.0595491
0.06	0.063464
0.063	0.0673689
0.066	0.0712332
0.069	0.0750271
0.072	0.0787229
0.075	0.0822957
0.078	0.0857238
0.081	0.0889892
0.084	0.0920781
0.087	0.0949804
0.09	0.0976903
0.093	0.100205
0.096	0.102527
0.099	0.104658
0.102	0.106605
0.105	0.108375
0.108	0.109979
0.111	0.111425
0.114	0.112726
0.117	0.113891
0.12	0.114932
0.123	0.1159
0.126	0.117091
0.129	0.118415
0.132	0.119885
0.135	0.121513
0.138	0.123311
0.141	0.125293
0.144	0.127472
0.147	0.129858
0.15	0.132462
0.153	0.135292
0.156	0.138354
0.159	0.14165
0.162	0.145177
0.165	0.14893
0.168	0.152898
0.171	0.157062
0.174	0.161402
0.177	0.165889
0.18	0.17049
0.183	0.175169
0.186	0.179887
0.189	0.1846
0.192	0.189269
0.195	0.193851
0.198	0.198308
0.201	0.202606
0.204	0.206716
0.207	0.210613
0.21	0.214278
0.213	0.2177
0.216	0.22087
0.219	0.223788
0.222	0.226456
0.225	0.228879
0.228	0.231069
0.231	0.233036
0.234	0.234794
0.237	0.236358
0.24	0.237742
0.243	0.238962
0.246	0.240033
0.249	0.241158
0.252	0.242613
0.255	0.244232
0.258	0.246026
0.261	0.248009
0.264	0.250192
0.267	0.252587
0.27	0.255201
0.273	0.258042
0.276	0.261112
0.279	0.26441
0.282	0.267932
0.285	0.271667
0.288	0.275599
0.291	0.279708
0.294	0.283966
0.297	0.288342
0.3	0.2928
0.303	0.297302
0.306	0.301805
0.309	0.306269
0.312	0.310654
0.315	0.314921
0.318	0.319037
0.321	0.322973
0.324	0.326703
0.327	0.330211
0.33	0.333484
0.333	0.336515
0.336	0.339303
0.339	0.34185
0.342	0.344162
0.345	0.34625
0.348	0.348125
0.351	0.349801
0.354	0.35129
0.357	0.35261
0.36	0.353773
0.363	0.354794
0.366	0.355688
0.369	0.356952
0.372	0.358361
0.375	0.359914
0.378	0.361622
0.381	0.363495
0.384	0.365546
0.387	0.367784
0.39	0.370216
0.393	0.372851
0.396	0.375692
0.399	0.37874
0.402	0.381993
0.405	0.385446
0.408	0.389087
0.411	0.3929
0.414	0.396866
0.417	0.40096
0.42	0.405151
0.423	0.409408
0.426	0.413696
0.429	0.417976
0.432	0.422213
0.435	0.426369
0.438	0.430412
0.441	0.43431
0.444	0.438037
0.447	0.441572
0.45	0.444898
0.453	0.448004
0.456	0.450883
0.459	0.453534
0.462	0.455958
0.465	0.458161
0.468	0.460152
0.471	0.461942
0.474	0.463541
0.477	0.464964
0.48	0.466224
0.483	0.467333
0.486	0.468307
0.489	0.469157
0.492	0.470108
0.495	0.471505
0.498	0.473042
0.501	0.47473
0.504	0.47658
0.507	0.478599
0.51	0.480797
0.513	0.48318
0.516	0.485751
0.519	0.488515
0.522	0.491468
0.525	0.494608
0.528	0.497926
0.531	0.501409
0.534	0.505041
0.537	0.508802
0.54	0.512666
0.543	0.516606
0.546	0.520591
0.549	0.524587
0.552	0.528563
0.555	0.532485
0.558	0.536321
0.561	0.540042
0.564	0.543623
0.567	0.547041
0.57	0.55028
0.573	0.553326
0.576	0.55617
0.579	0.558808
0.582	0.56124
0.585	0.563468
0.588	0.565499
0.591	0.567339
0.594	0.569
0.597	0.57049
0.6	0.571824
0.603	0.573011
0.606	0.574064
0.609	0.574996
0.612	0.575819
0.615	0.576915
0.618	0.578118
0.621	0.579438
0.624	0.580882
0.627	0.582458
0.63	0.584175
0.633	0.586039
0.636	0.588057
0.639	0.590232
0.642	0.592567
0.645	0.595062
0.648	0.597715
0.651	0.600519
0.654	0.603465
0.657	0.606541
0.66	0.609729
0.663	0.613011
0.666	0.616363
0.669	0.619759
0.672	0.623173
0.675	0.626576
0.678	0.629939
0.681	0.633236
0.684	0.63644
0.687	0.639529
0.69	0.642481
0.693	0.645282
0.696	0.647919
0.699	0.650382
0.702	0.652668
0.705	0.654775
0.708	0.656704
0.711	0.65846
0.714	0.660049
0.717	0.66148
0.72	0.662761
0.723	0.663904
0.726	0.664917
0.729	0.665812
0.732	0.6666
0.735	0.667497
0.738	0.668546
0.741	0.669705
0.744	0.670983
0.747	0.672389
0.75	0.673931
0.753	0.675618
0.756	0.677457
0.759	0.679454
0.762	0.681613
0.765	0.683935
0.768	0.686422
0.771	0.689068
0.774	0.691866
0.777	0.694806
0.78	0.697873
0.783	0.701048
0.786	0.704309
0.789	0.70763
0.792	0.710983
0.795	0.71434
0.798	0.71767
0.801	0.720943
0.804	0.724132
0.807	0.727211
0.81	0.730158
0.813	0.732954
0.816	0.735585
0.819	0.73804
0.822	0.740314
0.825	0.742405
0.828	0.744314
0.831	0.746044
0.834	0.747604
0.837	0.749001
0.84	0.750245
0.843	0.751347
0.846	0.752317
0.849	0.753168
0.852	0.75391
0.855	0.754553
0.858	0.755129
0.861	0.756086
0.864	0.75714
0.867	0.758298
0.87	0.759568
0.873	0.760956
0.876	0.762469
0.879	0.764112
0.882	0.76589
0.885	0.767806
0.888	0.769859
0.891	0.772048
0.894	0.774369
0.897	0.776813
0.9	0.77937
0.903	0.782025
0.906	0.784761
0.909	0.787556
0.912	0.790388
0.915	0.793233
0.918	0.796063
0.921	0.798855
0.924	0.801583
0.927	0.804223
0.93	0.806756
0.933	0.809164
0.936	0.811434
0.939	0.813554
0.942	0.815519
0.945	0.817325
0.948	0.818973
0.951	0.820466
0.954	0.821809
0.957	0.823009
0.96	0.824074
0.963	0.825013
0.966	0.825837
0.969	0.826555
0.972	0.827178
0.975	0.827713
0.978	0.828219
0.981	0.829055
0.984	0.829973
0.987	0.830978
0.99	0.832076
0.993	0.833273
0.996	0.834574
0.999	0.835983
1.002	0.837504
1.005	0.839138
1.008	0.840886
1.011	0.842745
1.014	0.844711
1.017	0.846777
1.02	0.848934
1.023	0.851169
1.026	0.853466
1.029	0.85581
1.032	0.858178
1.035	0.860552
1.038	0.862909
1.041	0.865227
1.044	0.867486
1.047	0.869667
1.05	0.871752
1.053	0.873728
1.056	0.875583
1.059	0.877309
1.062	0.878901
1.065	0.880358
1.068	0.88168
1.071	0.88287
1.074	0.883933
1.077	0.884877
1.08	0.885707
1.083	0.886433
1.086	0.887063
1.089	0.887606
1.092	0.88807
1.095	0.888464
1.098	0.888795
1.101	0.889431
1.104	0.890134
1.107	0.890902
1.11	0.891739
1.113	0.892651
1.116	0.89364
1.119	0.894713
1.122	0.895871
1.125	0.897118
1.128	0.898455
1.131	0.899882
1.134	0.901397
1.137	0.902998
1.14	0.904677
1.143	0.906429
1.146	0.908241
1.149	0.910102
1.152	0.911996
1.155	0.913908
1.158	0.915818
1.161	0.91771
1.164	0.919563
1.167	0.921361
1.17	0.923087
1.173	0.924727
1.176	0.926268
1.179	0.927702
1.182	0.929022
1.185	0.930224
1.188	0.931309
1.191	0.932276
1.194	0.933131
1.197	0.933879
1.2	0.934525
1.203	0.935078
1.206	0.935545
1.209	0.935934
1.212	0.936254
1.215	0.936512
1.218	0.936716
1.221	0.936872
1.224	0.936988
1.227	0.937525
1.23	0.938154
1.233	0.938839
1.236	0.93958
1.239	0.940382
1.242	0.941247
1.245	0.942176
1.248	0.94317
1.251	0.944229
1.254	0.945352
1.257	0.946535
1.26	0.947774
1.263	0.949063
1.266	0.950392
1.269	0.951752
1.272	0.953132
1.275	0.954517
1.278	0.955893
1.281	0.957246
1.284	0.958562
1.287	0.959825
1.29	0.961024
1.293	0.962147
1.296	0.963186
1.299	0.964135
1.302	0.964989
1.305	0.965747
1.308	0.96641
1.311	0.96698
1.314	0.967462
1.317	0.967861
1.32	0.968184
1.323	0.968438
1.326	0.96863
1.329	0.968767
1.332	0.968856
1.335	0.968904
1.338	0.968916
1.341	0.9689
1.344	0.968859
1.347	0.969387
1.35	0.969957
1.353	0.970571
1.356	0.971231
1.359	0.971939
1.362	0.972696
1.365	0.973502
1.368	0.974357
1.371	0.975261
1.374	0.97621
1.377	0.977202
1.38	0.978231
1.383	0.979292
1.386	0.980376
1.389	0.981475
1.392	0.982577
1.395	0.983673
1.398	0.984748
1.401	0.985792
1.404	0.986792
1.407	0.987737
1.41	0.988617
1.413	0.989423
1.416	0.99015
1.419	0.990793
1.422	0.991349
1.425	0.99182
1.428	0.992208
1.431	0.992515
1.434	0.992747
1.437	0.99291
1.44	0.99301
1.443	0.993055
1.446	0.993051
1.449	0.993006
1.452	0.992925
1.455	0.992815
1.458	0.992682
1.461	0.99253
1.464	0.992364
1.467	0.992187
1.47	0.992017
1.473	0.992434
1.476	0.992874
1.479	0.993337
1.482	0.993822
1.485	0.994328
1.488	0.994853
1.491	0.995396
1.494	0.995952
1.497	0.996518
1.5	0.997089
1.503	0.997661
1.506	0.998226
1.509	0.998778
1.512	0.99931
1.515	0.999815
1.518	1.00028
1.521	1.00071
1.524	1.00109
1.527	1.00141
1.53	1.00167
1.533	1.00187
1.536	1.00201
1.539	1.00208
1.542	1.00209
1.545	1.00204
1.548	1.00194
1.551	1.00178
1.554	1.00158
1.557	1.00135
1.56	1.00108
1.563	1.00079
1.566	1.00047
1.569	1.00014
1.572	0.999808
1.575	0.999466
1.578	0.999124
1.581	0.998784
1.584	0.998449
1.587	0.998122
1.59	0.997803
1.593	0.998059
1.596	0.998349
1.599	0.99864
1.602	0.998932
1.605	0.999219
1.608	0.999498
1.611	0.999765
1.614	1.00002
1.617	1.00024
1.62	1.00044
1.623	1.00061
1.626	1.00073
1.629	1.00081
1.632	1.00084
1.635	1.00081
1.638	1.00072
1.641	1.00057
1.644	1.00035
1.647	1.00007
1.65	0.999721
1.653	0.999316
1.656	0.998856
1.659	0.998345
1.662	0.997792
1.665	0.997203
1.668	0.996586
1.671	0.995949
1.674	0.995299
1.677	0.994644
1.68	0.993989
1.683	0.993342
1.686	0.992705
1.689	0.992085
1.692	0.991483
1.695	0.990904
1.698	0.990347
1.701	0.989816
1.704	0.98931
1.707	0.98883
1.71	0.988376
1.713	0.988367
1.716	0.988398
1.719	0.9884
1.722	0.988368
1.725	0.988298
1.728	0.988181
1.731	0.988013
1.734	0.987786
1.737	0.987494
1.74	0.98713
1.743	0.986688
1.746	0.986162
1.749	0.985548
1.752	0.98484
1.755	0.984039
1.758	0.983142
1.761	0.982151
1.764	0.98107
1.767	0.979904
1.77	0.97866
1.773	0.977349
1.776	0.97598
1.779	0.974566
1.782	0.973119
1.785	0.971653
1.788	0.970181
1.791	0.968715
1.794	0.967267
1.797	0.965847
1.8	0.964464
1.803	0.963126
1.806	0.961839
1.809	0.960607
1.812	0.959435
1.815	0.958323
1.818	0.957274
1.821	0.956286
1.824	0.95536
1.827	0.954494
1.83	0.953686
1.833	0.952934
1.836	0.952236
1.839	0.952042
1.842	0.952344
1.845	0.952661
1.848	0.952991
1.851	0.953338
1.854	0.953701
1.857	0.954083
1.86	0.954488
1.863	0.954918
1.866	0.955378
1.869	0.955875
1.872	0.956417
1.875	0.957015
1.878	0.95768
1.881	0.958428
1.884	0.959277
1.887	0.960247
1.89	0.961363
1.893	0.962646
1.896	0.964119
1.899	0.9658
1.902	0.967703
1.905	0.969827
1.908	0.972161
1.911	0.974678
1.914	0.977338
1.917	0.980087
1.92	0.982866
1.923	0.985612
1.926	0.98827
1.929	0.990792
1.932	0.993143
1.935	0.9953
1.938	0.997254
1.941	0.994958
1.944	0.992001
1.947	0.988597
1.95	0.984725
1.953	0.980387
1.956	0.975605
1.959	0.970427
1.962	0.964923
1.965	0.959187
1.968	0.953326
1.971	0.947449
1.974	0.941664
1.977	0.936065
1.98	0.930727
1.983	0.925703
1.986	0.921026
1.989	0.91671
1.992	0.912754
1.995	0.909142
1.998	0.905855
2.001	0.902866
2.004	0.900149
2.007	0.897675
2.01	0.895419
2.013	0.893355
2.016	0.891463
2.019	0.889721
2.022	0.888113
2.025	0.886623
2.028	0.885239
2.031	0.883949
2.034	0.882743
2.037	0.881612
2.04	0.88055
2.043	0.87955
2.046	0.878606
2.049	0.877714
2.052	0.876869
2.055	0.876067
2.058	0.875306
2.061	0.874582
2.064	0.873893
2.067	0.873236
2.07	0.872608
2.073	0.872009
2.076	0.871437
2.079	0.870888
2.082	0.870473
2.085	0.870003
2.088	0.869467
2.091	0.868859
2.094	0.868174
2.097	0.867406
2.1	0.866551
2.103	0.865604
2.106	0.86456
2.109	0.863416
2.112	0.862169
2.115	0.860817
2.118	0.859358
2.121	0.857795
2.124	0.856127
2.127	0.854359
2.13	0.852495
2.133	0.850541
2.136	0.848505
2.139	0.846395
2.142	0.844222
2.145	0.841998
2.148	0.839733
2.151	0.837442
2.154	0.835136
2.157	0.832828
2.16	0.830531
2.163	0.828258
2.166	0.826018
2.169	0.823824
2.172	0.821683
2.175	0.819604
2.178	0.817594
2.181	0.815658
2.184	0.8138
2.187	0.812024
2.19	0.810332
2.193	0.808723
2.196	0.8072
2.199	0.80576
2.202	0.804403
2.205	0.80378
2.208	0.80326
2.211	0.802648
2.214	0.801934
2.217	0.80111
2.22	0.800165
2.223	0.799092
2.226	0.797881
2.229	0.796525
2.232	0.795017
2.235	0.79335
2.238	0.791522
2.241	0.789529
2.244	0.787371
2.247	0.78505
2.25	0.782571
2.253	0.779942
2.256	0.777171
2.259	0.774273
2.262	0.771262
2.265	0.768156
2.268	0.764974
2.271	0.761736
2.274	0.758464
2.277	0.755179
2.28	0.751903
2.283	0.748656
2.286	0.745458
2.289	0.742325
2.292	0.739274
2.295	0.736317
2.298	0.733466
2.301	0.73073
2.304	0.728115
2.307	0.725625
2.31	0.723264
2.313	0.721031
2.316	0.718926
2.319	0.716947
2.322	0.71509
2.325	0.713889
2.328	0.714101
2.331	0.714287
2.334	0.714439
2.337	0.714551
2.34	0.714613
2.343	0.714616
2.346	0.714547
2.349	0.714395
2.352	0.714145
2.355	0.713782
2.358	0.713289
2.361	0.712649
2.364	0.711843
2.367	0.710853
2.37	0.709662
2.373	0.708251
2.376	0.706606
2.379	0.704716
2.382	0.702573
2.385	0.700175
2.388	0.697528
2.391	0.694642
2.394	0.691539
2.397	0.688245
2.4	0.684797
2.403	0.681235
2.406	0.677605
2.409	0.673956
2.412	0.670336
2.415	0.666792
2.418	0.663364
2.421	0.660091
2.424	0.657002
2.427	0.65412
2.43	0.651459
2.433	0.649027
2.436	0.646827
2.439	0.644855
2.442	0.643104
2.445	0.641563
2.448	0.640217
2.451	0.639033
2.454	0.637611
2.457	0.635908
2.46	0.633895
2.463	0.631544
2.466	0.628828
2.469	0.625726
2.472	0.622222
2.475	0.61831
2.478	0.613992
2.481	0.609281
2.484	0.604202
2.487	0.598792
2.49	0.593098
2.493	0.587175
2.496	0.581089
2.499	0.574905
2.502	0.568692
2.505	0.562517
2.508	0.556442
2.511	0.550522
2.514	0.544804
2.517	0.539325
2.52	0.534115
2.523	0.529191
2.526	0.524566
2.529	0.520244
2.532	0.516222
2.535	0.512494
2.538	0.509049
2.541	0.505873
2.544	0.502952
2.547	0.50027
2.55	0.497809
2.553	0.495555
2.556	0.49349
2.559	0.4916
2.562	0.489869
2.565	0.488285
2.568	0.486834
2.571	0.485504
2.574	0.484286
2.577	0.483169
2.58	0.482145
2.583	0.481204
2.586	0.480403
2.589	0.479945
2.592	0.479436
2.595	0.478873
2.598	0.478255
2.601	0.477579
2.604	0.476846
2.607	0.476054
2.61	0.475205
2.613	0.474301
2.616	0.473342
2.619	0.472332
2.622	0.471274
2.625	0.470172
2.628	0.469032
2.631	0.467858
2.634	0.466656
2.637	0.465433
2.64	0.464193
2.643	0.462944
2.646	0.461691
2.649	0.460439
2.652	0.459196
2.655	0.457965
2.658	0.456751
2.661	0.455559
2.664	0.454392
2.667	0.453254
2.67	0.452147
2.673	0.451073
2.676	0.450035
2.679	0.449033
2.682	0.448068
2.685	0.447141
2.688	0.446251
2.691	0.4454
2.694	0.443897
2.697	0.442038
2.7	0.440055
2.703	0.437944
2.706	0.435705
2.709	0.433334
2.712	0.430832
2.715	0.4282
2.718	0.425439
2.721	0.422553
2.724	0.419545
2.727	0.41642
2.73	0.413185
2.733	0.409849
2.736	0.40642
2.739	0.402907
2.742	0.399323
2.745	0.395678
2.748	0.391987
2.751	0.388261
2.754	0.384514
2.757	0.38076
2.76	0.377012
2.763	0.373285
2.766	0.36959
2.769	0.36594
2.772	0.362347
2.775	0.358822
2.778	0.355374
2.781	0.352012
2.784	0.348744
2.787	0.345576
2.79	0.342514
2.793	0.339562
2.796	0.336723
2.799	0.334
2.802	0.331393
2.805	0.328904
2.808	0.326532
2.811	0.324276
2.814	0.322134
2.817	0.320104
2.82	0.318213
2.823	0.316341
2.826	0.314356
2.829	0.312256
2.832	0.310042
2.835	0.307712
2.838	0.305268
2.841	0.302712
2.844	0.300045
2.847	0.297272
2.85	0.294396
2.853	0.291423
2.856	0.28836
2.859	0.285213
2.862	0.281991
2.865	0.278703
2.868	0.275357
2.871	0.271964
2.874	0.268535
2.877	0.265079
2.88	0.261609
2.883	0.258135
2.886	0.254667
2.889	0.251216
2.892	0.247794
2.895	0.244408
2.898	0.241069
2.901	0.237785
2.904	0.234564
2.907	0.231413
2.91	0.228337
2.913	0.225343
2.916	0.222434
2.919	0.219614
2.922	0.216887
2.925	0.214254
2.928	0.211717
2.931	0.209276
2.934	0.206932
2.937	0.204684
2.94	0.202623
2.943	0.200927
2.946	0.199133
2.949	0.197237
2.952	0.195239
2.955	0.193136
2.958	0.190928
2.961	0.188615
2.964	0.186197
2.967	0.183675
2.97	0.181051
2.973	0.178328
2.976	0.175508
2.979	0.172596
2.982	0.169597
2.985	0.166516
2.988	0.163359
2.991	0.160134
2.994	0.156847
2.997	0.153508
3	0.150123
3.003	0.146703
3.006	0.143256
3.009	0.139792
3.012	0.136319
3.015	0.132847
3.018	0.129386
3.021	0.125943
3.024	0.122528
3.027	0.119148
3.03	0.115812
3.033	0.112525
3.036	0.109295
3.039	0.106128
3.042	0.103028
3.045	0.100001
3.048	0.0970496
3.051	0.0941776
3.054	0.0913875
3.057	0.0886812
3.06	0.0860602
3.063	0.0835254
3.066	0.0814756
3.069	0.0798418
3.072	0.0780919
3.075	0.0762219
3.078	0.0742278
3.081	0.0721065
3.084	0.069855
3.087	0.0674711
3.09	0.0649534
3.093	0.0623011
3.096	0.0595142
3.099	0.0565936
3.102	0.0535414
3.105	0.0503603
3.108	0.0470544
3.111	0.0436285
3.114	0.0400887
3.117	0.0364421
3.12	0.0326966
3.123	0.0288612
3.126	0.0249455
3.129	0.0209601
3.132	0.0169162
3.135	0.0128251
3.138	0.00869908
3.141	0.00455014
3.144	0.000390565
3.147	-0.00376747
3.15	-0.00791202
3.153	-0.0120315
3.156	-0.0161148
3.159	-0.0201513
3.162	-0.0241312
3.165	-0.0280455
3.168	-0.0318858
3.171	-0.0356447
3.174	-0.0393158
3.177	-0.0428934
3.18	-0.0463727
3.183	-0.0497501
3.186	-0.0530224
3.189	-0.0554514
3.192	-0.0566001
3.195	-0.0578794
3.198	-0.0592969
3.201	-0.0608605
3.204	-0.0625777
3.207	-0.0644556
3.21	-0.0665009
3.213	-0.0687198
3.216	-0.0711174
3.219	-0.0736983
3.222	-0.0764656
3.225	-0.0794215
3.228	-0.0825665
3.231	-0.0858999
3.234	-0.0894192
3.237	-0.0931201
3.24	-0.0969966
3.243	-0.101041
3.246	-0.105244
3.249	-0.109593
3.252	-0.114077
3.255	-0.11868
3.258	-0.123386
3.261	-0.128179
3.264	-0.13304
3.267	-0.137952
3.27	-0.142894
3.273	-0.147849
3.276	-0.152797
3.279	-0.157721
3.282	-0.162602
3.285	-0.167424
3.288	-0.172172
3.291	-0.176831
3.294	-0.181388
3.297	-0.185833
3.3	-0.190155
3.303	-0.194346
3.306	-0.198399
3.309	-0.20231
3.312	-0.206073
3.315	-0.209308
3.318	-0.209793
3.321	-0.210396
3.324	-0.211129
3.327	-0.212002
3.33	-0.213025
3.333	-0.21421
3.336	-0.215569
3.339	-0.217111
3.342	-0.218849
3.345	-0.220792
3.348	-0.22295
3.351	-0.225332
3.354	-0.227946
3.357	-0.230797
3.36	-0.233891
3.363	-0.23723
3.366	-0.240816
3.369	-0.244647
3.372	-0.24872
3.375	-0.253029
3.378	-0.257564
3.381	-0.262315
3.384	-0.267268
3.387	-0.272408
3.39	-0.277716
3.393	-0.283172
3.396	-0.288754
3.399	-0.29444
3.402	-0.300205
3.405	-0.306026
3.408	-0.311877
3.411	-0.317736
3.414	-0.323577
3.417	-0.329378
3.42	-0.335119
3.423	-0.340778
3.426	-0.346339
3.429	-0.351784
3.432	-0.3571
3.435	-0.362275
3.438	-0.367297
3.441	-0.372159
3.444	-0.376855
3.447	-0.381379
3.45	-0.385728
3.453	-0.389901
3.456	-0.393899
3.459	-0.397721
3.462	-0.40137
3.465	-0.402214
3.468	-0.400431
3.471	-0.398567
3.474	-0.396617
3.477	-0.394579
3.48	-0.392448
3.483	-0.39022
3.486	-0.387893
3.489	-0.38546
3.492	-0.38292
3.495	-0.380266
3.498	-0.377495
3.501	-0.374602
3.504	-0.371583
3.507	-0.368433
3.51	-0.365148
3.513	-0.361724
3.516	-0.358155
3.519	-0.354438
3.522	-0.350569
3.525	-0.346544
3.528	-0.342358
3.531	-0.338009
3.534	-0.333495
3.537	-0.328813
3.54	-0.323961
3.543	-0.31894
3.546	-0.31375
3.549	-0.308392
3.552	-0.302871
3.555	-0.297192
3.558	-0.291363
3.561	-0.285393
3.564	-0.279295
3.567	-0.273086
3.57	-0.266785
3.573	-0.260419
3.576	-0.254016
3.579	-0.247611
3.582	-0.241248
3.585	-0.234973
3.588	-0.228845
3.591	-0.222928
3.594	-0.217296
3.597	-0.212033
3.6	-0.207232
3.603	-0.202995
3.606	-0.199436
3.609	-0.196674
3.612	-0.194838
3.615	-0.19406
3.618	-0.194477
3.621	-0.196222
3.624	-0.199424
3.627	-0.204203
3.63	-0.210661
3.633	-0.218881
3.636	-0.228916
3.639	-0.24079
3.642	-0.254489
3.645	-0.26996
3.648	-0.28711
3.651	-0.305807
3.654	-0.325883
3.657	-0.347138
3.66	-0.36935
3.663	-0.39228
3.666	-0.41568
3.669	-0.439306
3.672	-0.462921
3.675	-0.486306
3.678	-0.509262
3.681	-0.531617
3.684	-0.553225
3.687	-0.573971
3.69	-0.593764
3.693	-0.612542
3.696	-0.630266
3.699	-0.646919
3.702	-0.6625
3.705	-0.677024
3.708	-0.690518
3.711	-0.703018
3.714	-0.714568
3.717	-0.725215
3.72	-0.73501
3.723	-0.744005
3.726	-0.752253
3.729	-0.759805
3.732	-0.766712
3.735	-0.773023
3.738	-0.778784
3.741	-0.78404
3.744	-0.782182
3.747	-0.777034
3.75	-0.771404
3.753	-0.765246
3.756	-0.758514
3.759	-0.751156
3.762	-0.743118
3.765	-0.734339
3.768	-0.724756
3.771	-0.7143
3.774	-0.7029
3.777	-0.690475
3.78	-0.676945
3.783	-0.662222
3.786	-0.646213
3.789	-0.628823
3.792	-0.609951
3.795	-0.589492
3.798	-0.567339
3.801	-0.543383
3.804	-0.517512
3.807	-0.489616
3.81	-0.459584
3.813	-0.42731
3.816	-0.392691
3.819	-0.355633
3.822	-0.316049
3.825	-0.273867
3.828	-0.229032
3.831	-0.18151
3.834	-0.131305
3.837	-0.0784821
3.84	-0.0232341
3.843	0.0339556
3.846	0.091902
3.849	0.147699
3.852	0.194314
3.855	0.215609
3.858	0.179499
3.861	0.0419742
3.864	-0.208022
3.867	-0.494136
3.87	-0.715382
3.873	-0.844775
3.876	-0.902988
3.879	-0.831186
3.882	-0.684988
3.885	-0.420825
3.888	-0.0295151
3.891	0.413756
3.894	0.794738
3.897	1.0617
3.9	1.23249
3.903	1.343
3.906	1.41977
3.909	1.47762
3.912	1.52379
3.915	1.56152
3.918	1.59205
3.921	1.61562
3.924	1.63192
3.927	2.45861
3.93	1.63914
3.933	1.6268
3.936	1.59999
3.939	1.55377
3.942	1.48064
3.945	1.36991
3.948	1.20819
3.951	0.982854
3.954	0.69025
3.957	0.346344
3.96	-0.0102791
3.963	-0.332735
3.966	-0.588687
3.969	-0.770919
3.972	-0.890526
3.975	-0.964754
3.978	-1.00918
3.981	-0.9695
3.984	-0.900746
3.987	-0.79718
3.99	-0.659799
3.993	-0.509964
3.996	-0.386114
3.999	-0.318131
4.002	-0.308097
4.005	-0.338882
4.008	-0.391308
4.011	-0.452024
4.014	-0.513562
4.017	-0.572268
4.02	-0.626565
4.023	-0.675925
4.026	-0.720325
4.029	-0.759982
4.032	-0.795222
4.035	-0.826409
4.038	-0.853918
4.041	-0.878116
4.044	-0.899348
4.047	-0.917939
4.05	-0.934187
4.053	-0.948364
4.056	-0.960717
4.059	-0.971467
4.062	-0.98081
4.065	-0.988924
4.068	-0.983711
4.071	-0.974844
4.074	-0.96471
4.077	-0.953173
4.08	-0.940094
4.083	-0.925345
4.086	-0.908816
4.089	-0.890431
4.092	-0.87016
4.095	-0.848044
4.098	-0.824213
4.101	-0.798905
4.104	-0.772484
4.107	-0.745445
4.11	-0.718409
4.113	-0.692098
4.116	-0.667298
4.119	-0.644796
4.122	-0.625319
4.125	-0.609471
4.128	-0.597679
4.131	-0.590162
4.134	-0.586932
4.137	-0.587805
4.14	-0.592445
4.143	-0.600407
4.146	-0.611184
4.149	-0.624253
4.152	-0.639106
4.155	-0.655273
4.158	-0.672337
4.161	-0.689941
4.164	-0.707787
4.167	-0.725632
4.17	-0.743284
4.173	-0.760596
4.176	-0.777455
4.179	-0.793781
4.182	-0.809518
4.185	-0.82463
4.188	-0.839095
4.191	-0.852907
4.194	-0.866066
4.197	-0.87858
4.2	-0.890463
4.203	-0.901733
4.206	-0.912409
4.209	-0.922513
4.212	-0.932069
4.215	-0.941099
4.218	-0.949628
4.221	-0.957678
4.224	-0.965274
4.227	-0.972438
4.23	-0.979191
4.233	-0.985557
4.236	-0.991554
4.239	-0.997202
4.242	-1.00252
4.245	-1.00753
4.248	-1.01224
4.251	-1.01223
4.254	-1.00755
4.257	-1.00265
4.26	-0.997542
4.263	-0.992231
4.266	-0.986729
4.269	-0.981052
4.272	-0.97522
4.275	-0.969258
4.278	-0.963195
4.281	-0.957066
4.284	-0.950913
4.287	-0.94478
4.29	-0.938717
4.293	-0.932779
4.296	-0.927024
4.299	-0.921509
4.302	-0.916296
4.305	-0.911443
4.308	-0.907006
4.311	-0.903036
4.314	-0.899581
4.317	-0.896676
4.32	-0.894352
4.323	-0.892629
4.326	-0.891514
4.329	-0.891008
4.332	-0.891098
4.335	-0.891764
4.338	-0.892978
4.341	-0.894703
4.344	-0.896899
4.347	-0.899519
4.35	-0.902516
4.353	-0.90584
4.356	-0.909444
4.359	-0.913278
4.362	-0.917296
4.365	-0.921456
4.368	-0.925718
4.371	-0.930045
4.374	-0.934404
4.377	-0.938765
4.38	-0.943105
4.383	-0.947399
4.386	-0.95163
4.389	-0.955782
4.392	-0.959842
4.395	-0.963799
4.398	-0.967645
4.401	-0.971375
4.404	-0.974983
4.407	-0.978466
4.41	-0.977291
4.413	-0.974644
4.416	-0.972026
4.419	-0.969453
4.422	-0.966947
4.425	-0.964528
4.428	-0.962216
4.431	-0.960035
4.434	-0.958006
4.437	-0.956151
4.44	-0.954492
4.443	-0.953049
4.446	-0.951841
4.449	-0.950883
4.452	-0.950191
4.455	-0.949774
4.458	-0.94964
4.461	-0.949794
4.464	-0.950236
4.467	-0.950963
4.47	-0.951969
4.473	-0.953244
4.476	-0.954774
4.479	-0.956545
4.482	-0.958539
4.485	-0.960736
4.488	-0.963116
4.491	-0.965658
4.494	-0.968339
4.497	-0.971139
4.5	-0.974034
4.503	-0.977007
4.506	-0.980036
4.509	-0.983103
4.512	-0.986191
4.515	-0.989286
4.518	-0.992372
4.521	-0.995437
4.524	-0.998471
4.527	-1.00146
4.53	-1.0044
4.533	-1.00306
4.536	-1.0009
4.539	-0.998781
4.542	-0.996715
4.545	-0.994715
4.548	-0.992794
4.551	-0.990965
4.554	-0.989243
4.557	-0.987641
4.56	-0.986173
4.563	-0.984851
4.566	-0.983687
4.569	-0.982693
4.572	-0.981878
4.575	-0.98125
4.578	-0.980816
4.581	-0.98058
4.584	-0.980547
4.587	-0.980718
4.59	-0.981091
4.593	-0.981664
4.596	-0.982433
4.599	-0.983391
4.602	-0.984532
4.605	-0.985845
4.608	-0.987322
4.611	-0.988949
4.614	-0.990717
4.617	-0.992611
4.62	-0.994619
4.623	-0.996728
4.626	-0.998926
4.629	-1.0012
4.632	-1.00353
4.635	-1.00592
4.638	-1.00834
4.641	-1.0108
4.644	-1.01327
4.647	-1.01575
4.65	-1.01823
4.653	-1.0207
4.656	-1.02315
4.659	-1.02191
4.662	-1.01968
4.665	-1.01749
4.668	-1.01534
4.671	-1.01323
4.674	-1.01118
4.677	-1.00919
4.68	-1.00728
4.683	-1.00545
4.686	-1.00372
4.689	-1.00209
4.692	-1.00058
4.695	-0.99918
4.698	-0.997911
4.701	-0.996775
4.704	-0.995778
4.707	-0.994924
4.71	-0.994218
4.713	-0.993661
4.716	-0.993255
4.719	-0.993001
4.722	-0.992898
4.725	-0.992943
4.728	-0.993134
4.731	-0.993468
4.734	-0.993939
4.737	-0.994542
4.74	-0.995272
4.743	-0.99612
4.746	-0.997081
4.749	-0.998146
4.752	-0.999308
4.755	-1.00056
4.758	-1.00189
4.761	-1.00329
4.764	-1.00476
4.767	-1.00629
4.77	-1.00786
4.773	-1.00948
4.776	-1.01113
4.779	-1.00953
4.782	-1.00741
4.785	-1.00532
4.788	-1.00327
4.791	-1.00125
4.794	-0.999287
4.797	-0.997378
4.8	-0.995532
4.803	-0.993759
4.806	-0.992065
4.809	-0.990459
4.812	-0.988947
4.815	-0.987537
4.818	-0.986236
4.821	-0.985048
4.824	-0.98398
4.827	-0.983037
4.83	-0.982222
4.833	-0.981539
4.836	-0.980989
4.839	-0.980576
4.842	-0.980299
4.845	-0.980159
4.848	-0.980154
4.851	-0.980283
4.854	-0.980543
4.857	-0.980931
4.86	-0.981442
4.863	-0.982074
4.866	-0.982819
4.869	-0.983673
4.872	-0.984629
4.875	-0.985682
4.878	-0.986824
4.881	-0.988048
4.884	-0.989349
4.887	-0.990718
4.89	-0.99215
4.893	-0.993636
4.896	-0.995171
4.899	-0.996748
4.902	-0.996887
4.905	-0.994547
4.908	-0.992225
4.911	-0.989927
4.914	-0.987661
4.917	-0.985434
4.92	-0.983255
4.923	-0.981131
4.926	-0.97907
4.929	-0.97708
4.932	-0.975168
4.935	-0.973343
4.938	-0.971612
4.941	-0.969981
4.944	-0.968457
4.947	-0.967047
4.95	-0.965756
4.953	-0.964589
4.956	-0.96355
4.959	-0.962642
4.962	-0.961868
4.965	-0.961231
4.968	-0.96073
4.971	-0.960367
4.974	-0.96014
4.977	-0.960048
4.98	-0.960089
4.983	-0.96026
4.986	-0.960557
4.989	-0.960977
4.992	-0.961514
4.995	-0.962162
4.998	-0.962918
5.001	-0.963773
5.004	-0.964722
5.007	-0.965759
5.01	-0.966877
5.013	-0.968068
5.016	-0.969328
5.019	-0.970647
5.022	-0.970145
5.025	-0.967452
5.028	-0.964767
5.031	-0.962096
5.034	-0.959448
5.037	-0.956831
5.04	-0.954252
5.043	-0.951721
5.046	-0.949246
5.049	-0.946836
5.052	-0.944499
5.055	-0.942243
5.058	-0.940078
5.061	-0.938011
5.064	-0.936049
5.067	-0.934201
5.07	-0.932473
5.073	-0.93087
5.076	-0.929398
5.079	-0.928063
5.082	-0.926867
5.085	-0.925813
5.088	-0.924905
5.091	-0.924142
5.094	-0.923526
5.097	-0.923056
5.1	-0.922731
5.103	-0.922548
5.106	-0.922505
5.109	-0.922598
5.112	-0.922822
5.115	-0.923174
5.118	-0.923646
5.121	-0.924235
5.124	-0.924933
5.127	-0.925734
5.13	-0.926632
5.133	-0.927619
5.136	-0.928689
5.139	-0.929834
5.142	-0.928716
5.145	-0.925578
5.148	-0.922436
5.151	-0.919298
5.154	-0.916172
5.157	-0.913066
5.16	-0.90999
5.163	-0.906952
5.166	-0.903962
5.169	-0.901029
5.172	-0.898163
5.175	-0.895373
5.178	-0.892669
5.181	-0.89006
5.184	-0.887554
5.187	-0.885161
5.19	-0.882888
5.193	-0.880743
5.196	-0.878732
5.199	-0.876862
5.202	-0.875138
5.205	-0.873564
5.208	-0.872145
5.211	-0.870882
5.214	-0.869777
5.217	-0.868832
5.22	-0.868045
5.223	-0.867417
5.226	-0.866945
5.229	-0.866626
5.232	-0.866457
5.235	-0.866433
5.238	-0.866551
5.241	-0.866804
5.244	-0.867186
5.247	-0.867692
5.25	-0.868314
5.253	-0.869046
5.256	-0.869881
5.259	-0.870812
5.262	-0.87183
5.265	-0.87293
5.268	-0.870162
5.271	-0.866619
5.274	-0.863076
5.277	-0.85954
5.28	-0.856021
5.283	-0.852529
5.286	-0.849072
5.289	-0.845662
5.292	-0.842307
5.295	-0.839019
5.298	-0.835807
5.301	-0.832682
5.304	-0.829653
5.307	-0.826729
5.31	-0.823921
5.313	-0.821235
5.316	-0.818681
5.319	-0.816266
5.322	-0.813997
5.325	-0.811878
5.328	-0.809916
5.331	-0.808113
5.334	-0.806474
5.337	-0.805
5.34	-0.803693
5.343	-0.802552
5.346	-0.801578
5.349	-0.800768
5.352	-0.80012
5.355	-0.799631
5.358	-0.799297
5.361	-0.799114
5.364	-0.799075
5.367	-0.799177
5.37	-0.799411
5.373	-0.799773
5.376	-0.800254
5.379	-0.800849
5.382	-0.80155
5.385	-0.80235
5.388	-0.799666
5.391	-0.795911
5.394	-0.792149
5.397	-0.78839
5.4	-0.784643
5.403	-0.780915
5.406	-0.777216
5.409	-0.773555
5.412	-0.769943
5.415	-0.766388
5.418	-0.762899
5.421	-0.759486
5.424	-0.756159
5.427	-0.752926
5.43	-0.749795
5.433	-0.746774
5.436	-0.743872
5.439	-0.741095
5.442	-0.73845
5.445	-0.735942
5.448	-0.733576
5.451	-0.731356
5.454	-0.729287
5.457	-0.72737
5.46	-0.725607
5.463	-0.723999
5.466	-0.722547
5.469	-0.721249
5.472	-0.720106
5.475	-0.719114
5.478	-0.718271
5.481	-0.717574
5.484	-0.717018
5.487	-0.716601
5.49	-0.716317
5.493	-0.71616
5.496	-0.716126
5.499	-0.71621
5.502	-0.716404
5.505	-0.716704
5.508	-0.717103
5.511	-0.716538
5.514	-0.71292
5.517	-0.709303
5.52	-0.705693
5.523	-0.702097
5.526	-0.698522
5.529	-0.694976
5.532	-0.691465
5.535	-0.687998
5.538	-0.684581
5.541	-0.681223
5.544	-0.67793
5.547	-0.674709
5.55	-0.671568
5.553	-0.668514
5.556	-0.665553
5.559	-0.662692
5.562	-0.659935
5.565	-0.657289
5.568	-0.654759
5.571	-0.652348
5.574	-0.650061
5.577	-0.647901
5.58	-0.645871
5.583	-0.643973
5.586	-0.642208
5.589	-0.640578
5.592	-0.639083
5.595	-0.637722
5.598	-0.636495
5.601	-0.6354
5.604	-0.634436
5.607	-0.633601
5.61	-0.632891
5.613	-0.632304
5.616	-0.631835
5.619	-0.631482
5.622	-0.63124
5.625	-0.631105
5.628	-0.628744
5.631	-0.624949
5.634	-0.621128
5.637	-0.617286
5.64	-0.613429
5.643	-0.609563
5.646	-0.605696
5.649	-0.601832
5.652	-0.597981
5.655	-0.594149
5.658	-0.590343
5.661	-0.586572
5.664	-0.582843
5.667	-0.579165
5.67	-0.575545
5.673	-0.571992
5.676	-0.568513
5.679	-0.565117
5.682	-0.56181
5.685	-0.5586
5.688	-0.555494
5.691	-0.552499
5.694	-0.549622
5.697	-0.546867
5.7	-0.54424
5.703	-0.541745
5.706	-0.539388
5.709	-0.53717
5.712	-0.535096
5.715	-0.533167
5.718	-0.531385
5.721	-0.52975
5.724	-0.528263
5.727	-0.526923
5.73	-0.525729
5.733	-0.52468
5.736	-0.523772
5.739	-0.523004
5.742	-0.522373
5.745	-0.521873
5.748	-0.521502
5.751	-0.521254
5.754	-0.521126
5.757	-0.521111
5.76	-0.520019
5.763	-0.516033
5.766	-0.512015
5.769	-0.507971
5.772	-0.503908
5.775	-0.499835
5.778	-0.495758
5.781	-0.491686
5.784	-0.487628
5.787	-0.483594
5.79	-0.479592
5.793	-0.475633
5.796	-0.471726
5.799	-0.467881
5.802	-0.46411
5.805	-0.460422
5.808	-0.456826
5.811	-0.453334
5.814	-0.449954
5.817	-0.446696
5.82	-0.443568
5.823	-0.440579
5.826	-0.438233
5.829	-0.436159
5.832	-0.43424
5.835	-0.432479
5.838	-0.430879
5.841	-0.42944
5.844	-0.428164
5.847	-0.427051
5.85	-0.4261
5.853	-0.425308
5.856	-0.424674
5.859	-0.424193
5.862	-0.423861
5.865	-0.423673
5.868	-0.423625
5.871	-0.42371
5.874	-0.423921
5.877	-0.423672
5.88	-0.419372
5.883	-0.41499
5.886	-0.410531
5.889	-0.406002
5.892	-0.401411
5.895	-0.396765
5.898	-0.392074
5.901	-0.387348
5.904	-0.382599
5.907	-0.377839
5.91	-0.373084
5.913	-0.368346
5.916	-0.363643
5.919	-0.35899
5.922	-0.354406
5.925	-0.349907
5.928	-0.345513
5.931	-0.341242
5.934	-0.337111
5.937	-0.333141
5.94	-0.329346
5.943	-0.325745
5.946	-0.322353
5.949	-0.319184
5.952	-0.31625
5.955	-0.313562
5.958	-0.311128
5.961	-0.308954
5.964	-0.307046
5.967	-0.305403
5.97	-0.304026
5.973	-0.302913
5.976	-0.302057
5.979	-0.301452
5.982	-0.301089
5.985	-0.300957
5.988	-0.300145
5.991	-0.295187
5.994	-0.29
5.997	-0.284575
