 Location  Dispersion    Centroids   Volume
0.000965824   0.0487187   -0.00239239   1.0014
0.122634   0.0475418   0.116226   1.00066
0.247751   0.0428803   0.239308   0.998573
0.365958   0.0462179   0.354166   0.999255
0.490727   0.0454805   0.466539   0.999487
0.61192   0.0484101   0.575385   1.00162
0.732778   0.0452657   0.66719   0.999442
0.857723   0.0449809   0.754009   0.999606
0.977489   0.0447161   0.827275   1.00008
1.09803   0.0447749   0.888728   1.0006
1.22425   0.0421584   0.935991   0.999934
1.3439   0.0415513   0.967223   0.9999
1.46992   0.0423647   0.990273   1.00035
1.59012   0.0421294   0.995859   1.00027
1.71041   0.0438513   0.986782   1.0008
1.83749   0.045907   0.95179   1.00071
1.938   0.000676384   1.07579   0.995499
2.07937   0.0630275   0.881985   1.00679
2.20271   0.0511607   0.79456   1.00202
2.3245   0.0513077   0.700226   1.00274
2.44821   0.0284601   0.642467   1.00324
2.5853   0.0508114   0.480811   1.00916
2.69154   0.0703205   0.461556   1.00515
2.81873   0.0682031   0.313899   1.0082
2.93909   0.074694   0.184242   1.01227
3.06418   0.0679172   0.0518439   1.01645
3.1881   0.059064   -0.0933278   1.02586
3.32421   0.0589004   -0.283673   1.05231
3.61705   0.0409403   -0.659355   1.22315
3.82764   0.0127593   -0.948576   1.43998
3.89396   0.00150195   -0.927629   0.92882
3.9272   7.96537e-05   2.62544   1.59616
5.82795   1.46914   3.00992   0.0387002
4.02138   -0.0108373   -1.04138   1.57011
3.96229   -0.0040927   -1.03769   1.20185
4.16361   0.0275409   -1.08273   1.26671
4.38294   0.047472   -1.09469   1.12591
4.52933   0.0509213   -1.06104   1.0691
4.65652   0.0569839   -1.08732   1.04453
4.777   0.0658366   -1.0756   1.02804
4.90068   0.0741515   -1.06721   1.0212
5.02014   0.0779906   -1.03878   1.01857
5.13966   0.0804865   -1.00069   1.01926
5.26485   0.081173   -0.953005   1.0203
5.38497   0.0788548   -0.885791   1.01842
5.50902   0.0951792   -0.801491   1.02518
5.62492   0.098932   -0.702571   1.03399
5.75725   0.094241   -0.588283   1.02827
5.87596   0.0842501   -0.485423   1.02759
5.98704   0.058068   -0.353006   1.00993
