 Location  Dispersion    Centroids   Volume
0.000305614   0.0223518   -0.000974871   1.0002
0.0603198   0.0213569   0.0588285   0.999812
0.120044   0.0223252   0.119151   1.00001
0.180053   0.022397   0.178879   0.999987
0.240074   0.0225002   0.237558   1.00003
0.300181   0.022702   0.297404   0.99997
0.365904   0.0225758   0.356797   0.999963
0.425973   0.0222899   0.413931   1.00003
0.486004   0.0220944   0.467623   0.999997
0.545997   0.0219708   0.519784   0.999999
0.605993   0.0218482   0.570089   0.999999
0.665988   0.0217232   0.618363   0.999999
0.725983   0.021594   0.66441   0.999999
0.78598   0.0214619   0.708055   1
0.845976   0.0213314   0.749158   0.999999
0.90599   0.021241   0.787462   1.00001
0.966026   0.0211771   0.824093   0.999988
1.03193   0.0210661   0.858008   0.999993
1.09196   0.0208313   0.888171   1.00001
1.15197   0.0206618   0.914087   1
1.21197   0.020547   0.93681   1
1.27198   0.0204492   0.95616   1
1.33198   0.020367   0.972079   1
1.39198   0.0203015   0.984503   1
1.45199   0.020254   0.993388   1
1.51199   0.0202258   0.998702   1
1.572   0.0202194   1.00044   1
1.63201   0.0202452   0.998454   1
1.69801   0.0202602   0.992569   1
1.75802   0.0203183   0.982962   1
1.81803   0.0203863   0.970061   1
1.87803   0.0204724   0.953651   1
1.93804   0.0205726   0.933816   1
1.99805   0.0206849   0.910621   1
2.05805   0.0208077   0.88415   1
2.11806   0.0209401   0.85451   1
2.17806   0.021087   0.821798   1
2.23809   0.0212989   0.786272   1.00002
2.29816   0.0216393   0.746418   0.999997
2.36402   0.0216483   0.70318   0.999974
2.42406   0.0217044   0.657898   1.00002
2.48408   0.0217691   0.611637   1
2.54408   0.0218829   0.563063   1
2.60409   0.0219931   0.512461   1
2.66409   0.0220971   0.460002   1
2.72409   0.022194   0.405887   0.999999
2.78409   0.0222856   0.350341   1
2.84408   0.0223817   0.293549   0.999999
2.90412   0.0225451   0.23591   1.00003
2.96424   0.022884   0.175115   0.999975
3.02995   0.0228022   0.112922   0.999955
3.09002   0.0226276   0.0512494   1.00003
3.15006   0.0225335   -0.008573   0.999997
3.21005   0.0225059   -0.0685261   0.999999
3.27005   0.0224745   -0.128247   0.999997
3.33004   0.0224355   -0.187529   0.999997
3.39003   0.0223872   -0.246135   0.999997
3.45003   0.0223308   -0.30383   0.999999
3.51002   0.0222742   -0.360424   0.999997
3.57005   0.0222766   -0.415543   1.00002
3.63014   0.0223867   -0.47113   0.999974
3.6959   0.0222472   -0.52558   0.999971
3.75596   0.0219441   -0.577227   1.00002
3.81599   0.0217272   -0.62502   0.999998
3.87598   0.0215825   -0.670707   1
3.93598   0.0214424   -0.713991   0.999999
3.99598   0.0213039   -0.754722   1
4.05597   0.021166   -0.792738   1
4.11597   0.0210302   -0.827895   1
4.17597   0.0208998   -0.860081   1
4.23598   0.0207984   -0.889104   1.00001
4.296   0.0207051   -0.915725   0.999993
4.36195   0.0206274   -0.939147   0.999999
4.42197   0.020466   -0.958658   1.00001
4.48198   0.0203598   -0.97403   1
4.54199   0.0202941   -0.985965   1
4.60199   0.0202489   -0.994348   1
4.662   0.0202232   -0.999162   1
4.722   0.0202175   -1.00038   1
4.78201   0.020232   -0.998012   1
4.84201   0.0202678   -0.992046   1
4.90202   0.0203367   -0.982565   1
4.96204   0.0204672   -0.969046   1
5.02802   0.0204977   -0.95159   0.999995
5.08804   0.0206028   -0.93073   1.00001
5.14805   0.0207024   -0.907112   1
5.20805   0.0208249   -0.880179   1
5.26806   0.020955   -0.850089   1
5.32806   0.0210903   -0.816936   1
5.38807   0.0212294   -0.780842   1
5.44807   0.0213723   -0.741956   1
5.50808   0.0215261   -0.700408   1
5.56811   0.0217494   -0.656508   1.00002
5.6282   0.0221205   -0.608414   0.99999
5.694   0.0221017   -0.55737   0.999965
5.75405   0.0220837   -0.504941   1.00002
5.81408   0.0220529   -0.452198   0.999989
5.87409   0.0220526   -0.397419   1.00001
5.93383   0.0210862   -0.340988   0.999814
5.99378   0.0219485   -0.284448   1.00016
