 Location  Dispersion    Centroids   Volume
0.00549586   0.112336   0.00370874   1.01444
0.25833   0.0924587   0.251829   0.985334
0.498464   0.101215   0.486955   0.997892
0.748921   0.100342   0.689756   0.998018
1.00051   0.0970799   0.855684   1.0014
1.24702   0.0914922   0.956408   1.00159
1.50044   0.0918769   1.00818   1.00274
1.74897   0.103084   0.995776   1.00684
1.99031   0.110135   0.947997   0.999179
2.26357   0.120965   0.786751   1.03518
2.501   0.101901   0.526347   0.995212
2.7562   0.0821941   0.35518   1.02531
3.0324   0.0703852   0.0339751   1.07321
3.46788   0.0487403   -0.421828   1.17287
3.85058   0.00647374   -0.868759   1.84685
3.88078   -0.0277672   1.52502   0.0153642
4.2633   -4.20782e-05   2.95571   0.304525
3.98381   -0.00539795   -0.853479   1.24142
4.3893   0.0413092   -0.922312   1.15608
4.74387   0.0542885   -1.00581   1.01053
4.99963   0.0681997   -0.973842   1.0017
5.24733   0.0845087   -0.878629   1.00218
5.50078   0.0955299   -0.716971   0.999992
5.74387   0.0893549   -0.511461   0.98801
5.99223   0.0978336   -0.290641   1.00488
