 Location  Dispersion    Centroids   Volume
0.00138721   0.166089   -0.00353346   1.00019
0.252471   0.164864   0.249021   0.999685
0.496953   0.166704   0.481089   0.999974
0.747957   0.166764   0.685297   0.999949
0.999839   0.165675   0.846789   1.00005
1.24681   0.164978   0.955106   1.00007
1.49962   0.165041   1.004   1.00011
1.74684   0.165066   0.99095   1.00011
1.99984   0.165619   0.915694   1.00006
2.25161   0.165563   0.783557   0.999992
2.49836   0.16642   0.603849   0.999991
2.74944   0.167938   0.385354   0.999903
2.99971   0.167052   0.143021   0.999932
3.24655   0.167395   -0.106195   0.999919
3.49602   0.167224   -0.349207   0.99993
3.74286   0.166235   -0.570862   0.999959
3.99381   0.166526   -0.758357   0.999985
4.2461   0.16546   -0.898941   1.00007
4.49315   0.16493   -0.983128   1.00009
4.74618   0.165063   -1.00603   1.00012
4.99907   0.16493   -0.966331   1.00007
5.24615   0.165741   -0.86615   1.00005
5.49761   0.166026   -0.713362   0.999984
5.74247   0.164637   -0.516304   0.999755
5.99328   0.165462   -0.282634   1.00006
