 Location  Dispersion    Centroids   Volume
2.48494e-06   0.0301359   0.00325681   1
0.0300115   0.0301309   0.0294694   1
0.0600071   0.030134   0.061598   1
0.0900029   0.030127   0.0894339   1
0.119994   0.0301358   0.120154   1
0.149995   0.0301294   0.148353   1
0.180006   0.0301375   0.178691   1
0.210007   0.0301304   0.209423   1
0.239983   0.0301205   0.236108   0.999999
0.269969   0.0301438   0.26543   1
0.299989   0.0301431   0.29528   1
0.329999   0.0301321   0.323569   1
0.359995   0.0301408   0.351814   1
0.390014   0.0301432   0.38054   1
0.420022   0.0301313   0.409517   1
0.450002   0.0301298   0.434951   1
0.480001   0.0301311   0.461173   1
0.510013   0.0301362   0.487777   1
0.540004   0.0301343   0.514735   1
0.569991   0.0301357   0.539625   1
0.599973   0.0301337   0.563726   1
0.629974   0.030132   0.586822   1
0.659984   0.0301446   0.613097   1
0.690005   0.0301424   0.637031   1
0.720017   0.0301398   0.661394   1
0.756016   0.0301402   0.68636   1
0.786004   0.0301254   0.708766   1
0.816001   0.0301401   0.727828   1
0.846001   0.0301394   0.749054   1
0.875995   0.0301283   0.768353   1
0.905995   0.0301324   0.784775   1
0.935994   0.030144   0.8063   1
0.966008   0.030134   0.822945   1
0.996003   0.0301364   0.840262   1
1.026   0.0301341   0.855787   1
1.056   0.0301335   0.86946   1
1.08599   0.0301386   0.884483   1
1.116   0.0301329   0.898507   1
1.14599   0.0301339   0.910448   1
1.176   0.0301357   0.922213   1
1.20599   0.0301345   0.933792   1
1.23599   0.0301362   0.942886   1
1.266   0.0301404   0.953975   1
1.29601   0.0301362   0.964277   1
1.326   0.0301353   0.971024   1
1.356   0.0301351   0.976215   1
1.386   0.0301359   0.982583   1
1.416   0.0301351   0.987882   1
1.446   0.0301361   0.991687   1
1.476   0.0301358   0.995023   1
1.506   0.0301359   0.998069   1
1.536   0.0301356   0.998677   1
1.566   0.0301363   0.99985   1
1.596   0.0301356   0.998827   1
1.626   0.0301355   0.998367   1
1.656   0.030137   0.997161   1
1.686   0.030136   0.992261   1
1.716   0.0301357   0.98866   1
1.746   0.0301358   0.983874   1
1.776   0.0301364   0.97907   1
1.806   0.0301344   0.971416   1
1.836   0.0301334   0.96625   1
1.866   0.0301369   0.957546   1
1.896   0.0301368   0.946978   1
1.926   0.0301336   0.93749   1
1.956   0.0301337   0.927256   1
1.986   0.0301356   0.915044   1
2.016   0.0301415   0.901673   1
2.04601   0.0301336   0.888306   1
2.07601   0.0301361   0.87504   1
2.10601   0.0301389   0.859082   1
2.13601   0.0301351   0.843652   1
2.166   0.0301314   0.828048   1
2.19599   0.0301364   0.81143   1
2.226   0.0301366   0.792956   1
2.26199   0.0301322   0.771438   1
2.29198   0.0301396   0.753385   1
2.32199   0.0301456   0.729715   1
2.352   0.0301254   0.710951   1
2.38199   0.0301411   0.690864   1
2.41199   0.0301393   0.666448   1
2.44201   0.030142   0.643429   1
2.472   0.0301283   0.620981   1
2.50199   0.0301382   0.597938   1
2.532   0.0301385   0.571187   1
2.562   0.030135   0.547801   1
2.59199   0.0301398   0.523618   1
2.62199   0.0301324   0.496815   1
2.652   0.0301375   0.470389   1
2.68201   0.0301389   0.441998   1
2.712   0.0301363   0.416406   1
2.742   0.0301339   0.387756   1
2.77201   0.0301422   0.362146   1
2.80201   0.0301328   0.3317   1
2.832   0.0301258   0.305423   1
2.862   0.0301469   0.276631   1
2.89201   0.0301295   0.244613   1
2.922   0.0301288   0.218665   1
2.95198   0.0301327   0.189334   1
2.98199   0.0301398   0.159146   1
3.012   0.0301371   0.128914   1
3.04199   0.0301333   0.0993945   1
3.07199   0.0301339   0.0703493   1
3.10199   0.0301336   0.0392636   1
3.132   0.0301421   0.00934535   1
3.16201   0.0301336   -0.021868   1
3.19202   0.03014   -0.049385   1
3.222   0.0301385   -0.0816015   1
3.25199   0.0301316   -0.110298   1
3.282   0.0301375   -0.139423   1
3.31201   0.030141   -0.169345   1
3.342   0.0301374   -0.200438   1
3.37201   0.0301368   -0.228073   1
3.402   0.0301318   -0.257279   1
3.432   0.0301313   -0.286504   1
3.46198   0.0301324   -0.313399   1
3.49199   0.0301413   -0.342344   1
3.52201   0.0301401   -0.371834   1
3.55202   0.0301336   -0.399722   1
3.58201   0.0301391   -0.426615   1
3.61201   0.0301367   -0.4535   1
3.64201   0.0301378   -0.480312   1
3.67201   0.0301331   -0.5058   1
3.70202   0.030133   -0.532665   1
3.73201   0.0301341   -0.557762   1
3.768   0.0301373   -0.585293   1
3.798   0.0301375   -0.609846   1
3.828   0.0301324   -0.6343   1
3.858   0.0301301   -0.657017   1
3.888   0.0301363   -0.679066   1
3.91801   0.0301345   -0.700741   1
3.948   0.0301322   -0.721954   1
3.978   0.0301381   -0.741203   1
4.008   0.0301376   -0.762211   1
4.038   0.0301357   -0.779958   1
4.06799   0.0301359   -0.79917   1
4.09799   0.0301388   -0.815719   1
4.12799   0.0301359   -0.832911   1
4.158   0.0301384   -0.850332   1
4.188   0.0301311   -0.865973   1
4.21799   0.0301319   -0.87935   1
4.24799   0.0301339   -0.892748   1
4.27799   0.0301365   -0.905916   1
4.30799   0.0301366   -0.917888   1
4.338   0.0301339   -0.929934   1
4.368   0.0301367   -0.942625   1
4.398   0.0301359   -0.952889   1
4.428   0.0301348   -0.959806   1
4.458   0.0301361   -0.967545   1
4.488   0.0301358   -0.975487   1
4.518   0.0301335   -0.981296   1
4.548   0.0301363   -0.986755   1
4.578   0.0301373   -0.991128   1
4.608   0.0301343   -0.997137   1
4.638   0.0301358   -0.996393   1
4.668   0.0301355   -0.997839   1
4.698   0.0301366   -0.998973   1
4.728   0.0301351   -0.997956   1
4.758   0.0301358   -1.00021   1
4.788   0.0301355   -0.996995   1
4.818   0.0301363   -0.993804   1
4.848   0.0301354   -0.989319   1
4.878   0.0301347   -0.98691   1
4.908   0.0301356   -0.980901   1
4.938   0.0301371   -0.975493   1
4.968   0.0301361   -0.966334   1
4.998   0.0301335   -0.958681   1
5.028   0.0301347   -0.952291   1
5.058   0.0301392   -0.940224   1
5.088   0.0301335   -0.930305   1
5.118   0.0301342   -0.918928   1
5.148   0.0301362   -0.908392   1
5.178   0.0301311   -0.893844   1
5.20799   0.030137   -0.881048   1
5.238   0.0301392   -0.866088   1
5.274   0.030141   -0.846316   1
5.304   0.030132   -0.830012   1
5.33399   0.0301314   -0.81373   1
5.364   0.0301409   -0.795406   1
5.394   0.0301362   -0.776322   1
5.424   0.0301351   -0.756587   1
5.454   0.0301327   -0.73786   1
5.484   0.0301388   -0.716704   1
5.51401   0.0301382   -0.694043   1
5.54401   0.0301385   -0.673162   1
5.57401   0.0301378   -0.650433   1
5.60401   0.0301268   -0.627516   1
5.63399   0.0301278   -0.605627   1
5.66398   0.0301393   -0.582361   1
5.694   0.0301391   -0.5548   1
5.72401   0.0301332   -0.530089   1
5.754   0.0301394   -0.504548   1
5.784   0.0301328   -0.477743   1
5.814   0.0301354   -0.452897   1
5.844   0.0301341   -0.426021   1
5.87399   0.0301353   -0.398725   1
5.904   0.0301357   -0.370158   1
5.93399   0.030125   -0.343453   1
5.96398   0.0301417   -0.313776   1
5.99399   0.0301407   -0.285276   1
