 x  	 F(x)  
0	0.133199
0.003	0.134266
0.006	0.13534
0.009	0.136421
0.012	0.13751
0.015	0.138606
0.018	0.13971
0.021	0.140822
0.024	0.141941
0.027	0.143067
0.03	0.144202
0.033	0.145344
0.036	0.146494
0.039	0.147652
0.042	0.148817
0.045	0.149991
0.048	0.151172
0.051	0.152361
0.054	0.153559
0.057	0.154764
0.06	0.155977
0.063	0.157198
0.066	0.158428
0.069	0.159665
0.072	0.160911
0.075	0.162165
0.078	0.163427
0.081	0.164697
0.084	0.165976
0.087	0.167263
0.09	0.168558
0.093	0.169862
0.096	0.171174
0.099	0.172494
0.102	0.173823
0.105	0.175161
0.108	0.176506
0.111	0.177861
0.114	0.179224
0.117	0.180595
0.12	0.181976
0.123	0.183365
0.126	0.184762
0.129	0.186168
0.132	0.187583
0.135	0.189007
0.138	0.190439
0.141	0.191881
0.144	0.193331
0.147	0.19479
0.15	0.196257
0.153	0.197734
0.156	0.199219
0.159	0.200714
0.162	0.202217
0.165	0.20373
0.168	0.205251
0.171	0.206781
0.174	0.208321
0.177	0.209869
0.18	0.211427
0.183	0.212993
0.186	0.214569
0.189	0.216154
0.192	0.217747
0.195	0.21935
0.198	0.220963
0.201	0.222584
0.204	0.224214
0.207	0.225854
0.21	0.227503
0.213	0.229161
0.216	0.230828
0.219	0.232505
0.222	0.23419
0.225	0.235885
0.228	0.23759
0.231	0.239303
0.234	0.241026
0.237	0.242758
0.24	0.244499
0.243	0.24625
0.246	0.248009
0.249	0.249778
0.252	0.251557
0.255	0.253344
0.258	0.255141
0.261	0.256948
0.264	0.258763
0.267	0.260588
0.27	0.262422
0.273	0.264265
0.276	0.266118
0.279	0.26798
0.282	0.269851
0.285	0.271731
0.288	0.273621
0.291	0.275519
0.294	0.277427
0.297	0.279345
0.3	0.281271
0.303	0.283206
0.306	0.285151
0.309	0.287105
0.312	0.289068
0.315	0.29104
0.318	0.293021
0.321	0.295012
0.324	0.297011
0.327	0.299019
0.33	0.301037
0.333	0.303063
0.336	0.305099
0.339	0.307143
0.342	0.309196
0.345	0.311259
0.348	0.31333
0.351	0.315409
0.354	0.317498
0.357	0.319596
0.36	0.321702
0.363	0.323817
0.366	0.32594
0.369	0.328073
0.372	0.330214
0.375	0.332363
0.378	0.334521
0.381	0.336688
0.384	0.338862
0.387	0.341046
0.39	0.343238
0.393	0.345438
0.396	0.347646
0.399	0.349863
0.402	0.352088
0.405	0.354321
0.408	0.356562
0.411	0.358811
0.414	0.361068
0.417	0.363333
0.42	0.365606
0.423	0.367887
0.426	0.370176
0.429	0.372472
0.432	0.374776
0.435	0.377088
0.438	0.379407
0.441	0.381734
0.444	0.384068
0.447	0.38641
0.45	0.388759
0.453	0.391115
0.456	0.393478
0.459	0.395849
0.462	0.398226
0.465	0.400611
0.468	0.403002
0.471	0.4054
0.474	0.407805
0.477	0.410217
0.48	0.412635
0.483	0.41506
0.486	0.417491
0.489	0.419929
0.492	0.422373
0.495	0.424824
0.498	0.42728
0.501	0.429743
0.504	0.432211
0.507	0.434686
0.51	0.437166
0.513	0.439652
0.516	0.442144
0.519	0.444641
0.522	0.447144
0.525	0.449652
0.528	0.452165
0.531	0.454684
0.534	0.457208
0.537	0.459736
0.54	0.46227
0.543	0.464809
0.546	0.467352
0.549	0.4699
0.552	0.472453
0.555	0.47501
0.558	0.477571
0.561	0.480137
0.564	0.482707
0.567	0.48528
0.57	0.487858
0.573	0.49044
0.576	0.493025
0.579	0.495614
0.582	0.498207
0.585	0.500803
0.588	0.503403
0.591	0.506005
0.594	0.508611
0.597	0.51122
0.6	0.513832
0.603	0.516446
0.606	0.519063
0.609	0.521683
0.612	0.524305
0.615	0.52693
0.618	0.529557
0.621	0.532186
0.624	0.534817
0.627	0.53745
0.63	0.540085
0.633	0.542721
0.636	0.545359
0.639	0.547999
0.642	0.55064
0.645	0.553282
0.648	0.555925
0.651	0.558569
0.654	0.561214
0.657	0.56386
0.66	0.566507
0.663	0.569154
0.666	0.571801
0.669	0.574449
0.672	0.577097
0.675	0.579745
0.678	0.582393
0.681	0.585041
0.684	0.587688
0.687	0.590335
0.69	0.592982
0.693	0.595628
0.696	0.598273
0.699	0.600917
0.702	0.60356
0.705	0.606203
0.708	0.608843
0.711	0.611483
0.714	0.614121
0.717	0.616758
0.72	0.619392
0.723	0.622025
0.726	0.624656
0.729	0.627285
0.732	0.629912
0.735	0.632537
0.738	0.635159
0.741	0.637778
0.744	0.640395
0.747	0.64301
0.75	0.645621
0.753	0.648229
0.756	0.650834
0.759	0.653436
0.762	0.656035
0.765	0.65863
0.768	0.661222
0.771	0.66381
0.774	0.666394
0.777	0.668975
0.78	0.671551
0.783	0.674123
0.786	0.676691
0.789	0.679255
0.792	0.681814
0.795	0.684368
0.798	0.686918
0.801	0.689464
0.804	0.692004
0.807	0.694539
0.81	0.69707
0.813	0.699595
0.816	0.702114
0.819	0.704629
0.822	0.707137
0.825	0.709641
0.828	0.712138
0.831	0.71463
0.834	0.717116
0.837	0.719595
0.84	0.722069
0.843	0.724536
0.846	0.726998
0.849	0.729452
0.852	0.731901
0.855	0.734342
0.858	0.736777
0.861	0.739205
0.864	0.741627
0.867	0.744041
0.87	0.746448
0.873	0.748848
0.876	0.751241
0.879	0.753627
0.882	0.756005
0.885	0.758376
0.888	0.760739
0.891	0.763095
0.894	0.765442
0.897	0.767782
0.9	0.770114
0.903	0.772438
0.906	0.774754
0.909	0.777062
0.912	0.779362
0.915	0.781653
0.918	0.783936
0.921	0.78621
0.924	0.788476
0.927	0.790734
0.93	0.792982
0.933	0.795222
0.936	0.797454
0.939	0.799676
0.942	0.801889
0.945	0.804094
0.948	0.806289
0.951	0.808475
0.954	0.810652
0.957	0.81282
0.96	0.814979
0.963	0.817128
0.966	0.819267
0.969	0.821397
0.972	0.823518
0.975	0.825629
0.978	0.82773
0.981	0.829822
0.984	0.831904
0.987	0.833976
0.99	0.836038
0.993	0.83809
0.996	0.840133
0.999	0.842165
1.002	0.844187
1.005	0.846199
1.008	0.848201
1.011	0.850193
1.014	0.852174
1.017	0.854146
1.02	0.856106
1.023	0.858057
1.026	0.859997
1.029	0.861927
1.032	0.863846
1.035	0.865755
1.038	0.867653
1.041	0.869541
1.044	0.871418
1.047	0.873284
1.05	0.87514
1.053	0.876985
1.056	0.878819
1.059	0.880642
1.062	0.882455
1.065	0.884257
1.068	0.886048
1.071	0.887828
1.074	0.889597
1.077	0.891355
1.08	0.893103
1.083	0.894839
1.086	0.896565
1.089	0.898279
1.092	0.899983
1.095	0.901675
1.098	0.903356
1.101	0.905027
1.104	0.906686
1.107	0.908334
1.11	0.909971
1.113	0.911597
1.116	0.913211
1.119	0.914815
1.122	0.916407
1.125	0.917988
1.128	0.919558
1.131	0.921117
1.134	0.922665
1.137	0.924201
1.14	0.925726
1.143	0.92724
1.146	0.928743
1.149	0.930234
1.152	0.931714
1.155	0.933183
1.158	0.934641
1.161	0.936087
1.164	0.937522
1.167	0.938946
1.17	0.940359
1.173	0.94176
1.176	0.943151
1.179	0.944529
1.182	0.945897
1.185	0.947253
1.188	0.948598
1.191	0.949932
1.194	0.951255
1.197	0.952566
1.2	0.953866
1.203	0.955155
1.206	0.956433
1.209	0.957699
1.212	0.958954
1.215	0.960198
1.218	0.961431
1.221	0.962653
1.224	0.963863
1.227	0.965062
1.23	0.96625
1.233	0.967427
1.236	0.968592
1.239	0.969747
1.242	0.97089
1.245	0.972022
1.248	0.973143
1.251	0.974253
1.254	0.975352
1.257	0.97644
1.26	0.977516
1.263	0.978582
1.266	0.979636
1.269	0.98068
1.272	0.981712
1.275	0.982734
1.278	0.983744
1.281	0.984743
1.284	0.985732
1.287	0.986709
1.29	0.987675
1.293	0.988631
1.296	0.989575
1.299	0.990509
1.302	0.991432
1.305	0.992344
1.308	0.993244
1.311	0.994134
1.314	0.995014
1.317	0.995882
1.32	0.996739
1.323	0.997586
1.326	0.998422
1.329	0.999247
1.332	1.00006
1.335	1.00086
1.338	1.00166
1.341	1.00244
1.344	1.00321
1.347	1.00397
1.35	1.00472
1.353	1.00546
1.356	1.00619
1.359	1.00691
1.362	1.00762
1.365	1.00831
1.368	1.009
1.371	1.00967
1.374	1.01034
1.377	1.01099
1.38	1.01164
1.383	1.01227
1.386	1.01289
1.389	1.01351
1.392	1.01411
1.395	1.0147
1.398	1.01528
1.401	1.01585
1.404	1.01641
1.407	1.01696
1.41	1.0175
1.413	1.01803
1.416	1.01855
1.419	1.01905
1.422	1.01955
1.425	1.02004
1.428	1.02052
1.431	1.02098
1.434	1.02144
1.437	1.02188
1.44	1.02232
1.443	1.02275
1.446	1.02316
1.449	1.02357
1.452	1.02396
1.455	1.02435
1.458	1.02472
1.461	1.02508
1.464	1.02544
1.467	1.02578
1.47	1.02611
1.473	1.02644
1.476	1.02675
1.479	1.02705
1.482	1.02735
1.485	1.02763
1.488	1.0279
1.491	1.02816
1.494	1.02842
1.497	1.02866
1.5	1.02889
1.503	1.02911
1.506	1.02932
1.509	1.02952
1.512	1.02972
1.515	1.0299
1.518	1.03007
1.521	1.03023
1.524	1.03038
1.527	1.03052
1.53	1.03065
1.533	1.03077
1.536	1.03088
1.539	1.03099
1.542	1.03108
1.545	1.03116
1.548	1.03123
1.551	1.03129
1.554	1.03134
1.557	1.03138
1.56	1.03141
1.563	1.03143
1.566	1.03144
1.569	1.03144
1.572	1.03143
1.575	1.03141
1.578	1.03138
1.581	1.03134
1.584	1.03129
1.587	1.03123
1.59	1.03116
1.593	1.03108
1.596	1.031
1.599	1.0309
1.602	1.03079
1.605	1.03067
1.608	1.03053
1.611	1.03039
1.614	1.03024
1.617	1.03008
1.62	1.02991
1.623	1.02973
1.626	1.02954
1.629	1.02934
1.632	1.02913
1.635	1.02891
1.638	1.02868
1.641	1.02844
1.644	1.02819
1.647	1.02793
1.65	1.02765
1.653	1.02737
1.656	1.02708
1.659	1.02678
1.662	1.02647
1.665	1.02615
1.668	1.02581
1.671	1.02547
1.674	1.02512
1.677	1.02475
1.68	1.02438
1.683	1.024
1.686	1.0236
1.689	1.0232
1.692	1.02279
1.695	1.02236
1.698	1.02193
1.701	1.02148
1.704	1.02103
1.707	1.02056
1.71	1.02008
1.713	1.0196
1.716	1.0191
1.719	1.01859
1.722	1.01808
1.725	1.01755
1.728	1.01701
1.731	1.01646
1.734	1.0159
1.737	1.01533
1.74	1.01475
1.743	1.01416
1.746	1.01356
1.749	1.01295
1.752	1.01233
1.755	1.01169
1.758	1.01105
1.761	1.0104
1.764	1.00973
1.767	1.00906
1.77	1.00837
1.773	1.00768
1.776	1.00697
1.779	1.00625
1.782	1.00552
1.785	1.00479
1.788	1.00404
1.791	1.00328
1.794	1.00251
1.797	1.00172
1.8	1.00093
1.803	1.00013
1.806	0.999315
1.809	0.99849
1.812	0.997655
1.815	0.996808
1.818	0.995951
1.821	0.995083
1.824	0.994205
1.827	0.993315
1.83	0.992414
1.833	0.991503
1.836	0.990581
1.839	0.989647
1.842	0.988703
1.845	0.987748
1.848	0.986782
1.851	0.985804
1.854	0.984816
1.857	0.983817
1.86	0.982807
1.863	0.981785
1.866	0.980753
1.869	0.97971
1.872	0.978655
1.875	0.97759
1.878	0.976513
1.881	0.975425
1.884	0.974326
1.887	0.973216
1.89	0.972095
1.893	0.970962
1.896	0.969819
1.899	0.968664
1.902	0.967498
1.905	0.966321
1.908	0.965133
1.911	0.963933
1.914	0.962722
1.917	0.9615
1.92	0.960267
1.923	0.959022
1.926	0.957766
1.929	0.956499
1.932	0.955221
1.935	0.953931
1.938	0.95263
1.941	0.951318
1.944	0.949995
1.947	0.94866
1.95	0.947314
1.953	0.945956
1.956	0.944588
1.959	0.943208
1.962	0.941816
1.965	0.940414
1.968	0.939
1.971	0.937574
1.974	0.936138
1.977	0.93469
1.98	0.933231
1.983	0.93176
1.986	0.930278
1.989	0.928785
1.992	0.927281
1.995	0.925765
1.998	0.924238
2.001	0.9227
2.004	0.92115
2.007	0.919589
2.01	0.918017
2.013	0.916434
2.016	0.914839
2.019	0.913233
2.022	0.911616
2.025	0.909988
2.028	0.908349
2.031	0.906698
2.034	0.905036
2.037	0.903363
2.04	0.901679
2.043	0.899984
2.046	0.898278
2.049	0.89656
2.052	0.894832
2.055	0.893092
2.058	0.891342
2.061	0.88958
2.064	0.887807
2.067	0.886024
2.07	0.884229
2.073	0.882424
2.076	0.880608
2.079	0.87878
2.082	0.876942
2.085	0.875094
2.088	0.873234
2.091	0.871364
2.094	0.869482
2.097	0.867591
2.1	0.865688
2.103	0.863775
2.106	0.861851
2.109	0.859917
2.112	0.857972
2.115	0.856017
2.118	0.854051
2.121	0.852075
2.124	0.850089
2.127	0.848092
2.13	0.846085
2.133	0.844067
2.136	0.84204
2.139	0.840002
2.142	0.837954
2.145	0.835896
2.148	0.833828
2.151	0.83175
2.154	0.829662
2.157	0.827565
2.16	0.825457
2.163	0.82334
2.166	0.821213
2.169	0.819076
2.172	0.81693
2.175	0.814774
2.178	0.812608
2.181	0.810434
2.184	0.808249
2.187	0.806056
2.19	0.803853
2.193	0.801641
2.196	0.79942
2.199	0.79719
2.202	0.794951
2.205	0.792703
2.208	0.790446
2.211	0.78818
2.214	0.785906
2.217	0.783623
2.22	0.781331
2.223	0.779031
2.226	0.776722
2.229	0.774405
2.232	0.772079
2.235	0.769746
2.238	0.767404
2.241	0.765054
2.244	0.762696
2.247	0.760331
2.25	0.757957
2.253	0.755576
2.256	0.753187
2.259	0.75079
2.262	0.748386
2.265	0.745974
2.268	0.743555
2.271	0.741129
2.274	0.738696
2.277	0.736255
2.28	0.733808
2.283	0.731353
2.286	0.728892
2.289	0.726424
2.292	0.723949
2.295	0.721468
2.298	0.71898
2.301	0.716486
2.304	0.713986
2.307	0.711479
2.31	0.708967
2.313	0.706448
2.316	0.703924
2.319	0.701393
2.322	0.698857
2.325	0.696315
2.328	0.693768
2.331	0.691215
2.334	0.688657
2.337	0.686094
2.34	0.683526
2.343	0.680952
2.346	0.678374
2.349	0.675791
2.352	0.673203
2.355	0.67061
2.358	0.668013
2.361	0.665412
2.364	0.662806
2.367	0.660196
2.37	0.657582
2.373	0.654963
2.376	0.652341
2.379	0.649715
2.382	0.647086
2.385	0.644452
2.388	0.641816
2.391	0.639175
2.394	0.636532
2.397	0.633885
2.4	0.631235
2.403	0.628582
2.406	0.625927
2.409	0.623268
2.412	0.620607
2.415	0.617943
2.418	0.615277
2.421	0.612608
2.424	0.609937
2.427	0.607264
2.43	0.604589
2.433	0.601912
2.436	0.599233
2.439	0.596552
2.442	0.59387
2.445	0.591186
2.448	0.588501
2.451	0.585814
2.454	0.583126
2.457	0.580437
2.46	0.577747
2.463	0.575055
2.466	0.572363
2.469	0.569671
2.472	0.566977
2.475	0.564283
2.478	0.561589
2.481	0.558894
2.484	0.556199
2.487	0.553504
2.49	0.550808
2.493	0.548113
2.496	0.545418
2.499	0.542723
2.502	0.540029
2.505	0.537334
2.508	0.534641
2.511	0.531947
2.514	0.529255
2.517	0.526563
2.52	0.523872
2.523	0.521182
2.526	0.518493
2.529	0.515806
2.532	0.513119
2.535	0.510434
2.538	0.50775
2.541	0.505067
2.544	0.502386
2.547	0.499707
2.55	0.497029
2.553	0.494354
2.556	0.49168
2.559	0.489008
2.562	0.486338
2.565	0.48367
2.568	0.481004
2.571	0.47834
2.574	0.475679
2.577	0.47302
2.58	0.470364
2.583	0.46771
2.586	0.465059
2.589	0.462411
2.592	0.459765
2.595	0.457122
2.598	0.454482
2.601	0.451845
2.604	0.449211
2.607	0.446579
2.61	0.443952
2.613	0.441327
2.616	0.438705
2.619	0.436087
2.622	0.433472
2.625	0.430861
2.628	0.428253
2.631	0.425649
2.634	0.423048
2.637	0.420451
2.64	0.417857
2.643	0.415267
2.646	0.412681
2.649	0.410099
2.652	0.407521
2.655	0.404947
2.658	0.402376
2.661	0.39981
2.664	0.397248
2.667	0.39469
2.67	0.392135
2.673	0.389586
2.676	0.38704
2.679	0.384498
2.682	0.381961
2.685	0.379428
2.688	0.3769
2.691	0.374376
2.694	0.371856
2.697	0.369341
2.7	0.36683
2.703	0.364324
2.706	0.361822
2.709	0.359324
2.712	0.356832
2.715	0.354343
2.718	0.35186
2.721	0.349381
2.724	0.346907
2.727	0.344437
2.73	0.341972
2.733	0.339512
2.736	0.337056
2.739	0.334606
2.742	0.332159
2.745	0.329718
2.748	0.327282
2.751	0.32485
2.754	0.322423
2.757	0.32
2.76	0.317583
2.763	0.31517
2.766	0.312762
2.769	0.310359
2.772	0.307961
2.775	0.305567
2.778	0.303178
2.781	0.300794
2.784	0.298415
2.787	0.296041
2.79	0.293671
2.793	0.291307
2.796	0.288947
2.799	0.286591
2.802	0.284241
2.805	0.281895
2.808	0.279554
2.811	0.277218
2.814	0.274886
2.817	0.272559
2.82	0.270237
2.823	0.267919
2.826	0.265606
2.829	0.263298
2.832	0.260995
2.835	0.258696
2.838	0.256401
2.841	0.254111
2.844	0.251826
2.847	0.249545
2.85	0.247269
2.853	0.244997
2.856	0.24273
2.859	0.240467
2.862	0.238208
2.865	0.235954
2.868	0.233704
2.871	0.231459
2.874	0.229218
2.877	0.226981
2.88	0.224748
2.883	0.22252
2.886	0.220295
2.889	0.218075
2.892	0.215859
2.895	0.213647
2.898	0.211439
2.901	0.209236
2.904	0.207036
2.907	0.20484
2.91	0.202648
2.913	0.20046
2.916	0.198275
2.919	0.196095
2.922	0.193918
2.925	0.191745
2.928	0.189576
2.931	0.18741
2.934	0.185248
2.937	0.183089
2.94	0.180934
2.943	0.178783
2.946	0.176635
2.949	0.17449
2.952	0.172349
2.955	0.170211
2.958	0.168076
2.961	0.165944
2.964	0.163816
2.967	0.161691
2.97	0.159569
2.973	0.15745
2.976	0.155334
2.979	0.15322
2.982	0.15111
2.985	0.149003
2.988	0.146898
2.991	0.144797
2.994	0.142698
2.997	0.140601
3	0.138508
3.003	0.136417
3.006	0.134328
3.009	0.132242
3.012	0.130158
3.015	0.128077
3.018	0.125998
3.021	0.123921
3.024	0.121847
3.027	0.119775
3.03	0.117704
3.033	0.115636
3.036	0.11357
3.039	0.111506
3.042	0.109444
3.045	0.107384
3.048	0.105326
3.051	0.103269
3.054	0.101215
3.057	0.0991614
3.06	0.0971099
3.063	0.09506
3.066	0.0930116
3.069	0.0909647
3.072	0.0889192
3.075	0.0868751
3.078	0.0848323
3.081	0.0827908
3.084	0.0807506
3.087	0.0787115
3.09	0.0766735
3.093	0.0746366
3.096	0.0726007
3.099	0.0705658
3.102	0.0685319
3.105	0.0664987
3.108	0.0644664
3.111	0.0624349
3.114	0.0604041
3.117	0.0583739
3.12	0.0563444
3.123	0.0543154
3.126	0.052287
3.129	0.050259
3.132	0.0482314
3.135	0.0462042
3.138	0.0441773
3.141	0.0421507
3.144	0.0401243
3.147	0.038098
3.15	0.0360719
3.153	0.0340458
3.156	0.0320198
3.159	0.0299937
3.162	0.0279676
3.165	0.0259413
3.168	0.0239149
3.171	0.0218883
3.174	0.0198613
3.177	0.0178341
3.18	0.0158065
3.183	0.0137785
3.186	0.01175
3.189	0.00972107
3.192	0.00769157
3.195	0.00566146
3.198	0.00363072
3.201	0.0015993
3.204	-0.000432853
3.207	-0.00246578
3.21	-0.00449952
3.213	-0.00653413
3.216	-0.00856964
3.219	-0.0106061
3.222	-0.0126436
3.225	-0.014682
3.228	-0.0167216
3.231	-0.0187623
3.234	-0.0208041
3.237	-0.0228472
3.24	-0.0248915
3.243	-0.0269371
3.246	-0.028984
3.249	-0.0310323
3.252	-0.0330819
3.255	-0.0351331
3.258	-0.0371857
3.261	-0.0392398
3.264	-0.0412955
3.267	-0.0433528
3.27	-0.0454117
3.273	-0.0474723
3.276	-0.0495347
3.279	-0.0515987
3.282	-0.0536646
3.285	-0.0557323
3.288	-0.0578018
3.291	-0.0598732
3.294	-0.0619465
3.297	-0.0640218
3.3	-0.0660991
3.303	-0.0681784
3.306	-0.0702598
3.309	-0.0723432
3.312	-0.0744288
3.315	-0.0765166
3.318	-0.0786065
3.321	-0.0806986
3.324	-0.082793
3.327	-0.0848896
3.33	-0.0869885
3.333	-0.0890898
3.336	-0.0911934
3.339	-0.0932995
3.342	-0.0954079
3.345	-0.0975188
3.348	-0.0996321
3.351	-0.101748
3.354	-0.103866
3.357	-0.105987
3.36	-0.108111
3.363	-0.110237
3.366	-0.112365
3.369	-0.114497
3.372	-0.116631
3.375	-0.118767
3.378	-0.120906
3.381	-0.123049
3.384	-0.125193
3.387	-0.127341
3.39	-0.129491
3.393	-0.131644
3.396	-0.1338
3.399	-0.135959
3.402	-0.138121
3.405	-0.140285
3.408	-0.142453
3.411	-0.144623
3.414	-0.146796
3.417	-0.148972
3.42	-0.151151
3.423	-0.153333
3.426	-0.155518
3.429	-0.157706
3.432	-0.159897
3.435	-0.162091
3.438	-0.164288
3.441	-0.166488
3.444	-0.168691
3.447	-0.170897
3.45	-0.173107
3.453	-0.175319
3.456	-0.177534
3.459	-0.179752
3.462	-0.181974
3.465	-0.184198
3.468	-0.186426
3.471	-0.188657
3.474	-0.19089
3.477	-0.193127
3.48	-0.195367
3.483	-0.19761
3.486	-0.199857
3.489	-0.202106
3.492	-0.204358
3.495	-0.206614
3.498	-0.208872
3.501	-0.211134
3.504	-0.213399
3.507	-0.215667
3.51	-0.217938
3.513	-0.220212
3.516	-0.22249
3.519	-0.22477
3.522	-0.227053
3.525	-0.22934
3.528	-0.231629
3.531	-0.233922
3.534	-0.236218
3.537	-0.238516
3.54	-0.240818
3.543	-0.243123
3.546	-0.245431
3.549	-0.247742
3.552	-0.250056
3.555	-0.252373
3.558	-0.254692
3.561	-0.257015
3.564	-0.259341
3.567	-0.26167
3.57	-0.264001
3.573	-0.266336
3.576	-0.268673
3.579	-0.271013
3.582	-0.273356
3.585	-0.275702
3.588	-0.278051
3.591	-0.280403
3.594	-0.282757
3.597	-0.285115
3.6	-0.287474
3.603	-0.289837
3.606	-0.292203
3.609	-0.294571
3.612	-0.296941
3.615	-0.299315
3.618	-0.301691
3.621	-0.304069
3.624	-0.306451
3.627	-0.308834
3.63	-0.311221
3.633	-0.313609
3.636	-0.316001
3.639	-0.318394
3.642	-0.32079
3.645	-0.323189
3.648	-0.32559
3.651	-0.327993
3.654	-0.330398
3.657	-0.332806
3.66	-0.335216
3.663	-0.337628
3.666	-0.340043
3.669	-0.342459
3.672	-0.344878
3.675	-0.347299
3.678	-0.349722
3.681	-0.352147
3.684	-0.354574
3.687	-0.357002
3.69	-0.359433
3.693	-0.361866
3.696	-0.3643
3.699	-0.366737
3.702	-0.369175
3.705	-0.371614
3.708	-0.374056
3.711	-0.376499
3.714	-0.378944
3.717	-0.38139
3.72	-0.383838
3.723	-0.386288
3.726	-0.388739
3.729	-0.391191
3.732	-0.393645
3.735	-0.3961
3.738	-0.398556
3.741	-0.401014
3.744	-0.403473
3.747	-0.405933
3.75	-0.408394
3.753	-0.410856
3.756	-0.413319
3.759	-0.415784
3.762	-0.418249
3.765	-0.420715
3.768	-0.423182
3.771	-0.42565
3.774	-0.428119
3.777	-0.430588
3.78	-0.433058
3.783	-0.435529
3.786	-0.438
3.789	-0.440472
3.792	-0.442944
3.795	-0.445417
3.798	-0.44789
3.801	-0.450364
3.804	-0.452838
3.807	-0.455312
3.81	-0.457786
3.813	-0.46026
3.816	-0.462735
3.819	-0.465209
3.822	-0.467684
3.825	-0.470158
3.828	-0.472633
3.831	-0.475107
3.834	-0.477581
3.837	-0.480055
3.84	-0.482528
3.843	-0.485001
3.846	-0.487474
3.849	-0.489946
3.852	-0.492418
3.855	-0.494889
3.858	-0.497359
3.861	-0.499829
3.864	-0.502298
3.867	-0.504766
3.87	-0.507234
3.873	-0.5097
3.876	-0.512166
3.879	-0.514631
3.882	-0.517094
3.885	-0.519556
3.888	-0.522018
3.891	-0.524478
3.894	-0.526936
3.897	-0.529394
3.9	-0.53185
3.903	-0.534304
3.906	-0.536757
3.909	-0.539209
3.912	-0.541659
3.915	-0.544107
3.918	-0.546554
3.921	-0.548998
3.924	-0.551441
3.927	-0.553882
3.93	-0.556321
3.933	-0.558758
3.936	-0.561193
3.939	-0.563626
3.942	-0.566057
3.945	-0.568485
3.948	-0.570911
3.951	-0.573335
3.954	-0.575757
3.957	-0.578176
3.96	-0.580592
3.963	-0.583006
3.966	-0.585417
3.969	-0.587826
3.972	-0.590232
3.975	-0.592635
3.978	-0.595035
3.981	-0.597433
3.984	-0.599827
3.987	-0.602218
3.99	-0.604607
3.993	-0.606992
3.996	-0.609374
3.999	-0.611753
4.002	-0.614128
4.005	-0.6165
4.008	-0.618869
4.011	-0.621234
4.014	-0.623596
4.017	-0.625954
4.02	-0.628309
4.023	-0.630659
4.026	-0.633007
4.029	-0.63535
4.032	-0.637689
4.035	-0.640025
4.038	-0.642357
4.041	-0.644684
4.044	-0.647008
4.047	-0.649327
4.05	-0.651643
4.053	-0.653954
4.056	-0.656261
4.059	-0.658563
4.062	-0.660861
4.065	-0.663155
4.068	-0.665444
4.071	-0.667729
4.074	-0.670009
4.077	-0.672284
4.08	-0.674555
4.083	-0.676821
4.086	-0.679082
4.089	-0.681338
4.092	-0.683589
4.095	-0.685836
4.098	-0.688077
4.101	-0.690313
4.104	-0.692545
4.107	-0.694771
4.11	-0.696992
4.113	-0.699207
4.116	-0.701417
4.119	-0.703622
4.122	-0.705822
4.125	-0.708016
4.128	-0.710204
4.131	-0.712387
4.134	-0.714565
4.137	-0.716736
4.14	-0.718902
4.143	-0.721063
4.146	-0.723217
4.149	-0.725366
4.152	-0.727508
4.155	-0.729645
4.158	-0.731776
4.161	-0.7339
4.164	-0.736019
4.167	-0.738132
4.17	-0.740238
4.173	-0.742338
4.176	-0.744432
4.179	-0.746519
4.182	-0.7486
4.185	-0.750675
4.188	-0.752743
4.191	-0.754805
4.194	-0.75686
4.197	-0.758909
4.2	-0.760951
4.203	-0.762986
4.206	-0.765015
4.209	-0.767037
4.212	-0.769052
4.215	-0.77106
4.218	-0.773062
4.221	-0.775056
4.224	-0.777044
4.227	-0.779024
4.23	-0.780998
4.233	-0.782964
4.236	-0.784923
4.239	-0.786875
4.242	-0.78882
4.245	-0.790757
4.248	-0.792688
4.251	-0.794611
4.254	-0.796526
4.257	-0.798434
4.26	-0.800335
4.263	-0.802228
4.266	-0.804114
4.269	-0.805992
4.272	-0.807862
4.275	-0.809725
4.278	-0.81158
4.281	-0.813427
4.284	-0.815267
4.287	-0.817099
4.29	-0.818923
4.293	-0.820739
4.296	-0.822547
4.299	-0.824347
4.302	-0.82614
4.305	-0.827924
4.308	-0.8297
4.311	-0.831468
4.314	-0.833228
4.317	-0.83498
4.32	-0.836723
4.323	-0.838459
4.326	-0.840186
4.329	-0.841905
4.332	-0.843615
4.335	-0.845317
4.338	-0.847011
4.341	-0.848696
4.344	-0.850373
4.347	-0.852041
4.35	-0.853701
4.353	-0.855352
4.356	-0.856994
4.359	-0.858628
4.362	-0.860253
4.365	-0.86187
4.368	-0.863477
4.371	-0.865076
4.374	-0.866666
4.377	-0.868247
4.38	-0.86982
4.383	-0.871383
4.386	-0.872938
4.389	-0.874483
4.392	-0.87602
4.395	-0.877548
4.398	-0.879066
4.401	-0.880575
4.404	-0.882076
4.407	-0.883567
4.41	-0.885048
4.413	-0.886521
4.416	-0.887984
4.419	-0.889439
4.422	-0.890883
4.425	-0.892319
4.428	-0.893745
4.431	-0.895161
4.434	-0.896568
4.437	-0.897966
4.44	-0.899354
4.443	-0.900733
4.446	-0.902102
4.449	-0.903462
4.452	-0.904811
4.455	-0.906152
4.458	-0.907482
4.461	-0.908803
4.464	-0.910114
4.467	-0.911415
4.47	-0.912707
4.473	-0.913988
4.476	-0.91526
4.479	-0.916522
4.482	-0.917774
4.485	-0.919016
4.488	-0.920248
4.491	-0.92147
4.494	-0.922681
4.497	-0.923883
4.5	-0.925075
4.503	-0.926256
4.506	-0.927428
4.509	-0.928589
4.512	-0.92974
4.515	-0.93088
4.518	-0.932011
4.521	-0.933131
4.524	-0.93424
4.527	-0.93534
4.53	-0.936428
4.533	-0.937507
4.536	-0.938575
4.539	-0.939632
4.542	-0.940679
4.545	-0.941715
4.548	-0.942741
4.551	-0.943756
4.554	-0.94476
4.557	-0.945754
4.56	-0.946737
4.563	-0.947709
4.566	-0.948671
4.569	-0.949621
4.572	-0.950561
4.575	-0.95149
4.578	-0.952408
4.581	-0.953315
4.584	-0.954211
4.587	-0.955096
4.59	-0.95597
4.593	-0.956833
4.596	-0.957685
4.599	-0.958526
4.602	-0.959355
4.605	-0.960173
4.608	-0.960981
4.611	-0.961776
4.614	-0.962561
4.617	-0.963334
4.62	-0.964096
4.623	-0.964847
4.626	-0.965586
4.629	-0.966313
4.632	-0.96703
4.635	-0.967734
4.638	-0.968427
4.641	-0.969109
4.644	-0.969779
4.647	-0.970437
4.65	-0.971084
4.653	-0.971719
4.656	-0.972342
4.659	-0.972953
4.662	-0.973553
4.665	-0.974141
4.668	-0.974717
4.671	-0.975281
4.674	-0.975833
4.677	-0.976373
4.68	-0.976901
4.683	-0.977417
4.686	-0.977921
4.689	-0.978413
4.692	-0.978893
4.695	-0.97936
4.698	-0.979816
4.701	-0.980259
4.704	-0.98069
4.707	-0.981109
4.71	-0.981515
4.713	-0.981909
4.716	-0.982291
4.719	-0.98266
4.722	-0.983016
4.725	-0.983361
4.728	-0.983692
4.731	-0.984012
4.734	-0.984318
4.737	-0.984612
4.74	-0.984894
4.743	-0.985162
4.746	-0.985418
4.749	-0.985661
4.752	-0.985892
4.755	-0.98611
4.758	-0.986314
4.761	-0.986506
4.764	-0.986685
4.767	-0.986852
4.77	-0.987005
4.773	-0.987145
4.776	-0.987272
4.779	-0.987386
4.782	-0.987488
4.785	-0.987576
4.788	-0.98765
4.791	-0.987712
4.794	-0.987761
4.797	-0.987796
4.8	-0.987818
4.803	-0.987827
4.806	-0.987822
4.809	-0.987805
4.812	-0.987773
4.815	-0.987729
4.818	-0.987671
4.821	-0.987599
4.824	-0.987515
4.827	-0.987416
4.83	-0.987304
4.833	-0.987179
4.836	-0.98704
4.839	-0.986888
4.842	-0.986721
4.845	-0.986542
4.848	-0.986348
4.851	-0.986141
4.854	-0.985921
4.857	-0.985686
4.86	-0.985438
4.863	-0.985176
4.866	-0.9849
4.869	-0.984611
4.872	-0.984307
4.875	-0.98399
4.878	-0.983659
4.881	-0.983314
4.884	-0.982956
4.887	-0.982583
4.89	-0.982197
4.893	-0.981796
4.896	-0.981382
4.899	-0.980954
4.902	-0.980511
4.905	-0.980055
4.908	-0.979585
4.911	-0.979101
4.914	-0.978602
4.917	-0.97809
4.92	-0.977564
4.923	-0.977024
4.926	-0.97647
4.929	-0.975901
4.932	-0.975319
4.935	-0.974723
4.938	-0.974112
4.941	-0.973488
4.944	-0.972849
4.947	-0.972197
4.95	-0.97153
4.953	-0.970849
4.956	-0.970155
4.959	-0.969446
4.962	-0.968723
4.965	-0.967987
4.968	-0.967236
4.971	-0.966471
4.974	-0.965692
4.977	-0.9649
4.98	-0.964093
4.983	-0.963272
4.986	-0.962438
4.989	-0.961589
4.992	-0.960726
4.995	-0.95985
4.998	-0.95896
5.001	-0.958055
5.004	-0.957137
5.007	-0.956206
5.01	-0.95526
5.013	-0.9543
5.016	-0.953327
5.019	-0.95234
5.022	-0.95134
5.025	-0.950325
5.028	-0.949297
5.031	-0.948256
5.034	-0.947201
5.037	-0.946132
5.04	-0.94505
5.043	-0.943954
5.046	-0.942845
5.049	-0.941722
5.052	-0.940586
5.055	-0.939437
5.058	-0.938275
5.061	-0.937099
5.064	-0.93591
5.067	-0.934708
5.07	-0.933493
5.073	-0.932264
5.076	-0.931023
5.079	-0.929769
5.082	-0.928502
5.085	-0.927222
5.088	-0.925929
5.091	-0.924624
5.094	-0.923306
5.097	-0.921975
5.1	-0.920632
5.103	-0.919276
5.106	-0.917908
5.109	-0.916528
5.112	-0.915135
5.115	-0.91373
5.118	-0.912313
5.121	-0.910884
5.124	-0.909443
5.127	-0.90799
5.13	-0.906525
5.133	-0.905048
5.136	-0.90356
5.139	-0.90206
5.142	-0.900549
5.145	-0.899026
5.148	-0.897492
5.151	-0.895946
5.154	-0.894389
5.157	-0.892822
5.16	-0.891243
5.163	-0.889653
5.166	-0.888052
5.169	-0.886441
5.172	-0.884819
5.175	-0.883187
5.178	-0.881544
5.181	-0.879891
5.184	-0.878227
5.187	-0.876553
5.19	-0.87487
5.193	-0.873176
5.196	-0.871473
5.199	-0.869759
5.202	-0.868037
5.205	-0.866304
5.208	-0.864563
5.211	-0.862812
5.214	-0.861051
5.217	-0.859282
5.22	-0.857504
5.223	-0.855717
5.226	-0.853921
5.229	-0.852117
5.232	-0.850304
5.235	-0.848483
5.238	-0.846653
5.241	-0.844816
5.244	-0.84297
5.247	-0.841117
5.25	-0.839255
5.253	-0.837386
5.256	-0.83551
5.259	-0.833626
5.262	-0.831735
5.265	-0.829837
5.268	-0.827932
5.271	-0.82602
5.274	-0.824101
5.277	-0.822176
5.28	-0.820244
5.283	-0.818306
5.286	-0.816362
5.289	-0.814411
5.292	-0.812455
5.295	-0.810492
5.298	-0.808524
5.301	-0.806551
5.304	-0.804572
5.307	-0.802588
5.31	-0.800599
5.313	-0.798605
5.316	-0.796605
5.319	-0.794602
5.322	-0.792593
5.325	-0.79058
5.328	-0.788563
5.331	-0.786542
5.334	-0.784516
5.337	-0.782487
5.34	-0.780454
5.343	-0.778418
5.346	-0.776377
5.349	-0.774334
5.352	-0.772287
5.355	-0.770238
5.358	-0.768185
5.361	-0.76613
5.364	-0.764072
5.367	-0.762011
5.37	-0.759948
5.373	-0.757883
5.376	-0.755816
5.379	-0.753747
5.382	-0.751676
5.385	-0.749603
5.388	-0.747529
5.391	-0.745453
5.394	-0.743376
5.397	-0.741298
5.4	-0.739219
5.403	-0.73714
5.406	-0.735059
5.409	-0.732978
5.412	-0.730896
5.415	-0.728814
5.418	-0.726732
5.421	-0.72465
5.424	-0.722568
5.427	-0.720486
5.43	-0.718404
5.433	-0.716323
5.436	-0.714243
5.439	-0.712163
5.442	-0.710084
5.445	-0.708006
5.448	-0.705929
5.451	-0.703854
5.454	-0.701779
5.457	-0.699706
5.46	-0.697635
5.463	-0.695566
5.466	-0.693498
5.469	-0.691432
5.472	-0.689368
5.475	-0.687307
5.478	-0.685248
5.481	-0.683191
5.484	-0.681137
5.487	-0.679085
5.49	-0.677036
5.493	-0.67499
5.496	-0.672947
5.499	-0.670907
5.502	-0.668871
5.505	-0.666837
5.508	-0.664807
5.511	-0.662781
5.514	-0.660758
5.517	-0.658739
5.52	-0.656723
5.523	-0.654712
5.526	-0.652705
5.529	-0.650701
5.532	-0.648702
5.535	-0.646708
5.538	-0.644717
5.541	-0.642731
5.544	-0.64075
5.547	-0.638773
5.55	-0.636802
5.553	-0.634835
5.556	-0.632873
5.559	-0.630916
5.562	-0.628964
5.565	-0.627017
5.568	-0.625075
5.571	-0.623139
5.574	-0.621209
5.577	-0.619283
5.58	-0.617364
5.583	-0.61545
5.586	-0.613542
5.589	-0.611639
5.592	-0.609743
5.595	-0.607852
5.598	-0.605967
5.601	-0.604089
5.604	-0.602216
5.607	-0.60035
5.61	-0.59849
5.613	-0.596637
5.616	-0.594789
5.619	-0.592949
5.622	-0.591114
5.625	-0.589287
5.628	-0.587465
5.631	-0.585651
5.634	-0.583843
5.637	-0.582042
5.64	-0.580248
5.643	-0.578461
5.646	-0.576681
5.649	-0.574907
5.652	-0.573141
5.655	-0.571381
5.658	-0.569629
5.661	-0.567884
5.664	-0.566146
5.667	-0.564415
5.67	-0.562692
5.673	-0.560976
5.676	-0.559267
5.679	-0.557565
5.682	-0.555871
5.685	-0.554184
5.688	-0.552505
5.691	-0.550833
5.694	-0.549169
5.697	-0.547512
5.7	-0.545863
5.703	-0.544221
5.706	-0.542587
5.709	-0.54096
5.712	-0.539342
5.715	-0.53773
5.718	-0.536127
5.721	-0.534531
5.724	-0.532943
5.727	-0.531363
5.73	-0.52979
5.733	-0.528226
5.736	-0.526669
5.739	-0.525119
5.742	-0.523578
5.745	-0.522044
5.748	-0.520519
5.751	-0.519001
5.754	-0.517491
5.757	-0.515988
5.76	-0.514494
5.763	-0.513007
5.766	-0.511529
5.769	-0.510058
5.772	-0.508595
5.775	-0.50714
5.778	-0.505692
5.781	-0.504253
5.784	-0.502821
5.787	-0.501398
5.79	-0.499982
5.793	-0.498574
5.796	-0.497174
5.799	-0.495781
5.802	-0.494397
5.805	-0.49302
5.808	-0.491651
5.811	-0.49029
5.814	-0.488937
5.817	-0.487591
5.82	-0.486254
5.823	-0.484924
5.826	-0.483602
5.829	-0.482287
5.832	-0.480981
5.835	-0.479682
5.838	-0.478391
5.841	-0.477107
5.844	-0.475831
5.847	-0.474563
5.85	-0.473302
5.853	-0.47205
5.856	-0.470804
5.859	-0.469566
5.862	-0.468336
5.865	-0.467114
5.868	-0.465899
5.871	-0.464691
5.874	-0.463491
5.877	-0.462298
5.88	-0.461113
5.883	-0.459936
5.886	-0.458765
5.889	-0.457603
5.892	-0.456447
5.895	-0.455299
5.898	-0.454158
5.901	-0.453024
5.904	-0.451898
5.907	-0.450779
5.91	-0.449667
5.913	-0.448562
5.916	-0.447465
5.919	-0.446375
5.922	-0.445291
5.925	-0.444215
5.928	-0.443146
5.931	-0.442084
5.934	-0.441029
5.937	-0.439981
5.94	-0.43894
5.943	-0.437906
5.946	-0.436878
5.949	-0.435858
5.952	-0.434844
5.955	-0.433837
5.958	-0.432837
5.961	-0.431844
5.964	-0.430857
5.967	-0.429878
5.97	-0.428904
5.973	-0.427938
5.976	-0.426978
5.979	-0.426024
5.982	-0.425077
5.985	-0.424137
5.988	-0.423203
5.991	-0.422275
5.994	-0.421354
5.997	-0.42044
