 x  	 F(x)  
0	0.1312
0.003	0.132286
0.006	0.133379
0.009	0.13448
0.012	0.135588
0.015	0.136704
0.018	0.137828
0.021	0.138959
0.024	0.140098
0.027	0.141244
0.03	0.142398
0.033	0.143561
0.036	0.14473
0.039	0.145908
0.042	0.147094
0.045	0.148287
0.048	0.149489
0.051	0.150698
0.054	0.151916
0.057	0.153141
0.06	0.154375
0.063	0.155617
0.066	0.156866
0.069	0.158124
0.072	0.159391
0.075	0.160665
0.078	0.161948
0.081	0.163239
0.084	0.164538
0.087	0.165846
0.09	0.167162
0.093	0.168486
0.096	0.169819
0.099	0.17116
0.102	0.17251
0.105	0.173869
0.108	0.175235
0.111	0.176611
0.114	0.177995
0.117	0.179387
0.12	0.180789
0.123	0.182199
0.126	0.183617
0.129	0.185045
0.132	0.186481
0.135	0.187926
0.138	0.189379
0.141	0.190842
0.144	0.192313
0.147	0.193793
0.15	0.195282
0.153	0.19678
0.156	0.198287
0.159	0.199802
0.162	0.201327
0.165	0.202861
0.168	0.204403
0.171	0.205955
0.174	0.207516
0.177	0.209085
0.18	0.210664
0.183	0.212252
0.186	0.213849
0.189	0.215455
0.192	0.21707
0.195	0.218694
0.198	0.220328
0.201	0.22197
0.204	0.223622
0.207	0.225283
0.21	0.226953
0.213	0.228632
0.216	0.23032
0.219	0.232018
0.222	0.233725
0.225	0.235441
0.228	0.237166
0.231	0.2389
0.234	0.240644
0.237	0.242397
0.24	0.244159
0.243	0.24593
0.246	0.247711
0.249	0.249501
0.252	0.2513
0.255	0.253108
0.258	0.254926
0.261	0.256752
0.264	0.258588
0.267	0.260434
0.27	0.262288
0.273	0.264152
0.276	0.266025
0.279	0.267907
0.282	0.269798
0.285	0.271698
0.288	0.273608
0.291	0.275526
0.294	0.277454
0.297	0.279391
0.3	0.281337
0.303	0.283292
0.306	0.285257
0.309	0.28723
0.312	0.289212
0.315	0.291204
0.318	0.293204
0.321	0.295213
0.324	0.297232
0.327	0.299259
0.33	0.301295
0.333	0.30334
0.336	0.305394
0.339	0.307457
0.342	0.309529
0.345	0.311609
0.348	0.313698
0.351	0.315796
0.354	0.317903
0.357	0.320018
0.36	0.322142
0.363	0.324275
0.366	0.326416
0.369	0.328565
0.372	0.330723
0.375	0.33289
0.378	0.335065
0.381	0.337248
0.384	0.339439
0.387	0.341639
0.39	0.343847
0.393	0.346064
0.396	0.348288
0.399	0.350521
0.402	0.352761
0.405	0.35501
0.408	0.357266
0.411	0.359531
0.414	0.361803
0.417	0.364083
0.42	0.366371
0.423	0.368666
0.426	0.370969
0.429	0.37328
0.432	0.375598
0.435	0.377924
0.438	0.380257
0.441	0.382597
0.444	0.384944
0.447	0.387299
0.45	0.389661
0.453	0.39203
0.456	0.394406
0.459	0.396789
0.462	0.399178
0.465	0.401575
0.468	0.403978
0.471	0.406388
0.474	0.408804
0.477	0.411227
0.48	0.413657
0.483	0.416092
0.486	0.418534
0.489	0.420983
0.492	0.423437
0.495	0.425897
0.498	0.428363
0.501	0.430835
0.504	0.433313
0.507	0.435797
0.51	0.438286
0.513	0.440781
0.516	0.443281
0.519	0.445786
0.522	0.448297
0.525	0.450813
0.528	0.453334
0.531	0.45586
0.534	0.45839
0.537	0.460926
0.54	0.463466
0.543	0.466011
0.546	0.468561
0.549	0.471115
0.552	0.473673
0.555	0.476235
0.558	0.478802
0.561	0.481372
0.564	0.483947
0.567	0.486525
0.57	0.489107
0.573	0.491693
0.576	0.494282
0.579	0.496874
0.582	0.49947
0.585	0.502069
0.588	0.504671
0.591	0.507277
0.594	0.509885
0.597	0.512495
0.6	0.515109
0.603	0.517725
0.606	0.520343
0.609	0.522964
0.612	0.525587
0.615	0.528212
0.618	0.530839
0.621	0.533468
0.624	0.536099
0.627	0.538731
0.63	0.541365
0.633	0.544001
0.636	0.546638
0.639	0.549276
0.642	0.551915
0.645	0.554555
0.648	0.557196
0.651	0.559837
0.654	0.56248
0.657	0.565122
0.66	0.567766
0.663	0.570409
0.666	0.573053
0.669	0.575696
0.672	0.57834
0.675	0.580984
0.678	0.583627
0.681	0.586269
0.684	0.588912
0.687	0.591553
0.69	0.594194
0.693	0.596834
0.696	0.599473
0.699	0.602111
0.702	0.604747
0.705	0.607383
0.708	0.610016
0.711	0.612649
0.714	0.615279
0.717	0.617908
0.72	0.620534
0.723	0.623159
0.726	0.625782
0.729	0.628402
0.732	0.63102
0.735	0.633635
0.738	0.636248
0.741	0.638858
0.744	0.641465
0.747	0.644069
0.75	0.64667
0.753	0.649268
0.756	0.651862
0.759	0.654453
0.762	0.657041
0.765	0.659625
0.768	0.662205
0.771	0.664781
0.774	0.667353
0.777	0.669922
0.78	0.672486
0.783	0.675045
0.786	0.677601
0.789	0.680151
0.792	0.682697
0.795	0.685239
0.798	0.687775
0.801	0.690307
0.804	0.692833
0.807	0.695355
0.81	0.697871
0.813	0.700382
0.816	0.702887
0.819	0.705387
0.822	0.707881
0.825	0.710369
0.828	0.712851
0.831	0.715328
0.834	0.717798
0.837	0.720262
0.84	0.72272
0.843	0.725172
0.846	0.727617
0.849	0.730056
0.852	0.732487
0.855	0.734913
0.858	0.737331
0.861	0.739743
0.864	0.742147
0.867	0.744545
0.87	0.746935
0.873	0.749318
0.876	0.751694
0.879	0.754062
0.882	0.756423
0.885	0.758776
0.888	0.761121
0.891	0.763459
0.894	0.765789
0.897	0.768111
0.9	0.770425
0.903	0.772731
0.906	0.775029
0.909	0.777318
0.912	0.779599
0.915	0.781872
0.918	0.784137
0.921	0.786392
0.924	0.78864
0.927	0.790878
0.93	0.793108
0.933	0.79533
0.936	0.797542
0.939	0.799745
0.942	0.80194
0.945	0.804125
0.948	0.806301
0.951	0.808468
0.954	0.810626
0.957	0.812775
0.96	0.814914
0.963	0.817044
0.966	0.819164
0.969	0.821275
0.972	0.823376
0.975	0.825468
0.978	0.82755
0.981	0.829622
0.984	0.831684
0.987	0.833737
0.99	0.83578
0.993	0.837812
0.996	0.839835
0.999	0.841848
1.002	0.843851
1.005	0.845844
1.008	0.847826
1.011	0.849799
1.014	0.851761
1.017	0.853713
1.02	0.855654
1.023	0.857585
1.026	0.859506
1.029	0.861417
1.032	0.863317
1.035	0.865206
1.038	0.867085
1.041	0.868954
1.044	0.870812
1.047	0.872659
1.05	0.874496
1.053	0.876322
1.056	0.878137
1.059	0.879942
1.062	0.881736
1.065	0.883519
1.068	0.885291
1.071	0.887053
1.074	0.888804
1.077	0.890544
1.08	0.892273
1.083	0.893991
1.086	0.895698
1.089	0.897394
1.092	0.89908
1.095	0.900754
1.098	0.902418
1.101	0.90407
1.104	0.905712
1.107	0.907342
1.11	0.908961
1.113	0.91057
1.116	0.912167
1.119	0.913753
1.122	0.915329
1.125	0.916893
1.128	0.918446
1.131	0.919988
1.134	0.921519
1.137	0.923038
1.14	0.924547
1.143	0.926045
1.146	0.927531
1.149	0.929006
1.152	0.930471
1.155	0.931924
1.158	0.933365
1.161	0.934796
1.164	0.936216
1.167	0.937624
1.17	0.939022
1.173	0.940408
1.176	0.941783
1.179	0.943147
1.182	0.9445
1.185	0.945842
1.188	0.947172
1.191	0.948492
1.194	0.9498
1.197	0.951098
1.2	0.952384
1.203	0.953659
1.206	0.954923
1.209	0.956176
1.212	0.957418
1.215	0.958649
1.218	0.959868
1.221	0.961077
1.224	0.962275
1.227	0.963461
1.23	0.964637
1.233	0.965801
1.236	0.966955
1.239	0.968097
1.242	0.969229
1.245	0.97035
1.248	0.971459
1.251	0.972558
1.254	0.973646
1.257	0.974723
1.26	0.975788
1.263	0.976843
1.266	0.977888
1.269	0.978921
1.272	0.979943
1.275	0.980955
1.278	0.981955
1.281	0.982945
1.284	0.983924
1.287	0.984892
1.29	0.98585
1.293	0.986796
1.296	0.987732
1.299	0.988657
1.302	0.989572
1.305	0.990476
1.308	0.991369
1.311	0.992251
1.314	0.993123
1.317	0.993984
1.32	0.994834
1.323	0.995674
1.326	0.996503
1.329	0.997321
1.332	0.998129
1.335	0.998926
1.338	0.999713
1.341	1.00049
1.344	1.00126
1.347	1.00201
1.35	1.00276
1.353	1.00349
1.356	1.00421
1.359	1.00493
1.362	1.00563
1.365	1.00632
1.368	1.007
1.371	1.00768
1.374	1.00834
1.377	1.00899
1.38	1.00963
1.383	1.01026
1.386	1.01088
1.389	1.01149
1.392	1.01209
1.395	1.01268
1.398	1.01326
1.401	1.01382
1.404	1.01438
1.407	1.01493
1.41	1.01547
1.413	1.016
1.416	1.01651
1.419	1.01702
1.422	1.01752
1.425	1.01801
1.428	1.01848
1.431	1.01895
1.434	1.01941
1.437	1.01985
1.44	1.02029
1.443	1.02071
1.446	1.02113
1.449	1.02154
1.452	1.02193
1.455	1.02232
1.458	1.0227
1.461	1.02306
1.464	1.02342
1.467	1.02376
1.47	1.0241
1.473	1.02443
1.476	1.02474
1.479	1.02505
1.482	1.02535
1.485	1.02563
1.488	1.02591
1.491	1.02618
1.494	1.02643
1.497	1.02668
1.5	1.02692
1.503	1.02714
1.506	1.02736
1.509	1.02757
1.512	1.02776
1.515	1.02795
1.518	1.02813
1.521	1.0283
1.524	1.02845
1.527	1.0286
1.53	1.02874
1.533	1.02887
1.536	1.02899
1.539	1.02909
1.542	1.02919
1.545	1.02928
1.548	1.02936
1.551	1.02943
1.554	1.02949
1.557	1.02954
1.56	1.02958
1.563	1.02961
1.566	1.02963
1.569	1.02964
1.572	1.02964
1.575	1.02963
1.578	1.02961
1.581	1.02958
1.584	1.02954
1.587	1.02949
1.59	1.02943
1.593	1.02937
1.596	1.02929
1.599	1.0292
1.602	1.0291
1.605	1.02899
1.608	1.02888
1.611	1.02875
1.614	1.02861
1.617	1.02846
1.62	1.02831
1.623	1.02814
1.626	1.02796
1.629	1.02778
1.632	1.02758
1.635	1.02737
1.638	1.02716
1.641	1.02693
1.644	1.02669
1.647	1.02645
1.65	1.02619
1.653	1.02592
1.656	1.02565
1.659	1.02536
1.662	1.02507
1.665	1.02476
1.668	1.02444
1.671	1.02412
1.674	1.02378
1.677	1.02343
1.68	1.02308
1.683	1.02271
1.686	1.02234
1.689	1.02195
1.692	1.02155
1.695	1.02115
1.698	1.02073
1.701	1.0203
1.704	1.01987
1.707	1.01942
1.71	1.01896
1.713	1.0185
1.716	1.01802
1.719	1.01753
1.722	1.01703
1.725	1.01653
1.728	1.01601
1.731	1.01548
1.734	1.01494
1.737	1.01439
1.74	1.01383
1.743	1.01326
1.746	1.01268
1.749	1.01209
1.752	1.01149
1.755	1.01088
1.758	1.01026
1.761	1.00963
1.764	1.00898
1.767	1.00833
1.77	1.00767
1.773	1.007
1.776	1.00631
1.779	1.00562
1.782	1.00491
1.785	1.0042
1.788	1.00347
1.791	1.00274
1.794	1.00199
1.797	1.00123
1.8	1.00046
1.803	0.999684
1.806	0.998894
1.809	0.998094
1.812	0.997283
1.815	0.996462
1.818	0.99563
1.821	0.994787
1.824	0.993933
1.827	0.993069
1.83	0.992194
1.833	0.991308
1.836	0.990411
1.839	0.989504
1.842	0.988585
1.845	0.987656
1.848	0.986716
1.851	0.985765
1.854	0.984804
1.857	0.983831
1.86	0.982847
1.863	0.981853
1.866	0.980847
1.869	0.979831
1.872	0.978804
1.875	0.977765
1.878	0.976716
1.881	0.975655
1.884	0.974584
1.887	0.973501
1.89	0.972408
1.893	0.971303
1.896	0.970187
1.899	0.96906
1.902	0.967922
1.905	0.966773
1.908	0.965613
1.911	0.964441
1.914	0.963259
1.917	0.962065
1.92	0.96086
1.923	0.959644
1.926	0.958417
1.929	0.957178
1.932	0.955928
1.935	0.954667
1.938	0.953395
1.941	0.952112
1.944	0.950817
1.947	0.949511
1.95	0.948193
1.953	0.946865
1.956	0.945525
1.959	0.944174
1.962	0.942811
1.965	0.941438
1.968	0.940053
1.971	0.938656
1.974	0.937249
1.977	0.93583
1.98	0.934399
1.983	0.932958
1.986	0.931505
1.989	0.930041
1.992	0.928565
1.995	0.927078
1.998	0.92558
2.001	0.924071
2.004	0.92255
2.007	0.921018
2.01	0.919474
2.013	0.91792
2.016	0.916354
2.019	0.914777
2.022	0.913188
2.025	0.911588
2.028	0.909977
2.031	0.908355
2.034	0.906721
2.037	0.905077
2.04	0.903421
2.043	0.901753
2.046	0.900075
2.049	0.898386
2.052	0.896685
2.055	0.894973
2.058	0.89325
2.061	0.891516
2.064	0.88977
2.067	0.888014
2.07	0.886247
2.073	0.884468
2.076	0.882679
2.079	0.880878
2.082	0.879067
2.085	0.877245
2.088	0.875411
2.091	0.873567
2.094	0.871712
2.097	0.869846
2.1	0.867969
2.103	0.866082
2.106	0.864183
2.109	0.862274
2.112	0.860354
2.115	0.858424
2.118	0.856483
2.121	0.854531
2.124	0.852569
2.127	0.850596
2.13	0.848613
2.133	0.846619
2.136	0.844615
2.139	0.8426
2.142	0.840576
2.145	0.83854
2.148	0.836495
2.151	0.834439
2.154	0.832374
2.157	0.830298
2.16	0.828212
2.163	0.826116
2.166	0.82401
2.169	0.821894
2.172	0.819768
2.175	0.817633
2.178	0.815487
2.181	0.813332
2.184	0.811168
2.187	0.808993
2.19	0.80681
2.193	0.804616
2.196	0.802414
2.199	0.800201
2.202	0.79798
2.205	0.795749
2.208	0.79351
2.211	0.791261
2.214	0.789003
2.217	0.786736
2.22	0.78446
2.223	0.782175
2.226	0.779882
2.229	0.777579
2.232	0.775268
2.235	0.772949
2.238	0.770621
2.241	0.768285
2.244	0.76594
2.247	0.763587
2.25	0.761226
2.253	0.758856
2.256	0.756479
2.259	0.754094
2.262	0.751701
2.265	0.7493
2.268	0.746891
2.271	0.744474
2.274	0.74205
2.277	0.739619
2.28	0.73718
2.283	0.734734
2.286	0.732281
2.289	0.72982
2.292	0.727353
2.295	0.724878
2.298	0.722397
2.301	0.719909
2.304	0.717414
2.307	0.714912
2.31	0.712404
2.313	0.70989
2.316	0.707369
2.319	0.704842
2.322	0.702309
2.325	0.69977
2.328	0.697225
2.331	0.694674
2.334	0.692118
2.337	0.689556
2.34	0.686988
2.343	0.684414
2.346	0.681836
2.349	0.679252
2.352	0.676663
2.355	0.674068
2.358	0.671469
2.361	0.668865
2.364	0.666257
2.367	0.663643
2.37	0.661025
2.373	0.658403
2.376	0.655776
2.379	0.653145
2.382	0.65051
2.385	0.647871
2.388	0.645227
2.391	0.64258
2.394	0.63993
2.397	0.637275
2.4	0.634617
2.403	0.631956
2.406	0.629291
2.409	0.626624
2.412	0.623953
2.415	0.621279
2.418	0.618602
2.421	0.615922
2.424	0.61324
2.427	0.610555
2.43	0.607867
2.433	0.605177
2.436	0.602485
2.439	0.599791
2.442	0.597094
2.445	0.594396
2.448	0.591696
2.451	0.588994
2.454	0.58629
2.457	0.583585
2.46	0.580878
2.463	0.57817
2.466	0.575461
2.469	0.572751
2.472	0.570039
2.475	0.567327
2.478	0.564613
2.481	0.561899
2.484	0.559185
2.487	0.55647
2.49	0.553754
2.493	0.551038
2.496	0.548322
2.499	0.545605
2.502	0.542889
2.505	0.540172
2.508	0.537456
2.511	0.53474
2.514	0.532024
2.517	0.529309
2.52	0.526594
2.523	0.523879
2.526	0.521166
2.529	0.518453
2.532	0.515741
2.535	0.51303
2.538	0.51032
2.541	0.507611
2.544	0.504904
2.547	0.502197
2.55	0.499492
2.553	0.496789
2.556	0.494087
2.559	0.491387
2.562	0.488688
2.565	0.485992
2.568	0.483297
2.571	0.480604
2.574	0.477913
2.577	0.475224
2.58	0.472538
2.583	0.469854
2.586	0.467172
2.589	0.464492
2.592	0.461815
2.595	0.459141
2.598	0.456469
2.601	0.4538
2.604	0.451134
2.607	0.44847
2.61	0.44581
2.613	0.443152
2.616	0.440498
2.619	0.437846
2.622	0.435198
2.625	0.432553
2.628	0.429911
2.631	0.427272
2.634	0.424637
2.637	0.422006
2.64	0.419378
2.643	0.416753
2.646	0.414132
2.649	0.411515
2.652	0.408902
2.655	0.406292
2.658	0.403686
2.661	0.401084
2.664	0.398486
2.667	0.395892
2.67	0.393302
2.673	0.390715
2.676	0.388133
2.679	0.385556
2.682	0.382982
2.685	0.380412
2.688	0.377847
2.691	0.375286
2.694	0.372729
2.697	0.370177
2.7	0.367629
2.703	0.365086
2.706	0.362547
2.709	0.360012
2.712	0.357482
2.715	0.354956
2.718	0.352435
2.721	0.349919
2.724	0.347407
2.727	0.3449
2.73	0.342397
2.733	0.3399
2.736	0.337406
2.739	0.334918
2.742	0.332434
2.745	0.329955
2.748	0.327481
2.751	0.325011
2.754	0.322547
2.757	0.320087
2.76	0.317632
2.763	0.315181
2.766	0.312736
2.769	0.310295
2.772	0.307859
2.775	0.305428
2.778	0.303002
2.781	0.300581
2.784	0.298164
2.787	0.295753
2.79	0.293346
2.793	0.290944
2.796	0.288547
2.799	0.286154
2.802	0.283767
2.805	0.281384
2.808	0.279007
2.811	0.276634
2.814	0.274265
2.817	0.271902
2.82	0.269543
2.823	0.26719
2.826	0.264841
2.829	0.262496
2.832	0.260157
2.835	0.257822
2.838	0.255492
2.841	0.253166
2.844	0.250846
2.847	0.24853
2.85	0.246218
2.853	0.243911
2.856	0.241609
2.859	0.239312
2.862	0.237019
2.865	0.23473
2.868	0.232446
2.871	0.230166
2.874	0.227891
2.877	0.225621
2.88	0.223355
2.883	0.221093
2.886	0.218835
2.889	0.216582
2.892	0.214333
2.895	0.212089
2.898	0.209849
2.901	0.207613
2.904	0.205381
2.907	0.203153
2.91	0.200929
2.913	0.19871
2.916	0.196494
2.919	0.194283
2.922	0.192075
2.925	0.189872
2.928	0.187672
2.931	0.185476
2.934	0.183284
2.937	0.181096
2.94	0.178912
2.943	0.176731
2.946	0.174554
2.949	0.172381
2.952	0.170211
2.955	0.168045
2.958	0.165882
2.961	0.163723
2.964	0.161567
2.967	0.159415
2.97	0.157266
2.973	0.15512
2.976	0.152978
2.979	0.150839
2.982	0.148703
2.985	0.14657
2.988	0.14444
2.991	0.142313
2.994	0.14019
2.997	0.138069
3	0.135951
3.003	0.133836
3.006	0.131724
3.009	0.129614
3.012	0.127507
3.015	0.125403
3.018	0.123302
3.021	0.121203
3.024	0.119107
3.027	0.117013
3.03	0.114922
3.033	0.112833
3.036	0.110746
3.039	0.108662
3.042	0.106579
3.045	0.1045
3.048	0.102422
3.051	0.100346
3.054	0.0982725
3.057	0.0962008
3.06	0.0941311
3.063	0.0920633
3.066	0.0899974
3.069	0.0879333
3.072	0.0858709
3.075	0.0838102
3.078	0.0817511
3.081	0.0796937
3.084	0.0776378
3.087	0.0755834
3.09	0.0735304
3.093	0.0714789
3.096	0.0694287
3.099	0.0673798
3.102	0.0653322
3.105	0.0632857
3.108	0.0612404
3.111	0.0591962
3.114	0.0571531
3.117	0.055111
3.12	0.0530698
3.123	0.0510295
3.126	0.0489901
3.129	0.0469515
3.132	0.0449137
3.135	0.0428765
3.138	0.04084
3.141	0.0388041
3.144	0.0367688
3.147	0.034734
3.15	0.0326997
3.153	0.0306657
3.156	0.0286322
3.159	0.026599
3.162	0.024566
3.165	0.0225332
3.168	0.0205007
3.171	0.0184683
3.174	0.0164359
3.177	0.0144036
3.18	0.0123713
3.183	0.0103389
3.186	0.00830642
3.189	0.00627379
3.192	0.00424096
3.195	0.0022079
3.198	0.000174555
3.201	-0.00185912
3.204	-0.00389317
3.207	-0.00592764
3.21	-0.00796258
3.213	-0.00999802
3.216	-0.012034
3.219	-0.0140706
3.222	-0.0161078
3.225	-0.0181457
3.228	-0.0201843
3.231	-0.0222237
3.234	-0.0242639
3.237	-0.026305
3.24	-0.0283469
3.243	-0.0303897
3.246	-0.0324336
3.249	-0.0344784
3.252	-0.0365243
3.255	-0.0385713
3.258	-0.0406194
3.261	-0.0426687
3.264	-0.0447192
3.267	-0.0467709
3.27	-0.0488239
3.273	-0.0508783
3.276	-0.052934
3.279	-0.0549911
3.282	-0.0570496
3.285	-0.0591096
3.288	-0.0611711
3.291	-0.0632341
3.294	-0.0652987
3.297	-0.0673649
3.3	-0.0694328
3.303	-0.0715023
3.306	-0.0735735
3.309	-0.0756465
3.312	-0.0777212
3.315	-0.0797978
3.318	-0.0818762
3.321	-0.0839564
3.324	-0.0860386
3.327	-0.0881227
3.33	-0.0902087
3.333	-0.0922967
3.336	-0.0943868
3.339	-0.0964789
3.342	-0.098573
3.345	-0.100669
3.348	-0.102768
3.351	-0.104868
3.354	-0.106971
3.357	-0.109076
3.36	-0.111183
3.363	-0.113292
3.366	-0.115404
3.369	-0.117518
3.372	-0.119634
3.375	-0.121753
3.378	-0.123874
3.381	-0.125998
3.384	-0.128124
3.387	-0.130252
3.39	-0.132383
3.393	-0.134516
3.396	-0.136652
3.399	-0.13879
3.402	-0.140931
3.405	-0.143074
3.408	-0.14522
3.411	-0.147368
3.414	-0.14952
3.417	-0.151673
3.42	-0.15383
3.423	-0.155989
3.426	-0.15815
3.429	-0.160315
3.432	-0.162482
3.435	-0.164652
3.438	-0.166824
3.441	-0.168999
3.444	-0.171177
3.447	-0.173358
3.45	-0.175541
3.453	-0.177728
3.456	-0.179917
3.459	-0.182109
3.462	-0.184303
3.465	-0.186501
3.468	-0.188701
3.471	-0.190904
3.474	-0.19311
3.477	-0.195319
3.48	-0.19753
3.483	-0.199744
3.486	-0.201962
3.489	-0.204182
3.492	-0.206405
3.495	-0.208631
3.498	-0.210859
3.501	-0.213091
3.504	-0.215325
3.507	-0.217562
3.51	-0.219802
3.513	-0.222045
3.516	-0.224291
3.519	-0.22654
3.522	-0.228791
3.525	-0.231046
3.528	-0.233303
3.531	-0.235563
3.534	-0.237826
3.537	-0.240092
3.54	-0.24236
3.543	-0.244632
3.546	-0.246906
3.549	-0.249183
3.552	-0.251462
3.555	-0.253745
3.558	-0.25603
3.561	-0.258319
3.564	-0.260609
3.567	-0.262903
3.57	-0.265199
3.573	-0.267499
3.576	-0.2698
3.579	-0.272105
3.582	-0.274412
3.585	-0.276722
3.588	-0.279035
3.591	-0.28135
3.594	-0.283668
3.597	-0.285988
3.6	-0.288311
3.603	-0.290637
3.606	-0.292965
3.609	-0.295296
3.612	-0.297629
3.615	-0.299965
3.618	-0.302303
3.621	-0.304644
3.624	-0.306987
3.627	-0.309333
3.63	-0.311681
3.633	-0.314031
3.636	-0.316384
3.639	-0.318739
3.642	-0.321097
3.645	-0.323456
3.648	-0.325818
3.651	-0.328183
3.654	-0.330549
3.657	-0.332918
3.66	-0.335289
3.663	-0.337662
3.666	-0.340037
3.669	-0.342414
3.672	-0.344794
3.675	-0.347175
3.678	-0.349558
3.681	-0.351944
3.684	-0.354331
3.687	-0.35672
3.69	-0.359111
3.693	-0.361504
3.696	-0.363899
3.699	-0.366295
3.702	-0.368694
3.705	-0.371094
3.708	-0.373495
3.711	-0.375899
3.714	-0.378304
3.717	-0.38071
3.72	-0.383118
3.723	-0.385528
3.726	-0.387939
3.729	-0.390352
3.732	-0.392766
3.735	-0.395181
3.738	-0.397598
3.741	-0.400015
3.744	-0.402435
3.747	-0.404855
3.75	-0.407277
3.753	-0.4097
3.756	-0.412123
3.759	-0.414548
3.762	-0.416974
3.765	-0.419401
3.768	-0.421829
3.771	-0.424258
3.774	-0.426688
3.777	-0.429118
3.78	-0.431549
3.783	-0.433981
3.786	-0.436414
3.789	-0.438847
3.792	-0.441281
3.795	-0.443715
3.798	-0.44615
3.801	-0.448586
3.804	-0.451022
3.807	-0.453458
3.81	-0.455894
3.813	-0.458331
3.816	-0.460768
3.819	-0.463206
3.822	-0.465643
3.825	-0.468081
3.828	-0.470518
3.831	-0.472956
3.834	-0.475393
3.837	-0.477831
3.84	-0.480268
3.843	-0.482705
3.846	-0.485142
3.849	-0.487579
3.852	-0.490015
3.855	-0.492451
3.858	-0.494886
3.861	-0.497321
3.864	-0.499756
3.867	-0.50219
3.87	-0.504623
3.873	-0.507055
3.876	-0.509487
3.879	-0.511918
3.882	-0.514349
3.885	-0.516778
3.888	-0.519206
3.891	-0.521634
3.894	-0.52406
3.897	-0.526486
3.9	-0.52891
3.903	-0.531333
3.906	-0.533755
3.909	-0.536175
3.912	-0.538594
3.915	-0.541012
3.918	-0.543428
3.921	-0.545843
3.924	-0.548256
3.927	-0.550668
3.93	-0.553078
3.933	-0.555486
3.936	-0.557893
3.939	-0.560297
3.942	-0.5627
3.945	-0.565101
3.948	-0.5675
3.951	-0.569897
3.954	-0.572292
3.957	-0.574684
3.96	-0.577075
3.963	-0.579463
3.966	-0.581849
3.969	-0.584233
3.972	-0.586614
3.975	-0.588993
3.978	-0.591369
3.981	-0.593743
3.984	-0.596114
3.987	-0.598482
3.99	-0.600848
3.993	-0.603211
3.996	-0.605571
3.999	-0.607928
4.002	-0.610282
4.005	-0.612634
4.008	-0.614982
4.011	-0.617327
4.014	-0.619669
4.017	-0.622008
4.02	-0.624344
4.023	-0.626676
4.026	-0.629005
4.029	-0.63133
4.032	-0.633653
4.035	-0.635971
4.038	-0.638286
4.041	-0.640598
4.044	-0.642905
4.047	-0.645209
4.05	-0.64751
4.053	-0.649806
4.056	-0.652099
4.059	-0.654387
4.062	-0.656672
4.065	-0.658952
4.068	-0.661229
4.071	-0.663501
4.074	-0.66577
4.077	-0.668034
4.08	-0.670293
4.083	-0.672549
4.086	-0.6748
4.089	-0.677046
4.092	-0.679288
4.095	-0.681526
4.098	-0.683759
4.101	-0.685987
4.104	-0.688211
4.107	-0.69043
4.11	-0.692644
4.113	-0.694853
4.116	-0.697057
4.119	-0.699257
4.122	-0.701451
4.125	-0.703641
4.128	-0.705825
4.131	-0.708004
4.134	-0.710178
4.137	-0.712347
4.14	-0.714511
4.143	-0.716669
4.146	-0.718822
4.149	-0.720969
4.152	-0.723111
4.155	-0.725248
4.158	-0.727379
4.161	-0.729504
4.164	-0.731624
4.167	-0.733738
4.17	-0.735846
4.173	-0.737949
4.176	-0.740045
4.179	-0.742136
4.182	-0.744221
4.185	-0.7463
4.188	-0.748373
4.191	-0.75044
4.194	-0.752501
4.197	-0.754555
4.2	-0.756604
4.203	-0.758646
4.206	-0.760682
4.209	-0.762711
4.212	-0.764735
4.215	-0.766751
4.218	-0.768762
4.221	-0.770766
4.224	-0.772763
4.227	-0.774754
4.23	-0.776738
4.233	-0.778715
4.236	-0.780686
4.239	-0.78265
4.242	-0.784608
4.245	-0.786558
4.248	-0.788502
4.251	-0.790438
4.254	-0.792368
4.257	-0.794291
4.26	-0.796207
4.263	-0.798115
4.266	-0.800017
4.269	-0.801911
4.272	-0.803798
4.275	-0.805678
4.278	-0.807551
4.281	-0.809416
4.284	-0.811274
4.287	-0.813125
4.29	-0.814968
4.293	-0.816804
4.296	-0.818632
4.299	-0.820453
4.302	-0.822266
4.305	-0.824072
4.308	-0.82587
4.311	-0.82766
4.314	-0.829442
4.317	-0.831217
4.32	-0.832984
4.323	-0.834743
4.326	-0.836494
4.329	-0.838238
4.332	-0.839973
4.335	-0.8417
4.338	-0.84342
4.341	-0.845131
4.344	-0.846834
4.347	-0.848529
4.35	-0.850216
4.353	-0.851895
4.356	-0.853565
4.359	-0.855228
4.362	-0.856881
4.365	-0.858527
4.368	-0.860164
4.371	-0.861793
4.374	-0.863413
4.377	-0.865025
4.38	-0.866628
4.383	-0.868223
4.386	-0.869809
4.389	-0.871387
4.392	-0.872956
4.395	-0.874516
4.398	-0.876067
4.401	-0.87761
4.404	-0.879144
4.407	-0.880669
4.41	-0.882185
4.413	-0.883693
4.416	-0.885191
4.419	-0.886681
4.422	-0.888161
4.425	-0.889633
4.428	-0.891095
4.431	-0.892548
4.434	-0.893992
4.437	-0.895427
4.44	-0.896853
4.443	-0.89827
4.446	-0.899677
4.449	-0.901075
4.452	-0.902464
4.455	-0.903843
4.458	-0.905213
4.461	-0.906573
4.464	-0.907925
4.467	-0.909266
4.47	-0.910598
4.473	-0.91192
4.476	-0.913233
4.479	-0.914537
4.482	-0.91583
4.485	-0.917114
4.488	-0.918388
4.491	-0.919652
4.494	-0.920907
4.497	-0.922152
4.5	-0.923387
4.503	-0.924611
4.506	-0.925827
4.509	-0.927032
4.512	-0.928227
4.515	-0.929412
4.518	-0.930587
4.521	-0.931752
4.524	-0.932906
4.527	-0.934051
4.53	-0.935185
4.533	-0.936309
4.536	-0.937423
4.539	-0.938527
4.542	-0.93962
4.545	-0.940703
4.548	-0.941775
4.551	-0.942837
4.554	-0.943889
4.557	-0.94493
4.56	-0.94596
4.563	-0.94698
4.566	-0.94799
4.569	-0.948988
4.572	-0.949976
4.575	-0.950953
4.578	-0.95192
4.581	-0.952876
4.584	-0.953821
4.587	-0.954755
4.59	-0.955678
4.593	-0.95659
4.596	-0.957491
4.599	-0.958381
4.602	-0.959261
4.605	-0.960129
4.608	-0.960986
4.611	-0.961832
4.614	-0.962667
4.617	-0.96349
4.62	-0.964302
4.623	-0.965103
4.626	-0.965893
4.629	-0.966671
4.632	-0.967438
4.635	-0.968194
4.638	-0.968938
4.641	-0.969671
4.644	-0.970392
4.647	-0.971101
4.65	-0.971799
4.653	-0.972485
4.656	-0.97316
4.659	-0.973822
4.662	-0.974473
4.665	-0.975113
4.668	-0.97574
4.671	-0.976356
4.674	-0.976959
4.677	-0.977551
4.68	-0.978131
4.683	-0.978698
4.686	-0.979254
4.689	-0.979797
4.692	-0.980329
4.695	-0.980848
4.698	-0.981355
4.701	-0.98185
4.704	-0.982333
4.707	-0.982803
4.71	-0.983261
4.713	-0.983706
4.716	-0.984139
4.719	-0.98456
4.722	-0.984968
4.725	-0.985364
4.728	-0.985747
4.731	-0.986117
4.734	-0.986475
4.737	-0.98682
4.74	-0.987152
4.743	-0.987472
4.746	-0.987779
4.749	-0.988073
4.752	-0.988354
4.755	-0.988622
4.758	-0.988877
4.761	-0.98912
4.764	-0.989349
4.767	-0.989565
4.77	-0.989768
4.773	-0.989958
4.776	-0.990135
4.779	-0.990299
4.782	-0.99045
4.785	-0.990587
4.788	-0.990711
4.791	-0.990821
4.794	-0.990919
4.797	-0.991002
4.8	-0.991073
4.803	-0.99113
4.806	-0.991173
4.809	-0.991203
4.812	-0.99122
4.815	-0.991222
4.818	-0.991212
4.821	-0.991187
4.824	-0.991149
4.827	-0.991097
4.83	-0.991032
4.833	-0.990952
4.836	-0.990859
4.839	-0.990752
4.842	-0.990631
4.845	-0.990496
4.848	-0.990347
4.851	-0.990185
4.854	-0.990008
4.857	-0.989817
4.86	-0.989613
4.863	-0.989394
4.866	-0.989161
4.869	-0.988914
4.872	-0.988653
4.875	-0.988378
4.878	-0.988089
4.881	-0.987785
4.884	-0.987467
4.887	-0.987135
4.89	-0.986789
4.893	-0.986428
4.896	-0.986053
4.899	-0.985664
4.902	-0.98526
4.905	-0.984843
4.908	-0.98441
4.911	-0.983964
4.914	-0.983502
4.917	-0.983027
4.92	-0.982537
4.923	-0.982033
4.926	-0.981514
4.929	-0.980981
4.932	-0.980433
4.935	-0.979871
4.938	-0.979294
4.941	-0.978703
4.944	-0.978097
4.947	-0.977477
4.95	-0.976842
4.953	-0.976192
4.956	-0.975529
4.959	-0.97485
4.962	-0.974157
4.965	-0.97345
4.968	-0.972728
4.971	-0.971992
4.974	-0.971241
4.977	-0.970475
4.98	-0.969695
4.983	-0.968901
4.986	-0.968092
4.989	-0.967268
4.992	-0.96643
4.995	-0.965578
4.998	-0.964711
5.001	-0.96383
5.004	-0.962934
5.007	-0.962024
5.01	-0.9611
5.013	-0.960161
5.016	-0.959208
5.019	-0.95824
5.022	-0.957258
5.025	-0.956262
5.028	-0.955252
5.031	-0.954227
5.034	-0.953189
5.037	-0.952136
5.04	-0.951068
5.043	-0.949987
5.046	-0.948892
5.049	-0.947783
5.052	-0.946659
5.055	-0.945522
5.058	-0.944371
5.061	-0.943206
5.064	-0.942027
5.067	-0.940834
5.07	-0.939627
5.073	-0.938407
5.076	-0.937173
5.079	-0.935926
5.082	-0.934665
5.085	-0.93339
5.088	-0.932102
5.091	-0.930801
5.094	-0.929486
5.097	-0.928158
5.1	-0.926816
5.103	-0.925462
5.106	-0.924094
5.109	-0.922714
5.112	-0.92132
5.115	-0.919914
5.118	-0.918494
5.121	-0.917062
5.124	-0.915617
5.127	-0.91416
5.13	-0.91269
5.133	-0.911207
5.136	-0.909713
5.139	-0.908205
5.142	-0.906686
5.145	-0.905154
5.148	-0.903611
5.151	-0.902055
5.154	-0.900487
5.157	-0.898908
5.16	-0.897317
5.163	-0.895714
5.166	-0.8941
5.169	-0.892474
5.172	-0.890837
5.175	-0.889189
5.178	-0.887529
5.181	-0.885859
5.184	-0.884177
5.187	-0.882485
5.19	-0.880782
5.193	-0.879068
5.196	-0.877344
5.199	-0.875609
5.202	-0.873864
5.205	-0.872109
5.208	-0.870344
5.211	-0.868568
5.214	-0.866783
5.217	-0.864988
5.22	-0.863184
5.223	-0.861369
5.226	-0.859546
5.229	-0.857713
5.232	-0.855871
5.235	-0.85402
5.238	-0.85216
5.241	-0.850291
5.244	-0.848414
5.247	-0.846528
5.25	-0.844634
5.253	-0.842731
5.256	-0.84082
5.259	-0.838901
5.262	-0.836975
5.265	-0.83504
5.268	-0.833098
5.271	-0.831149
5.274	-0.829192
5.277	-0.827227
5.28	-0.825256
5.283	-0.823278
5.286	-0.821293
5.289	-0.819301
5.292	-0.817303
5.295	-0.815298
5.298	-0.813287
5.301	-0.81127
5.304	-0.809247
5.307	-0.807218
5.31	-0.805184
5.313	-0.803143
5.316	-0.801098
5.319	-0.799047
5.322	-0.796991
5.325	-0.79493
5.328	-0.792865
5.331	-0.790794
5.334	-0.788719
5.337	-0.78664
5.34	-0.784557
5.343	-0.782469
5.346	-0.780377
5.349	-0.778282
5.352	-0.776183
5.355	-0.77408
5.358	-0.771974
5.361	-0.769865
5.364	-0.767753
5.367	-0.765637
5.37	-0.763519
5.373	-0.761399
5.376	-0.759276
5.379	-0.75715
5.382	-0.755022
5.385	-0.752893
5.388	-0.750761
5.391	-0.748627
5.394	-0.746492
5.397	-0.744356
5.4	-0.742218
5.403	-0.740079
5.406	-0.737939
5.409	-0.735798
5.412	-0.733656
5.415	-0.731513
5.418	-0.72937
5.421	-0.727227
5.424	-0.725083
5.427	-0.72294
5.43	-0.720796
5.433	-0.718653
5.436	-0.71651
5.439	-0.714367
5.442	-0.712225
5.445	-0.710084
5.448	-0.707944
5.451	-0.705805
5.454	-0.703666
5.457	-0.701529
5.46	-0.699394
5.463	-0.69726
5.466	-0.695128
5.469	-0.692997
5.472	-0.690868
5.475	-0.688742
5.478	-0.686617
5.481	-0.684495
5.484	-0.682376
5.487	-0.680258
5.49	-0.678144
5.493	-0.676032
5.496	-0.673923
5.499	-0.671817
5.502	-0.669714
5.505	-0.667615
5.508	-0.665518
5.511	-0.663425
5.514	-0.661336
5.517	-0.659251
5.52	-0.657169
5.523	-0.655091
5.526	-0.653017
5.529	-0.650947
5.532	-0.648881
5.535	-0.64682
5.538	-0.644763
5.541	-0.642711
5.544	-0.640663
5.547	-0.638619
5.55	-0.636581
5.553	-0.634548
5.556	-0.632519
5.559	-0.630495
5.562	-0.628477
5.565	-0.626464
5.568	-0.624456
5.571	-0.622454
5.574	-0.620457
5.577	-0.618466
5.58	-0.61648
5.583	-0.6145
5.586	-0.612526
5.589	-0.610558
5.592	-0.608596
5.595	-0.60664
5.598	-0.60469
5.601	-0.602746
5.604	-0.600808
5.607	-0.598877
5.61	-0.596952
5.613	-0.595034
5.616	-0.593122
5.619	-0.591217
5.622	-0.589318
5.625	-0.587426
5.628	-0.585541
5.631	-0.583663
5.634	-0.581792
5.637	-0.579927
5.64	-0.57807
5.643	-0.576219
5.646	-0.574376
5.649	-0.57254
5.652	-0.570711
5.655	-0.568889
5.658	-0.567075
5.661	-0.565268
5.664	-0.563468
5.667	-0.561676
5.67	-0.559891
5.673	-0.558113
5.676	-0.556344
5.679	-0.554581
5.682	-0.552827
5.685	-0.55108
5.688	-0.54934
5.691	-0.547609
5.694	-0.545885
5.697	-0.544169
5.7	-0.542461
5.703	-0.54076
5.706	-0.539068
5.709	-0.537383
5.712	-0.535706
5.715	-0.534037
5.718	-0.532376
5.721	-0.530723
5.724	-0.529078
5.727	-0.527441
5.73	-0.525812
5.733	-0.524191
5.736	-0.522578
5.739	-0.520973
5.742	-0.519376
5.745	-0.517787
5.748	-0.516207
5.751	-0.514634
5.754	-0.513069
5.757	-0.511513
5.76	-0.509965
5.763	-0.508425
5.766	-0.506893
5.769	-0.505369
5.772	-0.503853
5.775	-0.502346
5.778	-0.500846
5.781	-0.499355
5.784	-0.497872
5.787	-0.496397
5.79	-0.49493
5.793	-0.493471
5.796	-0.49202
5.799	-0.490578
5.802	-0.489144
5.805	-0.487717
5.808	-0.486299
5.811	-0.484889
5.814	-0.483487
5.817	-0.482093
5.82	-0.480707
5.823	-0.47933
5.826	-0.47796
5.829	-0.476598
5.832	-0.475244
5.835	-0.473899
5.838	-0.472561
5.841	-0.471231
5.844	-0.46991
5.847	-0.468596
5.85	-0.46729
5.853	-0.465992
5.856	-0.464702
5.859	-0.46342
5.862	-0.462145
5.865	-0.460879
5.868	-0.45962
5.871	-0.458369
5.874	-0.457126
5.877	-0.455891
5.88	-0.454663
5.883	-0.453443
5.886	-0.452231
5.889	-0.451026
5.892	-0.44983
5.895	-0.44864
5.898	-0.447459
5.901	-0.446284
5.904	-0.445118
5.907	-0.443959
5.91	-0.442807
5.913	-0.441663
5.916	-0.440526
5.919	-0.439397
5.922	-0.438275
5.925	-0.43716
5.928	-0.436053
5.931	-0.434953
5.934	-0.43386
5.937	-0.432775
5.94	-0.431697
5.943	-0.430626
5.946	-0.429562
5.949	-0.428505
5.952	-0.427455
5.955	-0.426413
5.958	-0.425377
5.961	-0.424348
5.964	-0.423327
5.967	-0.422312
5.97	-0.421304
5.973	-0.420303
5.976	-0.419309
5.979	-0.418322
5.982	-0.417341
5.985	-0.416368
5.988	-0.4154
5.991	-0.41444
5.994	-0.413486
5.997	-0.412539
