3.43834   5.70575   0.554093   0.0592702   -0.576367   1
3.04921   6.37196   0.55758   0.637794   2.56569   1
5.84495   2.50875   0.11054   0.66318   -0.760084   1
2.35118   4.24394   0.602282   0.26222   -1.13491   1
1.234   3.12423   0.613998   0.570068   -1.20355   1
3.68001   5.83706   0.539634   0.47059   1.18636   1
5.69486   5.39639   1.21615   0.552615   -1.04031   1
0.803854   1.24901   0.300552   0.72786   0.605694   1
4.09194   4.44285   0.273611   0.583338   0.616454   1
4.26426   2.69345   0.306781   0.777794   1.22652   1
6.51233   2.50851   0.504021   0.658887   2.72314   1
5.3598   3.26228   0.417421   0.696227   1.04499   1
3.55399   0.948865   0.522149   0.541154   0.371593   1
5.83932   3.87064   0.56497   0.446437   1.86561   1
4.322   5.34035   0.472112   0.709554   -0.31842   1
5.44446   3.72042   0.485238   0.363925   0.249249   1
1.0244   6.12764   0.544248   0.541633   1.27125   1
1.36736   3.56792   0.548375   0.50535   0.405014   1
4.582   0.949791   0.533609   0.536843   0.289765   1
0.836673   6.31666   0.559344   0.538079   1.64396   1
0.540022   2.68884   0.528699   0.541182   0.778258   1
2.08023   0.959344   0.533434   0.50342   0.773689   1
-0.144928   3.61468   0.512299   0.609683   -1.54117   1
2.69978   1.9689   0.697772   0.609608   -1.07197   1
0.224128   3.11501   0.572253   0.538106   -0.126265   1
