 Location  Dispersion    Centroids   Volume
0.000470181   0.288515   0.0197375   0.997451
0.404234   0.288825   0.474495   1.00008
0.85197   0.286462   0.807742   1.00083
1.27642   0.290664   1.02697   1.00174
1.71709   0.287579   1.05605   1.0022
2.15564   0.285468   0.906593   0.999778
2.56897   0.282652   0.598123   0.995999
2.99468   0.295167   0.22072   1.00067
3.41286   0.289228   -0.249139   0.999753
3.85077   0.290956   -0.594943   1.00054
4.27427   0.289472   -0.883758   1.00041
4.71102   0.281885   -0.968288   1.00143
5.13451   0.276175   -0.877466   0.996766
5.5554   0.283464   -0.623093   1.00064
5.9896   0.28823   -0.237904   1.00169
