 Location  Dispersion    Centroids   Volume
0.00342059   0.0871162   -0.00347973   1.00717
0.208006   0.0783948   0.205625   0.993171
0.414289   0.0838838   0.402949   0.99939
0.61832   0.0821183   0.58823   0.998904
0.827315   0.0800987   0.743795   0.99984
1.03131   0.0768166   0.867776   1.00018
1.24133   0.0742475   0.953025   1.00064
1.44576   0.0717546   0.997884   1.00058
1.65628   0.0720638   1.00265   1.00083
1.86088   0.0740125   0.966045   1.00083
2.06559   0.0780321   0.888495   1.00107
2.27596   0.0809922   0.772731   1.0006
2.48059   0.0841762   0.621393   1.00031
2.6904   0.0856422   0.443665   0.999613
2.8946   0.0866854   0.246069   0.999229
3.10366   0.0868338   0.0396092   0.998991
3.3076   0.0866612   -0.169815   0.998998
3.5166   0.085566   -0.370922   0.999106
3.72033   0.0831018   -0.557024   0.999165
3.92939   0.0807667   -0.717039   0.999851
4.13335   0.077515   -0.845987   1.00033
4.33745   0.0742949   -0.939034   1.00021
4.54755   0.0724215   -0.992023   1.00074
4.75221   0.071945   -1.00506   1.00085
4.96278   0.0735098   -0.976051   1.00078
5.16753   0.0772268   -0.905926   1.00112
5.37778   0.0788966   -0.794944   0.999974
5.58249   0.081244   -0.645978   1.00011
5.78969   0.074538   -0.47238   0.993585
5.99226   0.080459   -0.28326   1.00376
