 x  	 F(x)  
0	0.0517269
0.003	0.0533952
0.006	0.0550877
0.009	0.0568037
0.012	0.0585423
0.015	0.060303
0.018	0.0620849
0.021	0.0638872
0.024	0.0657093
0.027	0.0675504
0.03	0.0694096
0.033	0.0712861
0.036	0.0731793
0.039	0.0750883
0.042	0.0770124
0.045	0.0789508
0.048	0.0809028
0.051	0.0828677
0.054	0.0848448
0.057	0.0868335
0.06	0.0888332
0.063	0.0908432
0.066	0.092863
0.069	0.0948921
0.072	0.09693
0.075	0.0989763
0.078	0.10103
0.081	0.103092
0.084	0.105161
0.087	0.107238
0.09	0.109321
0.093	0.11141
0.096	0.113507
0.099	0.115609
0.102	0.117718
0.105	0.119834
0.108	0.121956
0.111	0.124085
0.114	0.126221
0.117	0.128363
0.12	0.130514
0.123	0.132671
0.126	0.134837
0.129	0.137011
0.132	0.139194
0.135	0.141386
0.138	0.143588
0.141	0.1458
0.144	0.148022
0.147	0.150257
0.15	0.152503
0.153	0.154762
0.156	0.157034
0.159	0.15932
0.162	0.161621
0.165	0.163937
0.168	0.16627
0.171	0.168619
0.174	0.170986
0.177	0.173371
0.18	0.175775
0.183	0.178198
0.186	0.180643
0.189	0.183108
0.192	0.185595
0.195	0.188104
0.198	0.190636
0.201	0.193192
0.204	0.195772
0.207	0.198376
0.21	0.201006
0.213	0.203661
0.216	0.206341
0.219	0.209048
0.222	0.211782
0.225	0.214542
0.228	0.217329
0.231	0.220142
0.234	0.222983
0.237	0.22585
0.24	0.228743
0.243	0.231663
0.246	0.234608
0.249	0.237579
0.252	0.240575
0.255	0.243596
0.258	0.24664
0.261	0.249707
0.264	0.252796
0.267	0.255906
0.27	0.259037
0.273	0.262186
0.276	0.265353
0.279	0.268537
0.282	0.271736
0.285	0.274949
0.288	0.278174
0.291	0.28141
0.294	0.284656
0.297	0.287909
0.3	0.291168
0.303	0.294431
0.306	0.297698
0.309	0.300965
0.312	0.304231
0.315	0.307494
0.318	0.310754
0.321	0.314007
0.324	0.317253
0.327	0.320489
0.33	0.323714
0.333	0.326927
0.336	0.330125
0.339	0.333308
0.342	0.336473
0.345	0.33962
0.348	0.342748
0.351	0.345854
0.354	0.348939
0.357	0.352
0.36	0.355037
0.363	0.35805
0.366	0.361036
0.369	0.363997
0.372	0.36693
0.375	0.369836
0.378	0.372714
0.381	0.375564
0.384	0.378386
0.387	0.381179
0.39	0.383944
0.393	0.386681
0.396	0.389389
0.399	0.39207
0.402	0.394723
0.405	0.397349
0.408	0.399948
0.411	0.402521
0.414	0.405069
0.417	0.407592
0.42	0.410092
0.423	0.412568
0.426	0.415021
0.429	0.417454
0.432	0.419866
0.435	0.422258
0.438	0.424633
0.441	0.42699
0.444	0.429331
0.447	0.431657
0.45	0.43397
0.453	0.43627
0.456	0.438559
0.459	0.440837
0.462	0.443107
0.465	0.445369
0.468	0.447625
0.471	0.449875
0.474	0.452122
0.477	0.454367
0.48	0.45661
0.483	0.458853
0.486	0.461097
0.489	0.463343
0.492	0.465593
0.495	0.467848
0.498	0.470109
0.501	0.472376
0.504	0.474652
0.507	0.476937
0.51	0.479231
0.513	0.481537
0.516	0.483855
0.519	0.486186
0.522	0.48853
0.525	0.490889
0.528	0.493263
0.531	0.495652
0.534	0.498059
0.537	0.500481
0.54	0.502922
0.543	0.50538
0.546	0.507856
0.549	0.51035
0.552	0.512863
0.555	0.515394
0.558	0.517944
0.561	0.520512
0.564	0.523098
0.567	0.525703
0.57	0.528324
0.573	0.530964
0.576	0.533619
0.579	0.536291
0.582	0.538978
0.585	0.54168
0.588	0.544396
0.591	0.547124
0.594	0.549865
0.597	0.552616
0.6	0.555377
0.603	0.558146
0.606	0.560923
0.609	0.563706
0.612	0.566493
0.615	0.569284
0.618	0.572077
0.621	0.57487
0.624	0.577662
0.627	0.580452
0.63	0.583238
0.633	0.586019
0.636	0.588793
0.639	0.591558
0.642	0.594314
0.645	0.597059
0.648	0.599792
0.651	0.602511
0.654	0.605215
0.657	0.607902
0.66	0.610573
0.663	0.613225
0.666	0.615857
0.669	0.61847
0.672	0.621061
0.675	0.623629
0.678	0.626175
0.681	0.628698
0.684	0.631197
0.687	0.633671
0.69	0.63612
0.693	0.638544
0.696	0.640943
0.699	0.643316
0.702	0.645663
0.705	0.647984
0.708	0.65028
0.711	0.65255
0.714	0.654795
0.717	0.657016
0.72	0.659211
0.723	0.661382
0.726	0.66353
0.729	0.665654
0.732	0.667756
0.735	0.669835
0.738	0.671894
0.741	0.673931
0.744	0.675949
0.747	0.677948
0.75	0.679929
0.753	0.681892
0.756	0.683839
0.759	0.68577
0.762	0.687686
0.765	0.689589
0.768	0.691479
0.771	0.693358
0.774	0.695225
0.777	0.697083
0.78	0.698932
0.783	0.700773
0.786	0.702607
0.789	0.704436
0.792	0.706259
0.795	0.708078
0.798	0.709895
0.801	0.711709
0.804	0.713522
0.807	0.715335
0.81	0.717148
0.813	0.718963
0.816	0.72078
0.819	0.7226
0.822	0.724423
0.825	0.726251
0.828	0.728084
0.831	0.729923
0.834	0.731768
0.837	0.733619
0.84	0.735478
0.843	0.737345
0.846	0.73922
0.849	0.741103
0.852	0.742996
0.855	0.744897
0.858	0.746807
0.861	0.748727
0.864	0.750656
0.867	0.752594
0.87	0.754542
0.873	0.756499
0.876	0.758465
0.879	0.76044
0.882	0.762423
0.885	0.764414
0.888	0.766413
0.891	0.768418
0.894	0.770431
0.897	0.772449
0.9	0.774473
0.903	0.776502
0.906	0.778534
0.909	0.780569
0.912	0.782607
0.915	0.784645
0.918	0.786685
0.921	0.788723
0.924	0.79076
0.927	0.792795
0.93	0.794826
0.933	0.796853
0.936	0.798873
0.939	0.800888
0.942	0.802894
0.945	0.804892
0.948	0.80688
0.951	0.808858
0.954	0.810823
0.957	0.812776
0.96	0.814716
0.963	0.816641
0.966	0.818551
0.969	0.820444
0.972	0.822321
0.975	0.82418
0.978	0.826021
0.981	0.827843
0.984	0.829646
0.987	0.831428
0.99	0.833191
0.993	0.834932
0.996	0.836653
0.999	0.838352
1.002	0.84003
1.005	0.841685
1.008	0.843319
1.011	0.844931
1.014	0.846522
1.017	0.84809
1.02	0.849637
1.023	0.851162
1.026	0.852666
1.029	0.854148
1.032	0.85561
1.035	0.857052
1.038	0.858473
1.041	0.859875
1.044	0.861257
1.047	0.862621
1.05	0.863966
1.053	0.865293
1.056	0.866604
1.059	0.867897
1.062	0.869175
1.065	0.870437
1.068	0.871684
1.071	0.872917
1.074	0.874136
1.077	0.875342
1.08	0.876536
1.083	0.877719
1.086	0.87889
1.089	0.880051
1.092	0.881202
1.095	0.882345
1.098	0.883478
1.101	0.884604
1.104	0.885723
1.107	0.886836
1.11	0.887942
1.113	0.889043
1.116	0.890139
1.119	0.891232
1.122	0.89232
1.125	0.893405
1.128	0.894488
1.131	0.895569
1.134	0.896648
1.137	0.897725
1.14	0.898802
1.143	0.899879
1.146	0.900955
1.149	0.902032
1.152	0.903109
1.155	0.904188
1.158	0.905267
1.161	0.906348
1.164	0.90743
1.167	0.908514
1.17	0.9096
1.173	0.910688
1.176	0.911778
1.179	0.91287
1.182	0.913964
1.185	0.915059
1.188	0.916157
1.191	0.917256
1.194	0.918357
1.197	0.91946
1.2	0.920563
1.203	0.921667
1.206	0.922772
1.209	0.923877
1.212	0.924982
1.215	0.926087
1.218	0.927191
1.221	0.928293
1.224	0.929394
1.227	0.930493
1.23	0.931588
1.233	0.932681
1.236	0.93377
1.239	0.934854
1.242	0.935934
1.245	0.937008
1.248	0.938076
1.251	0.939138
1.254	0.940193
1.257	0.941239
1.26	0.942278
1.263	0.943308
1.266	0.944329
1.269	0.94534
1.272	0.94634
1.275	0.94733
1.278	0.948309
1.281	0.949276
1.284	0.950231
1.287	0.951173
1.29	0.952103
1.293	0.953019
1.296	0.953922
1.299	0.954812
1.302	0.955687
1.305	0.956549
1.308	0.957395
1.311	0.958228
1.314	0.959046
1.317	0.959849
1.32	0.960638
1.323	0.961411
1.326	0.96217
1.329	0.962915
1.332	0.963644
1.335	0.964359
1.338	0.96506
1.341	0.965746
1.344	0.966418
1.347	0.967076
1.35	0.96772
1.353	0.96835
1.356	0.968967
1.359	0.969571
1.362	0.970161
1.365	0.970739
1.368	0.971305
1.371	0.971858
1.374	0.972399
1.377	0.972929
1.38	0.973447
1.383	0.973954
1.386	0.97445
1.389	0.974936
1.392	0.975411
1.395	0.975876
1.398	0.976332
1.401	0.976778
1.404	0.977214
1.407	0.977642
1.41	0.978061
1.413	0.978471
1.416	0.978873
1.419	0.979267
1.422	0.979653
1.425	0.980031
1.428	0.980402
1.431	0.980766
1.434	0.981122
1.437	0.981471
1.44	0.981814
1.443	0.982149
1.446	0.982478
1.449	0.9828
1.452	0.983116
1.455	0.983425
1.458	0.983728
1.461	0.984025
1.464	0.984315
1.467	0.984599
1.47	0.984876
1.473	0.985147
1.476	0.985412
1.479	0.98567
1.482	0.985922
1.485	0.986168
1.488	0.986406
1.491	0.986638
1.494	0.986863
1.497	0.987081
1.5	0.987293
1.503	0.987496
1.506	0.987693
1.509	0.987882
1.512	0.988064
1.515	0.988238
1.518	0.988404
1.521	0.988562
1.524	0.988712
1.527	0.988853
1.53	0.988986
1.533	0.98911
1.536	0.989226
1.539	0.989333
1.542	0.98943
1.545	0.989519
1.548	0.989598
1.551	0.989668
1.554	0.989728
1.557	0.989779
1.56	0.98982
1.563	0.989851
1.566	0.989873
1.569	0.989885
1.572	0.989887
1.575	0.989879
1.578	0.989862
1.581	0.989834
1.584	0.989797
1.587	0.98975
1.59	0.989694
1.593	0.989628
1.596	0.989552
1.599	0.989467
1.602	0.989373
1.605	0.989269
1.608	0.989157
1.611	0.989036
1.614	0.988905
1.617	0.988767
1.62	0.98862
1.623	0.988464
1.626	0.988301
1.629	0.988129
1.632	0.98795
1.635	0.987763
1.638	0.987569
1.641	0.987367
1.644	0.987158
1.647	0.986943
1.65	0.98672
1.653	0.986491
1.656	0.986255
1.659	0.986013
1.662	0.985764
1.665	0.98551
1.668	0.985249
1.671	0.984982
1.674	0.984709
1.677	0.984431
1.68	0.984146
1.683	0.983856
1.686	0.983559
1.689	0.983257
1.692	0.98295
1.695	0.982636
1.698	0.982317
1.701	0.981991
1.704	0.98166
1.707	0.981322
1.71	0.980979
1.713	0.980629
1.716	0.980272
1.719	0.97991
1.722	0.97954
1.725	0.979164
1.728	0.978781
1.731	0.97839
1.734	0.977992
1.737	0.977586
1.74	0.977173
1.743	0.976751
1.746	0.976322
1.749	0.975883
1.752	0.975436
1.755	0.974979
1.758	0.974514
1.761	0.974038
1.764	0.973553
1.767	0.973057
1.77	0.972551
1.773	0.972033
1.776	0.971505
1.779	0.970965
1.782	0.970413
1.785	0.96985
1.788	0.969274
1.791	0.968685
1.794	0.968083
1.797	0.967468
1.8	0.966839
1.803	0.966197
1.806	0.96554
1.809	0.96487
1.812	0.964185
1.815	0.963485
1.818	0.96277
1.821	0.96204
1.824	0.961295
1.827	0.960535
1.83	0.959759
1.833	0.958968
1.836	0.958161
1.839	0.957339
1.842	0.956501
1.845	0.955648
1.848	0.954779
1.851	0.953895
1.854	0.952996
1.857	0.952082
1.86	0.951153
1.863	0.95021
1.866	0.949252
1.869	0.94828
1.872	0.947295
1.875	0.946296
1.878	0.945285
1.881	0.944261
1.884	0.943225
1.887	0.942177
1.89	0.941119
1.893	0.94005
1.896	0.938971
1.899	0.937882
1.902	0.936784
1.905	0.935679
1.908	0.934565
1.911	0.933444
1.914	0.932317
1.917	0.931183
1.92	0.930044
1.923	0.928901
1.926	0.927753
1.929	0.926601
1.932	0.925446
1.935	0.924289
1.938	0.923129
1.941	0.921967
1.944	0.920805
1.947	0.919641
1.95	0.918477
1.953	0.917313
1.956	0.916149
1.959	0.914986
1.962	0.913824
1.965	0.912663
1.968	0.911504
1.971	0.910345
1.974	0.909189
1.977	0.908034
1.98	0.906881
1.983	0.90573
1.986	0.904581
1.989	0.903433
1.992	0.902287
1.995	0.901143
1.998	0.9
2.001	0.898859
2.004	0.897718
2.007	0.896578
2.01	0.895439
2.013	0.8943
2.016	0.893161
2.019	0.892021
2.022	0.89088
2.025	0.889738
2.028	0.888594
2.031	0.887448
2.034	0.886299
2.037	0.885146
2.04	0.88399
2.043	0.88283
2.046	0.881665
2.049	0.880494
2.052	0.879317
2.055	0.878133
2.058	0.876942
2.061	0.875743
2.064	0.874535
2.067	0.873319
2.07	0.872092
2.073	0.870855
2.076	0.869606
2.079	0.868346
2.082	0.867073
2.085	0.865788
2.088	0.864488
2.091	0.863174
2.094	0.861845
2.097	0.860501
2.1	0.859141
2.103	0.857763
2.106	0.856369
2.109	0.854957
2.112	0.853526
2.115	0.852077
2.118	0.850609
2.121	0.849121
2.124	0.847614
2.127	0.846086
2.13	0.844537
2.133	0.842968
2.136	0.841378
2.139	0.839767
2.142	0.838135
2.145	0.836481
2.148	0.834806
2.151	0.83311
2.154	0.831392
2.157	0.829654
2.16	0.827895
2.163	0.826115
2.166	0.824316
2.169	0.822496
2.172	0.820657
2.175	0.8188
2.178	0.816924
2.181	0.81503
2.184	0.813119
2.187	0.811192
2.19	0.80925
2.193	0.807292
2.196	0.805321
2.199	0.803336
2.202	0.80134
2.205	0.799332
2.208	0.797314
2.211	0.795286
2.214	0.79325
2.217	0.791207
2.22	0.789158
2.223	0.787104
2.226	0.785045
2.229	0.782983
2.232	0.780919
2.235	0.778854
2.238	0.776788
2.241	0.774723
2.244	0.77266
2.247	0.770599
2.25	0.768541
2.253	0.766488
2.256	0.764439
2.259	0.762396
2.262	0.760359
2.265	0.758329
2.268	0.756307
2.271	0.754292
2.274	0.752286
2.277	0.750288
2.28	0.748299
2.283	0.746319
2.286	0.744349
2.289	0.742388
2.292	0.740437
2.295	0.738496
2.298	0.736564
2.301	0.734642
2.304	0.732729
2.307	0.730825
2.31	0.72893
2.313	0.727043
2.316	0.725165
2.319	0.723294
2.322	0.72143
2.325	0.719574
2.328	0.717723
2.331	0.715877
2.334	0.714037
2.337	0.712201
2.34	0.710368
2.343	0.708538
2.346	0.70671
2.349	0.704882
2.352	0.703056
2.355	0.701228
2.358	0.699399
2.361	0.697568
2.364	0.695733
2.367	0.693894
2.37	0.69205
2.373	0.690199
2.376	0.688342
2.379	0.686476
2.382	0.684601
2.385	0.682716
2.388	0.680821
2.391	0.678913
2.394	0.676992
2.397	0.675058
2.4	0.673108
2.403	0.671143
2.406	0.669162
2.409	0.667163
2.412	0.665145
2.415	0.663109
2.418	0.661053
2.421	0.658976
2.424	0.656878
2.427	0.654758
2.43	0.652615
2.433	0.65045
2.436	0.648261
2.439	0.646048
2.442	0.64381
2.445	0.641548
2.448	0.639261
2.451	0.636949
2.454	0.634611
2.457	0.632248
2.46	0.62986
2.463	0.627447
2.466	0.625009
2.469	0.622546
2.472	0.620059
2.475	0.617548
2.478	0.615013
2.481	0.612456
2.484	0.609876
2.487	0.607275
2.49	0.604653
2.493	0.602012
2.496	0.599352
2.499	0.596674
2.502	0.593979
2.505	0.591269
2.508	0.588545
2.511	0.585807
2.514	0.583058
2.517	0.580298
2.52	0.57753
2.523	0.574753
2.526	0.57197
2.529	0.569183
2.532	0.566392
2.535	0.563599
2.538	0.560806
2.541	0.558013
2.544	0.555223
2.547	0.552436
2.55	0.549655
2.553	0.546879
2.556	0.544111
2.559	0.541352
2.562	0.538603
2.565	0.535865
2.568	0.533138
2.571	0.530425
2.574	0.527725
2.577	0.525041
2.58	0.522371
2.583	0.519717
2.586	0.51708
2.589	0.51446
2.592	0.511858
2.595	0.509273
2.598	0.506707
2.601	0.504158
2.604	0.501628
2.607	0.499116
2.61	0.496622
2.613	0.494147
2.616	0.491689
2.619	0.489248
2.622	0.486825
2.625	0.484418
2.628	0.482027
2.631	0.479652
2.634	0.477292
2.637	0.474946
2.64	0.472613
2.643	0.470293
2.646	0.467984
2.649	0.465686
2.652	0.463398
2.655	0.461119
2.658	0.458848
2.661	0.456583
2.664	0.454324
2.667	0.452069
2.67	0.449818
2.673	0.447569
2.676	0.44532
2.679	0.443072
2.682	0.440822
2.685	0.438569
2.688	0.436312
2.691	0.43405
2.694	0.431782
2.697	0.429506
2.7	0.42722
2.703	0.424925
2.706	0.422618
2.709	0.420298
2.712	0.417964
2.715	0.415616
2.718	0.413251
2.721	0.410869
2.724	0.408469
2.727	0.406049
2.73	0.403608
2.733	0.401146
2.736	0.398662
2.739	0.396155
2.742	0.393624
2.745	0.391067
2.748	0.388486
2.751	0.385878
2.754	0.383244
2.757	0.380582
2.76	0.377893
2.763	0.375176
2.766	0.37243
2.769	0.369657
2.772	0.366855
2.775	0.364024
2.778	0.361165
2.781	0.358278
2.784	0.355364
2.787	0.352422
2.79	0.349453
2.793	0.346457
2.796	0.343436
2.799	0.34039
2.802	0.337319
2.805	0.334226
2.808	0.33111
2.811	0.327974
2.814	0.324818
2.817	0.321643
2.82	0.318451
2.823	0.315243
2.826	0.31202
2.829	0.308785
2.832	0.305539
2.835	0.302283
2.838	0.299019
2.841	0.295749
2.844	0.292474
2.847	0.289197
2.85	0.285918
2.853	0.282639
2.856	0.279362
2.859	0.276089
2.862	0.272822
2.865	0.269561
2.868	0.266309
2.871	0.263066
2.874	0.259835
2.877	0.256617
2.88	0.253412
2.883	0.250223
2.886	0.24705
2.889	0.243894
2.892	0.240757
2.895	0.237638
2.898	0.23454
2.901	0.231462
2.904	0.228405
2.907	0.22537
2.91	0.222357
2.913	0.219366
2.916	0.216398
2.919	0.213452
2.922	0.210529
2.925	0.207629
2.928	0.204751
2.931	0.201895
2.934	0.19906
2.937	0.196247
2.94	0.193455
2.943	0.190683
2.946	0.18793
2.949	0.185196
2.952	0.18248
2.955	0.179781
2.958	0.177098
2.961	0.174431
2.964	0.171778
2.967	0.169137
2.97	0.166509
2.973	0.163891
2.976	0.161284
2.979	0.158684
2.982	0.156092
2.985	0.153505
2.988	0.150923
2.991	0.148344
2.994	0.145767
2.997	0.14319
3	0.140613
3.003	0.138034
3.006	0.13545
3.009	0.132862
3.012	0.130268
3.015	0.127666
3.018	0.125056
3.021	0.122435
3.024	0.119803
3.027	0.117158
3.03	0.114499
3.033	0.111825
3.036	0.109135
3.039	0.106427
3.042	0.103702
3.045	0.100957
3.048	0.0981914
3.051	0.095405
3.054	0.0925966
3.057	0.0897655
3.06	0.0869111
3.063	0.0840326
3.066	0.0811297
3.069	0.0782018
3.072	0.0752486
3.075	0.0722699
3.078	0.0692654
3.081	0.066235
3.084	0.0631789
3.087	0.060097
3.09	0.0569897
3.093	0.0538571
3.096	0.0506998
3.099	0.0475182
3.102	0.0443129
3.105	0.0410847
3.108	0.0378343
3.111	0.0345627
3.114	0.0312708
3.117	0.0279598
3.12	0.0246308
3.123	0.0212851
3.126	0.0179241
3.129	0.0145491
3.132	0.0111616
3.135	0.00776317
3.138	0.00435544
3.141	0.000940017
3.144	-0.0024814
3.147	-0.00590709
3.15	-0.00933532
3.153	-0.0127643
3.156	-0.0161923
3.159	-0.0196176
3.162	-0.0230383
3.165	-0.0264528
3.168	-0.0298593
3.171	-0.0332562
3.174	-0.0366418
3.177	-0.0400145
3.18	-0.0433727
3.183	-0.0467151
3.186	-0.0500401
3.189	-0.0533466
3.192	-0.0566331
3.195	-0.0598986
3.198	-0.0631419
3.201	-0.0663621
3.204	-0.0695583
3.207	-0.0727297
3.21	-0.0758756
3.213	-0.0789953
3.216	-0.0820884
3.219	-0.0851545
3.222	-0.0881933
3.225	-0.0912046
3.228	-0.0941882
3.231	-0.0971443
3.234	-0.100073
3.237	-0.102974
3.24	-0.105848
3.243	-0.108696
3.246	-0.111517
3.249	-0.114312
3.252	-0.117083
3.255	-0.119829
3.258	-0.122551
3.261	-0.12525
3.264	-0.127928
3.267	-0.130584
3.27	-0.133221
3.273	-0.135838
3.276	-0.138438
3.279	-0.141021
3.282	-0.143588
3.285	-0.146141
3.288	-0.148681
3.291	-0.151209
3.294	-0.153726
3.297	-0.156234
3.3	-0.158735
3.303	-0.161228
3.306	-0.163717
3.309	-0.166202
3.312	-0.168685
3.315	-0.171166
3.318	-0.173648
3.321	-0.176132
3.324	-0.178618
3.327	-0.181109
3.33	-0.183606
3.333	-0.18611
3.336	-0.188622
3.339	-0.191144
3.342	-0.193677
3.345	-0.196222
3.348	-0.19878
3.351	-0.201352
3.354	-0.203939
3.357	-0.206543
3.36	-0.209164
3.363	-0.211804
3.366	-0.214462
3.369	-0.217141
3.372	-0.21984
3.375	-0.22256
3.378	-0.225302
3.381	-0.228067
3.384	-0.230854
3.387	-0.233665
3.39	-0.236499
3.393	-0.239356
3.396	-0.242238
3.399	-0.245142
3.402	-0.248071
3.405	-0.251023
3.408	-0.253997
3.411	-0.256995
3.414	-0.260014
3.417	-0.263056
3.42	-0.266118
3.423	-0.2692
3.426	-0.272302
3.429	-0.275422
3.432	-0.278559
3.435	-0.281713
3.438	-0.284882
3.441	-0.288064
3.444	-0.291259
3.447	-0.294465
3.45	-0.29768
3.453	-0.300903
3.456	-0.304133
3.459	-0.307368
3.462	-0.310606
3.465	-0.313846
3.468	-0.317086
3.471	-0.320324
3.474	-0.323559
3.477	-0.326788
3.48	-0.330011
3.483	-0.333226
3.486	-0.336431
3.489	-0.339624
3.492	-0.342805
3.495	-0.345971
3.498	-0.349121
3.501	-0.352254
3.504	-0.355369
3.507	-0.358465
3.51	-0.361539
3.513	-0.364592
3.516	-0.367623
3.519	-0.37063
3.522	-0.373613
3.525	-0.37657
3.528	-0.379503
3.531	-0.382409
3.534	-0.385289
3.537	-0.388143
3.54	-0.390969
3.543	-0.393769
3.546	-0.396542
3.549	-0.399288
3.552	-0.402007
3.555	-0.404699
3.558	-0.407366
3.561	-0.410006
3.564	-0.412622
3.567	-0.415212
3.57	-0.417778
3.573	-0.420321
3.576	-0.422841
3.579	-0.425339
3.582	-0.427816
3.585	-0.430273
3.588	-0.43271
3.591	-0.435129
3.594	-0.437531
3.597	-0.439916
3.6	-0.442286
3.603	-0.444642
3.606	-0.446985
3.609	-0.449316
3.612	-0.451637
3.615	-0.453948
3.618	-0.456251
3.621	-0.458547
3.624	-0.460837
3.627	-0.463122
3.63	-0.465403
3.633	-0.467683
3.636	-0.469961
3.639	-0.472239
3.642	-0.474518
3.645	-0.4768
3.648	-0.479085
3.651	-0.481375
3.654	-0.48367
3.657	-0.485972
3.66	-0.488281
3.663	-0.490599
3.666	-0.492926
3.669	-0.495264
3.672	-0.497613
3.675	-0.499973
3.678	-0.502346
3.681	-0.504733
3.684	-0.507133
3.687	-0.509548
3.69	-0.511978
3.693	-0.514423
3.696	-0.516884
3.699	-0.519361
3.702	-0.521854
3.705	-0.524363
3.708	-0.526888
3.711	-0.529431
3.714	-0.531989
3.717	-0.534563
3.72	-0.537153
3.723	-0.539759
3.726	-0.54238
3.729	-0.545015
3.732	-0.547665
3.735	-0.550327
3.738	-0.553003
3.741	-0.55569
3.744	-0.558388
3.747	-0.561097
3.75	-0.563814
3.753	-0.566539
3.756	-0.569271
3.759	-0.572009
3.762	-0.574752
3.765	-0.577497
3.768	-0.580245
3.771	-0.582993
3.774	-0.585741
3.777	-0.588487
3.78	-0.591229
3.783	-0.593966
3.786	-0.596698
3.789	-0.599422
3.792	-0.602137
3.795	-0.604841
3.798	-0.607535
3.801	-0.610216
3.804	-0.612882
3.807	-0.615534
3.81	-0.61817
3.813	-0.620788
3.816	-0.623388
3.819	-0.625968
3.822	-0.628529
3.825	-0.631068
3.828	-0.633586
3.831	-0.636082
3.834	-0.638554
3.837	-0.641003
3.84	-0.643428
3.843	-0.645828
3.846	-0.648204
3.849	-0.650555
3.852	-0.652881
3.855	-0.655182
3.858	-0.657458
3.861	-0.659708
3.864	-0.661934
3.867	-0.664136
3.87	-0.666312
3.873	-0.668465
3.876	-0.670594
3.879	-0.6727
3.882	-0.674783
3.885	-0.676844
3.888	-0.678884
3.891	-0.680902
3.894	-0.682901
3.897	-0.684879
3.9	-0.686839
3.903	-0.688781
3.906	-0.690706
3.909	-0.692615
3.912	-0.694508
3.915	-0.696387
3.918	-0.698252
3.921	-0.700104
3.924	-0.701944
3.927	-0.703774
3.93	-0.705594
3.933	-0.707405
3.936	-0.709207
3.939	-0.711003
3.942	-0.712792
3.945	-0.714577
3.948	-0.716357
3.951	-0.718134
3.954	-0.719908
3.957	-0.721681
3.96	-0.723453
3.963	-0.725225
3.966	-0.726998
3.969	-0.728772
3.972	-0.73055
3.975	-0.73233
3.978	-0.734115
3.981	-0.735904
3.984	-0.737698
3.987	-0.739499
3.99	-0.741305
3.993	-0.743119
3.996	-0.74494
3.999	-0.746768
4.002	-0.748605
4.005	-0.75045
4.008	-0.752305
4.011	-0.754168
4.014	-0.75604
4.017	-0.757921
4.02	-0.759812
4.023	-0.761711
4.026	-0.76362
4.029	-0.765538
4.032	-0.767465
4.035	-0.7694
4.038	-0.771344
4.041	-0.773296
4.044	-0.775255
4.047	-0.77722
4.05	-0.779193
4.053	-0.781171
4.056	-0.783154
4.059	-0.785142
4.062	-0.787133
4.065	-0.789128
4.068	-0.791124
4.071	-0.793122
4.074	-0.79512
4.077	-0.797117
4.08	-0.799113
4.083	-0.801106
4.086	-0.803095
4.089	-0.80508
4.092	-0.807059
4.095	-0.809032
4.098	-0.810997
4.101	-0.812954
4.104	-0.8149
4.107	-0.816837
4.11	-0.818761
4.113	-0.820673
4.116	-0.822572
4.119	-0.824456
4.122	-0.826326
4.125	-0.828179
4.128	-0.830016
4.131	-0.831835
4.134	-0.833637
4.137	-0.83542
4.14	-0.837183
4.143	-0.838927
4.146	-0.840651
4.149	-0.842355
4.152	-0.844038
4.155	-0.8457
4.158	-0.84734
4.161	-0.848959
4.164	-0.850557
4.167	-0.852133
4.17	-0.853688
4.173	-0.855221
4.176	-0.856733
4.179	-0.858223
4.182	-0.859692
4.185	-0.861141
4.188	-0.862569
4.191	-0.863977
4.194	-0.865365
4.197	-0.866734
4.2	-0.868084
4.203	-0.869415
4.206	-0.870728
4.209	-0.872024
4.212	-0.873302
4.215	-0.874564
4.218	-0.875811
4.221	-0.877042
4.224	-0.878258
4.227	-0.87946
4.23	-0.880648
4.233	-0.881824
4.236	-0.882988
4.239	-0.884139
4.242	-0.88528
4.245	-0.886411
4.248	-0.887532
4.251	-0.888644
4.254	-0.889747
4.257	-0.890843
4.26	-0.891931
4.263	-0.893013
4.266	-0.894088
4.269	-0.895159
4.272	-0.896224
4.275	-0.897285
4.278	-0.898342
4.281	-0.899396
4.284	-0.900447
4.287	-0.901496
4.29	-0.902543
4.293	-0.903588
4.296	-0.904632
4.299	-0.905676
4.302	-0.906719
4.305	-0.907763
4.308	-0.908806
4.311	-0.90985
4.314	-0.910895
4.317	-0.911941
4.32	-0.912989
4.323	-0.914037
4.326	-0.915087
4.329	-0.916139
4.332	-0.917192
4.335	-0.918246
4.338	-0.919303
4.341	-0.92036
4.344	-0.92142
4.347	-0.92248
4.35	-0.923542
4.353	-0.924605
4.356	-0.925668
4.359	-0.926732
4.362	-0.927796
4.365	-0.92886
4.368	-0.929924
4.371	-0.930987
4.374	-0.932048
4.377	-0.933108
4.38	-0.934166
4.383	-0.935221
4.386	-0.936273
4.389	-0.937322
4.392	-0.938367
4.395	-0.939407
4.398	-0.940442
4.401	-0.941471
4.404	-0.942494
4.407	-0.943511
4.41	-0.94452
4.413	-0.945522
4.416	-0.946515
4.419	-0.947499
4.422	-0.948474
4.425	-0.94944
4.428	-0.950394
4.431	-0.951339
4.434	-0.952272
4.437	-0.953193
4.44	-0.954102
4.443	-0.954999
4.446	-0.955883
4.449	-0.956755
4.452	-0.957613
4.455	-0.958457
4.458	-0.959288
4.461	-0.960105
4.464	-0.960907
4.467	-0.961696
4.47	-0.96247
4.473	-0.963229
4.476	-0.963975
4.479	-0.964705
4.482	-0.965421
4.485	-0.966123
4.488	-0.966811
4.491	-0.967484
4.494	-0.968143
4.497	-0.968787
4.5	-0.969418
4.503	-0.970035
4.506	-0.970639
4.509	-0.971229
4.512	-0.971806
4.515	-0.97237
4.518	-0.972922
4.521	-0.97346
4.524	-0.973987
4.527	-0.974502
4.53	-0.975004
4.533	-0.975496
4.536	-0.975976
4.539	-0.976445
4.542	-0.976904
4.545	-0.977352
4.548	-0.97779
4.551	-0.978218
4.554	-0.978636
4.557	-0.979045
4.56	-0.979444
4.563	-0.979835
4.566	-0.980217
4.569	-0.980591
4.572	-0.980956
4.575	-0.981313
4.578	-0.981662
4.581	-0.982004
4.584	-0.982338
4.587	-0.982664
4.59	-0.982983
4.593	-0.983295
4.596	-0.9836
4.599	-0.983898
4.602	-0.984189
4.605	-0.984474
4.608	-0.984751
4.611	-0.985022
4.614	-0.985287
4.617	-0.985544
4.62	-0.985796
4.623	-0.98604
4.626	-0.986278
4.629	-0.986509
4.632	-0.986734
4.635	-0.986952
4.638	-0.987163
4.641	-0.987367
4.644	-0.987564
4.647	-0.987754
4.65	-0.987937
4.653	-0.988112
4.656	-0.988281
4.659	-0.988441
4.662	-0.988594
4.665	-0.98874
4.668	-0.988877
4.671	-0.989006
4.674	-0.989127
4.677	-0.98924
4.68	-0.989344
4.683	-0.98944
4.686	-0.989527
4.689	-0.989605
4.692	-0.989674
4.695	-0.989734
4.698	-0.989784
4.701	-0.989825
4.704	-0.989857
4.707	-0.989879
4.71	-0.989891
4.713	-0.989894
4.716	-0.989887
4.719	-0.98987
4.722	-0.989844
4.725	-0.989807
4.728	-0.989761
4.731	-0.989705
4.734	-0.989639
4.737	-0.989563
4.74	-0.989478
4.743	-0.989383
4.746	-0.989279
4.749	-0.989165
4.752	-0.989042
4.755	-0.98891
4.758	-0.988768
4.761	-0.988618
4.764	-0.988459
4.767	-0.988291
4.77	-0.988115
4.773	-0.987931
4.776	-0.987738
4.779	-0.987538
4.782	-0.98733
4.785	-0.987114
4.788	-0.986891
4.791	-0.98666
4.794	-0.986423
4.797	-0.986178
4.8	-0.985927
4.803	-0.985669
4.806	-0.985405
4.809	-0.985135
4.812	-0.984858
4.815	-0.984576
4.818	-0.984287
4.821	-0.983993
4.824	-0.983693
4.827	-0.983387
4.83	-0.983076
4.833	-0.982759
4.836	-0.982437
4.839	-0.982109
4.842	-0.981775
4.845	-0.981437
4.848	-0.981092
4.851	-0.980743
4.854	-0.980387
4.857	-0.980026
4.86	-0.979659
4.863	-0.979286
4.866	-0.978908
4.869	-0.978523
4.872	-0.978132
4.875	-0.977735
4.878	-0.977331
4.881	-0.97692
4.884	-0.976503
4.887	-0.976078
4.89	-0.975646
4.893	-0.975207
4.896	-0.974759
4.899	-0.974304
4.902	-0.97384
4.905	-0.973368
4.908	-0.972886
4.911	-0.972396
4.914	-0.971896
4.917	-0.971386
4.92	-0.970866
4.923	-0.970335
4.926	-0.969794
4.929	-0.969242
4.932	-0.968678
4.935	-0.968103
4.938	-0.967516
4.941	-0.966916
4.944	-0.966304
4.947	-0.965678
4.95	-0.96504
4.953	-0.964388
4.956	-0.963722
4.959	-0.963041
4.962	-0.962347
4.965	-0.961638
4.968	-0.960914
4.971	-0.960175
4.974	-0.959421
4.977	-0.958651
4.98	-0.957866
4.983	-0.957065
4.986	-0.956248
4.989	-0.955415
4.992	-0.954567
4.995	-0.953703
4.998	-0.952822
5.001	-0.951926
5.004	-0.951014
5.007	-0.950087
5.01	-0.949144
5.013	-0.948185
5.016	-0.947212
5.019	-0.946224
5.022	-0.945221
5.025	-0.944204
5.028	-0.943173
5.031	-0.942128
5.034	-0.941071
5.037	-0.94
5.04	-0.938918
5.043	-0.937824
5.046	-0.936718
5.049	-0.935602
5.052	-0.934476
5.055	-0.93334
5.058	-0.932196
5.061	-0.931043
5.064	-0.929882
5.067	-0.928714
5.07	-0.927539
5.073	-0.926359
5.076	-0.925173
5.079	-0.923982
5.082	-0.922787
5.085	-0.921589
5.088	-0.920387
5.091	-0.919183
5.094	-0.917977
5.097	-0.91677
5.1	-0.915561
5.103	-0.914352
5.106	-0.913142
5.109	-0.911933
5.112	-0.910724
5.115	-0.909516
5.118	-0.908309
5.121	-0.907104
5.124	-0.905899
5.127	-0.904697
5.13	-0.903497
5.133	-0.902298
5.136	-0.901101
5.139	-0.899906
5.142	-0.898714
5.145	-0.897523
5.148	-0.896334
5.151	-0.895146
5.154	-0.89396
5.157	-0.892775
5.16	-0.891592
5.163	-0.890409
5.166	-0.889226
5.169	-0.888043
5.172	-0.886861
5.175	-0.885677
5.178	-0.884492
5.181	-0.883306
5.184	-0.882118
5.187	-0.880927
5.19	-0.879733
5.193	-0.878536
5.196	-0.877334
5.199	-0.876127
5.202	-0.874915
5.205	-0.873697
5.208	-0.872473
5.211	-0.871241
5.214	-0.870001
5.217	-0.868752
5.22	-0.867494
5.223	-0.866226
5.226	-0.864948
5.229	-0.863658
5.232	-0.862357
5.235	-0.861042
5.238	-0.859714
5.241	-0.858373
5.244	-0.857016
5.247	-0.855645
5.25	-0.854257
5.253	-0.852853
5.256	-0.851432
5.259	-0.849993
5.262	-0.848536
5.265	-0.84706
5.268	-0.845565
5.271	-0.844051
5.274	-0.842516
5.277	-0.840961
5.28	-0.839385
5.283	-0.837788
5.286	-0.83617
5.289	-0.83453
5.292	-0.832868
5.295	-0.831185
5.298	-0.82948
5.301	-0.827753
5.304	-0.826004
5.307	-0.824234
5.31	-0.822442
5.313	-0.820629
5.316	-0.818795
5.319	-0.816941
5.322	-0.815066
5.325	-0.813172
5.328	-0.811259
5.331	-0.809327
5.334	-0.807378
5.337	-0.805412
5.34	-0.803429
5.343	-0.801431
5.346	-0.799418
5.349	-0.797392
5.352	-0.795353
5.355	-0.793302
5.358	-0.79124
5.361	-0.789169
5.364	-0.787089
5.367	-0.785002
5.37	-0.782908
5.373	-0.780809
5.376	-0.778705
5.379	-0.776599
5.382	-0.77449
5.385	-0.772381
5.388	-0.770271
5.391	-0.768163
5.394	-0.766057
5.397	-0.763953
5.4	-0.761854
5.403	-0.75976
5.406	-0.757672
5.409	-0.75559
5.412	-0.753515
5.415	-0.751449
5.418	-0.749391
5.421	-0.747342
5.424	-0.745303
5.427	-0.743274
5.43	-0.741256
5.433	-0.739248
5.436	-0.737252
5.439	-0.735267
5.442	-0.733293
5.445	-0.731331
5.448	-0.72938
5.451	-0.727441
5.454	-0.725512
5.457	-0.723595
5.46	-0.721689
5.463	-0.719794
5.466	-0.717908
5.469	-0.716033
5.472	-0.714166
5.475	-0.712309
5.478	-0.710459
5.481	-0.708617
5.484	-0.706782
5.487	-0.704954
5.49	-0.703131
5.493	-0.701312
5.496	-0.699498
5.499	-0.697687
5.502	-0.695878
5.505	-0.69407
5.508	-0.692263
5.511	-0.690455
5.514	-0.688646
5.517	-0.686834
5.52	-0.685019
5.523	-0.683199
5.526	-0.681374
5.529	-0.679543
5.532	-0.677704
5.535	-0.675856
5.538	-0.673999
5.541	-0.672131
5.544	-0.670252
5.547	-0.66836
5.55	-0.666454
5.553	-0.664534
5.556	-0.662598
5.559	-0.660645
5.562	-0.658675
5.565	-0.656687
5.568	-0.654679
5.571	-0.652651
5.574	-0.650602
5.577	-0.648531
5.58	-0.646438
5.583	-0.644322
5.586	-0.642182
5.589	-0.640017
5.592	-0.637828
5.595	-0.635613
5.598	-0.633372
5.601	-0.631105
5.604	-0.628812
5.607	-0.626492
5.61	-0.624145
5.613	-0.621771
5.616	-0.61937
5.619	-0.616943
5.622	-0.614489
5.625	-0.612009
5.628	-0.609502
5.631	-0.60697
5.634	-0.604413
5.637	-0.601832
5.64	-0.599226
5.643	-0.596598
5.646	-0.593947
5.649	-0.591275
5.652	-0.588583
5.655	-0.585871
5.658	-0.583141
5.661	-0.580394
5.664	-0.577631
5.667	-0.574854
5.67	-0.572064
5.673	-0.569261
5.676	-0.566449
5.679	-0.563628
5.682	-0.5608
5.685	-0.557965
5.688	-0.555127
5.691	-0.552285
5.694	-0.549443
5.697	-0.5466
5.7	-0.54376
5.703	-0.540922
5.706	-0.53809
5.709	-0.535263
5.712	-0.532444
5.715	-0.529634
5.718	-0.526834
5.721	-0.524046
5.724	-0.521269
5.727	-0.518507
5.73	-0.51576
5.733	-0.513028
5.736	-0.510312
5.739	-0.507615
5.742	-0.504935
5.745	-0.502275
5.748	-0.499634
5.751	-0.497013
5.754	-0.494412
5.757	-0.491833
5.76	-0.489275
5.763	-0.486738
5.766	-0.484224
5.769	-0.481731
5.772	-0.479259
5.775	-0.47681
5.778	-0.474383
5.781	-0.471977
5.784	-0.469593
5.787	-0.46723
5.79	-0.464888
5.793	-0.462566
5.796	-0.460265
5.799	-0.457983
5.802	-0.455721
5.805	-0.453478
5.808	-0.451253
5.811	-0.449046
5.814	-0.446857
5.817	-0.444684
5.82	-0.442527
5.823	-0.440386
5.826	-0.43826
5.829	-0.436148
5.832	-0.43405
5.835	-0.431965
5.838	-0.429893
5.841	-0.427833
5.844	-0.425784
5.847	-0.423746
5.85	-0.421719
5.853	-0.419701
5.856	-0.417693
5.859	-0.415693
5.862	-0.413702
5.865	-0.411718
5.868	-0.409743
5.871	-0.407774
5.874	-0.405812
5.877	-0.403857
5.88	-0.401908
5.883	-0.399965
5.886	-0.398028
5.889	-0.396097
5.892	-0.394171
5.895	-0.392251
5.898	-0.390336
5.901	-0.388427
5.904	-0.386523
5.907	-0.384625
5.91	-0.382733
5.913	-0.380847
5.916	-0.378968
5.919	-0.377095
5.922	-0.375228
5.925	-0.373369
5.928	-0.371518
5.931	-0.369674
5.934	-0.36784
5.937	-0.366014
5.94	-0.364197
5.943	-0.362391
5.946	-0.360596
5.949	-0.358811
5.952	-0.357039
5.955	-0.355279
5.958	-0.353533
5.961	-0.3518
5.964	-0.350082
5.967	-0.34838
5.97	-0.346693
5.973	-0.345024
5.976	-0.343372
5.979	-0.341738
5.982	-0.340123
5.985	-0.338527
5.988	-0.336952
5.991	-0.335398
5.994	-0.333865
5.997	-0.332355
