 Location  Dispersion    Centroids   Volume
-0.000257888   0.315031   -0.00527877   1.00039
0.320225   0.310299   0.312395   0.999364
0.627856   0.314436   0.59296   0.999942
0.945139   0.315833   0.817222   1.00006
1.25846   0.316425   0.958512   1.00015
1.57798   0.3169   1.0068   1.00021
1.89168   0.316515   0.955632   1.00015
2.21078   0.315808   0.808914   1.00007
2.52825   0.314424   0.581076   0.999892
2.83993   0.314219   0.300401   0.999864
3.1554   0.313979   -0.0142785   0.999836
3.4667   0.313887   -0.322729   0.999822
3.78332   0.315128   -0.604329   0.999981
4.10141   0.315645   -0.825498   1.00004
4.41452   0.316453   -0.962869   1.00015
4.73407   0.3169   -1.00658   1.00021
5.04788   0.316608   -0.951061   1.00016
5.3664   0.315256   -0.800387   1.00004
5.67481   0.310971   -0.571909   0.999473
5.995   0.314405   -0.280963   1.00022
