 Location  Dispersion    Centroids   Volume
0.00423613   0.107639   -0.00224565   1.01109
0.2568   0.0950267   0.252352   0.988999
0.498712   0.10129   0.48489   0.99845
0.749609   0.0991567   0.692116   0.998129
1.00067   0.0956847   0.853737   1.00064
1.24698   0.0908925   0.959458   1.00114
1.49973   0.0889916   1.00617   1.00187
1.74711   0.090925   0.994265   1.00238
2.00027   0.0951602   0.921983   1.00196
2.25285   0.0993208   0.791636   1.00113
2.49973   0.103801   0.609855   1.00064
2.75154   0.105872   0.388143   0.998106
3.00265   0.106646   0.142536   0.998352
3.24849   0.106398   -0.1118   0.997662
3.49895   0.104862   -0.357038   0.998044
3.74441   0.102007   -0.580896   0.998765
3.99521   0.0982665   -0.767545   0.999267
4.24665   0.0939816   -0.905384   1.00107
4.49323   0.0896824   -0.986354   1.00147
4.74631   0.0892818   -1.00827   1.00211
4.99954   0.0919221   -0.970287   1.0021
5.24672   0.0963192   -0.870102   1.00156
5.49955   0.0976806   -0.711398   0.999944
5.74231   0.0895652   -0.512852   0.989058
5.99178   0.0990214   -0.286222   1.00583
