45.1541   -9.1305   1464.97   167.129   -12.6776   1.0003
-49.9237   1.18232   926.06   239.263   -10.9923   1.00025
-2744.28   5233.19   4958.82   35714.3   -9.00445   1.00023
49.2003   -9.0497   1861.73   320.906   -7.6441   1.00017
-5.00513   5.91415   705.064   171.532   -5.95807   1.00013
-18.8767   27.2996   545.88   1371.85   -4.29316   1.00008
50.743   -6.73206   1688.32   258.911   -2.63425   1.00004
-10.9556   28.6707   54.3197   1223.92   -1.05404   1.00001
27.7053   16.4769   385.942   702.128   0.754367   0.999956
111.052   89.8323   4924.98   434.358   2.54897   0.99991
-13.2011   26.1689   55.6667   1501.95   3.91366   0.999885
23.0688   1.02771   1138.06   1.11121   -36.7905   1.00403
-5.8945   9.78912   264.749   289.154   7.41565   0.999788
-81.7376   -331.451   324.06   8505.63   9.19361   0.999748
8.10507   -1.9543   204.24   490.314   10.7673   0.999703
-20.2832   -170.936   215.706   3329.11   12.4399   0.999662
12.2538   6.12992   453.144   140.844   14.1231   0.999618
20.3574   -11.2698   979.483   40.4144   15.612   0.999585
-1.2654   1.54458   403.801   73.1411   17.4451   0.999534
227.654   21.6936   384.5   940.349   20.0104   0.999504
15.0936   45.1616   661.967   125.241   21.1664   0.999453
100.34   119.088   2090   654.474   22.594   0.999408
-0.307436   1.02135   291.435   1.09875   -13.3533   1.0015
16.1739   -34.1289   102.983   500.868   25.8372   0.999327
4.14784   -57.5779   85.4879   168.297   27.582   0.999293
9.29166   -5.17502   241.927   71.6432   29.0847   0.999239
-5.93806   -67.9515   1.55416   3800.54   50.9348   1.00037
5.836   4.7092   0.974189   38.728   70.2111   1.00131
5.81558   4.81417   0.945578   28.1571   98.1102   1.00416
66.2823   -11.244   14.8927   356.028   40.7878   0.999886
11.3089   -3.12563   64.7828   90.0759   37.5642   0.999028
2.746   9.33692   109.461   138.251   39.2054   0.998985
3139.93   1917.1   7020.74   3352.11   40.187   0.999037
5.81435   13.9594   0.943454   603.758   100.975   1.00427
25.1689   -1.12478   948.745   63.8822   44.1426   0.998856
-8.87896   10.7313   263.062   302.927   45.8848   0.998815
33.2625   5.81152   1468.55   0.939598   107.071   1.00488
1.02302   36.9716   278.493   37.3898   49.6961   0.99877
124.721   -5.78622   6795.15   1.52664   71.6868   1.00068
12.6066   17.7367   425.121   73.7116   52.6996   0.998653
-1.48538   19.7029   318.686   380.507   54.2574   0.998604
-10.8078   48.8738   93.6189   2238.2   55.8482   0.998559
20.4866   10.4247   71.3694   161.366   57.7606   0.998531
-100.749   16.8615   2499.51   174.264   59.3246   0.99848
5.80621   -797.794   0.933843   45751.6   120.503   1.00609
81.1159   -185.664   635.996   3706.75   62.6156   0.998395
11.7234   -0.850492   314.652   201.492   64.2839   0.998349
-215.632   -350.799   15053.6   646.475   66.5668   0.99838
41.2721   -98.5716   640.575   2177.98   67.65   0.998266
-12.6538   14.1689   785.045   383.781   69.307   0.998223
