 Location  Dispersion    Centroids   Volume
-2.2477e-06   0.0605736   -1.2867e-05   1
0.0599993   0.0605715   0.0599659   1
0.119999   0.0605716   0.119716   1
0.179998   0.0605717   0.179035   1
0.239998   0.0605721   0.237709   1
0.300014   0.0605901   0.295651   1
0.365977   0.0605914   0.357776   1
0.425995   0.0605726   0.413246   1
0.485995   0.0605725   0.467107   1
0.545995   0.0605727   0.519289   1
0.605994   0.060573   0.569602   1
0.665994   0.0605732   0.617865   1
0.725994   0.0605735   0.663905   1
0.785994   0.0605738   0.707555   1
0.845994   0.060574   0.748658   1
0.905994   0.0605744   0.787067   1
0.965999   0.0605798   0.822717   1
1.03199   0.0605818   0.85829   1
1.09199   0.0605751   0.887579   1
1.152   0.0605752   0.913608   1
1.212   0.0605754   0.93635   1
1.272   0.0605756   0.955722   1
1.332   0.0605757   0.971654   1
1.392   0.0605758   0.98409   1
1.452   0.0605759   0.992984   1
1.512   0.060576   0.998304   1
1.572   0.060576   1.00003   1
1.632   0.0605763   0.998153   1
1.698   0.0605759   0.991969   1
1.758   0.0605758   0.98256   1
1.818   0.0605757   0.969631   1
1.878   0.0605756   0.953213   1
1.938   0.0605754   0.933365   1
1.998   0.0605752   0.910157   1
2.05801   0.060575   0.883674   1
2.11801   0.0605748   0.85401   1
2.17801   0.0605745   0.821273   1
2.23801   0.0605744   0.785581   1
2.29802   0.0605849   0.746976   1
2.364   0.0605827   0.701679   1
2.42401   0.0605736   0.657593   1
2.48401   0.0605732   0.611233   1
2.54401   0.0605729   0.562672   1
2.60401   0.0605727   0.512086   1
2.664   0.0605725   0.459657   1
2.724   0.0605723   0.405574   1
2.784   0.0605721   0.350031   1
2.844   0.0605719   0.293229   1
2.904   0.0605721   0.235372   1
2.96402   0.0605925   0.176541   1
3.02998   0.0605918   0.111491   1
3.09   0.0605719   0.0515703   1
3.15   0.0605715   -0.0084075   1
3.21   0.0605716   -0.0683561   1
3.27   0.0605716   -0.128059   1
3.33   0.0605717   -0.187301   1
3.39   0.0605718   -0.245868   1
3.45   0.060572   -0.303551   1
3.51   0.0605721   -0.360141   1
3.57   0.0605726   -0.415435   1
3.63001   0.0605875   -0.469347   1
3.69598   0.0605893   -0.526349   1
3.75599   0.0605733   -0.576493   1
3.81599   0.0605733   -0.624454   1
3.87599   0.0605735   -0.670169   1
3.93599   0.0605738   -0.713471   1
3.99599   0.0605741   -0.754206   1
4.05599   0.0605743   -0.792226   1
4.11599   0.0605746   -0.827395   1
4.17599   0.0605748   -0.859587   1
4.236   0.0605751   -0.888684   1
4.296   0.0605775   -0.914637   1
4.36199   0.0605791   -0.939226   1
4.422   0.0605756   -0.958164   1
4.482   0.0605757   -0.973609   1
4.542   0.0605758   -0.98555   1
4.602   0.0605759   -0.993945   1
4.662   0.060576   -0.998763   1
4.722   0.060576   -0.999986   1
4.782   0.0605759   -0.99761   1
4.842   0.0605759   -0.991644   1
4.902   0.0605758   -0.982109   1
4.96201   0.0605779   -0.969009   1
5.028   0.0605767   -0.950678   1
5.088   0.0605754   -0.930313   1
5.148   0.0605752   -0.906641   1
5.20801   0.060575   -0.879706   1
5.26801   0.0605747   -0.849605   1
5.32801   0.0605745   -0.816447   1
5.38801   0.0605742   -0.78035   1
5.44801   0.060574   -0.741444   1
5.50801   0.0605737   -0.699871   1
5.56801   0.0605736   -0.655779   1
5.62802   0.0605879   -0.609225   1
5.69399   0.0605858   -0.555808   1
5.754   0.0605729   -0.504845   1
5.814   0.0605724   -0.452174   1
5.874   0.0605722   -0.397875   1
5.934   0.060572   -0.342143   1
5.994   0.0605729   -0.285164   1
