 Location  Dispersion    Centroids   Volume
4.5446e-05   0.206805   0.00280199   1.00002
0.204119   0.206708   0.2035   0.999973
0.413811   0.206777   0.402411   0.999993
0.617881   0.206779   0.580438   0.999996
0.827752   0.206802   0.738168   1
1.03184   0.206775   0.858776   1
1.24185   0.206835   0.94775   1.00001
1.44595   0.206813   0.992811   1.00001
1.65604   0.206824   0.998267   1.00001
1.86011   0.206804   0.958833   1.00001
2.06422   0.206825   0.882177   1.00001
2.27423   0.206808   0.763351   1.00001
2.47837   0.206829   0.615858   1
2.68829   0.206807   0.437506   1
2.89232   0.206748   0.245076   0.999983
3.102   0.206699   0.0397501   0.999972
3.30596   0.20677   -0.163397   0.999991
3.5158   0.206832   -0.365472   1
3.71984   0.206745   -0.548346   0.999987
3.92973   0.206791   -0.708646   0.999999
4.13378   0.206796   -0.838212   1.00001
4.33785   0.206806   -0.931269   1.00001
4.54791   0.206834   -0.987834   1.00001
4.75202   0.206818   -0.999511   1.00001
4.9621   0.206811   -0.9711   1.00001
5.16622   0.206852   -0.899329   1.00002
5.37622   0.206756   -0.787877   0.999993
5.58023   0.206767   -0.647604   0.999992
5.79009   0.206771   -0.474952   0.999998
5.99409   0.20673   -0.285256   0.999987
