 Location  Dispersion    Centroids   Volume
0.00027314   0.251077   -0.000217794   0.999952
0.252053   0.248116   0.334388   1.00025
0.494005   0.244734   0.523991   0.999172
0.74523   0.247502   0.694309   0.999967
0.994968   0.253825   0.900173   1.00041
1.24595   0.250899   0.964951   1.00004
1.49806   0.251964   1.06339   1.00022
1.74663   0.250536   1.02945   1.00003
2.00212   0.253269   0.982455   1.00045
2.25321   0.249501   0.787718   0.999837
2.49876   0.247292   0.670139   0.999805
2.74935   0.247585   0.413256   0.999852
3.00075   0.251224   0.234547   0.999938
3.24662   0.251654   -0.0836398   1.00036
3.49969   0.249621   -0.31104   0.999776
3.74589   0.249049   -0.516421   1.00012
3.99589   0.248287   -0.719658   0.999755
4.24701   0.248571   -0.830243   0.999842
4.49343   0.25139   -0.923384   1.00023
4.74593   0.251437   -0.987418   0.999963
4.998   0.251403   -0.906033   1.00015
5.24617   0.25018   -0.806515   1.0001
5.49489   0.246084   -0.632733   0.999669
5.73586   0.243557   -0.504344   0.999075
5.98892   0.25354   -0.253625   1.00103
