 x  	 F(x)  
0	0.00324555
0.003	0.00400117
0.006	0.00696751
0.009	0.00993381
0.012	0.0129001
0.015	0.0158663
0.018	0.0188325
0.021	0.0217986
0.024	0.0247647
0.027	0.0277307
0.03	0.0306967
0.033	0.0336627
0.036	0.0366286
0.039	0.0395945
0.042	0.0425603
0.045	0.0455261
0.048	0.0484918
0.051	0.0514575
0.054	0.0544232
0.057	0.0573888
0.06	0.0603544
0.063	0.0633199
0.066	0.0662854
0.069	0.0692509
0.072	0.0722163
0.075	0.0751816
0.078	0.0781469
0.081	0.0811122
0.084	0.0840775
0.087	0.0870426
0.09	0.0900078
0.093	0.0929729
0.096	0.095938
0.099	0.098903
0.102	0.101868
0.105	0.104833
0.108	0.107798
0.111	0.110763
0.114	0.113727
0.117	0.116692
0.12	0.119657
0.123	0.122622
0.126	0.125586
0.129	0.128551
0.132	0.131515
0.135	0.13448
0.138	0.137444
0.141	0.140409
0.144	0.143373
0.147	0.146337
0.15	0.149302
0.153	0.152266
0.156	0.15523
0.159	0.158194
0.162	0.161159
0.165	0.164123
0.168	0.167087
0.171	0.170051
0.174	0.173015
0.177	0.175978
0.18	0.178942
0.183	0.181906
0.186	0.18487
0.189	0.187834
0.192	0.190797
0.195	0.193761
0.198	0.196725
0.201	0.199688
0.204	0.202652
0.207	0.205615
0.21	0.208579
0.213	0.211542
0.216	0.214505
0.219	0.217469
0.222	0.220432
0.225	0.223395
0.228	0.226358
0.231	0.229322
0.234	0.232285
0.237	0.235248
0.24	0.238211
0.243	0.241174
0.246	0.244137
0.249	0.247099
0.252	0.250062
0.255	0.253025
0.258	0.255988
0.261	0.258951
0.264	0.261913
0.267	0.264876
0.27	0.267838
0.273	0.270801
0.276	0.273763
0.279	0.276726
0.282	0.279688
0.285	0.282651
0.288	0.285613
0.291	0.288575
0.294	0.291538
0.297	0.2945
0.3	0.297462
0.303	0.300424
0.306	0.303386
0.309	0.306348
0.312	0.30931
0.315	0.313335
0.318	0.316585
0.321	0.319186
0.324	0.321787
0.327	0.324388
0.33	0.326989
0.333	0.32959
0.336	0.332191
0.339	0.334791
0.342	0.337392
0.345	0.339993
0.348	0.342594
0.351	0.345195
0.354	0.347797
0.357	0.350398
0.36	0.352999
0.363	0.3556
0.366	0.358201
0.369	0.360802
0.372	0.363403
0.375	0.366005
0.378	0.368606
0.381	0.371207
0.384	0.373808
0.387	0.376409
0.39	0.379011
0.393	0.381612
0.396	0.384213
0.399	0.386815
0.402	0.389416
0.405	0.392018
0.408	0.394619
0.411	0.39722
0.414	0.399822
0.417	0.402423
0.42	0.405025
0.423	0.407626
0.426	0.410228
0.429	0.412829
0.432	0.415431
0.435	0.418032
0.438	0.420634
0.441	0.423236
0.444	0.425837
0.447	0.428439
0.45	0.431041
0.453	0.433642
0.456	0.436244
0.459	0.438846
0.462	0.441448
0.465	0.444049
0.468	0.446651
0.471	0.449253
0.474	0.451855
0.477	0.454457
0.48	0.457059
0.483	0.459661
0.486	0.462262
0.489	0.464864
0.492	0.467466
0.495	0.470068
0.498	0.47267
0.501	0.475272
0.504	0.477874
0.507	0.480476
0.51	0.483078
0.513	0.485681
0.516	0.488283
0.519	0.490885
0.522	0.493487
0.525	0.496089
0.528	0.498691
0.531	0.501294
0.534	0.503896
0.537	0.506498
0.54	0.5091
0.543	0.511703
0.546	0.514305
0.549	0.516907
0.552	0.51951
0.555	0.522112
0.558	0.524714
0.561	0.527317
0.564	0.529919
0.567	0.532522
0.57	0.535124
0.573	0.537727
0.576	0.540329
0.579	0.542932
0.582	0.545534
0.585	0.548137
0.588	0.550739
0.591	0.553342
0.594	0.555944
0.597	0.558547
0.6	0.56115
0.603	0.563752
0.606	0.566355
0.609	0.568958
0.612	0.571561
0.615	0.574163
0.618	0.576766
0.621	0.579369
0.624	0.581972
0.627	0.584575
0.63	0.587166
0.633	0.590846
0.636	0.59299
0.639	0.595134
0.642	0.597278
0.645	0.599423
0.648	0.601567
0.651	0.603711
0.654	0.605856
0.657	0.608
0.66	0.610145
0.663	0.612289
0.666	0.614434
0.669	0.616578
0.672	0.618723
0.675	0.620868
0.678	0.623012
0.681	0.625157
0.684	0.627302
0.687	0.629446
0.69	0.631591
0.693	0.633736
0.696	0.635881
0.699	0.638025
0.702	0.64017
0.705	0.642315
0.708	0.64446
0.711	0.646605
0.714	0.64875
0.717	0.650895
0.72	0.65304
0.723	0.655185
0.726	0.65733
0.729	0.659475
0.732	0.66162
0.735	0.663766
0.738	0.665911
0.741	0.668056
0.744	0.670201
0.747	0.672346
0.75	0.674492
0.753	0.676637
0.756	0.678782
0.759	0.680928
0.762	0.683073
0.765	0.685219
0.768	0.687364
0.771	0.68951
0.774	0.691655
0.777	0.693801
0.78	0.695946
0.783	0.698092
0.786	0.700238
0.789	0.702383
0.792	0.704529
0.795	0.706675
0.798	0.70882
0.801	0.710966
0.804	0.713112
0.807	0.715258
0.81	0.717404
0.813	0.719549
0.816	0.721695
0.819	0.723841
0.822	0.725987
0.825	0.728133
0.828	0.730279
0.831	0.732425
0.834	0.734571
0.837	0.736717
0.84	0.738863
0.843	0.74101
0.846	0.743156
0.849	0.745302
0.852	0.747448
0.855	0.749595
0.858	0.751741
0.861	0.753887
0.864	0.756033
0.867	0.75818
0.87	0.760326
0.873	0.762473
0.876	0.764619
0.879	0.766766
0.882	0.768912
0.885	0.771059
0.888	0.773205
0.891	0.775352
0.894	0.777498
0.897	0.779645
0.9	0.781792
0.903	0.783938
0.906	0.786085
0.909	0.788232
0.912	0.790379
0.915	0.792525
0.918	0.794672
0.921	0.796819
0.924	0.798966
0.927	0.801113
0.93	0.80326
0.933	0.805407
0.936	0.807554
0.939	0.809701
0.942	0.811848
0.945	0.814375
0.948	0.815711
0.951	0.817054
0.954	0.818397
0.957	0.81974
0.96	0.821082
0.963	0.822425
0.966	0.823768
0.969	0.825111
0.972	0.826453
0.975	0.827796
0.978	0.829139
0.981	0.830482
0.984	0.831825
0.987	0.833167
0.99	0.83451
0.993	0.835853
0.996	0.837196
0.999	0.838538
1.002	0.839881
1.005	0.841224
1.008	0.842566
1.011	0.843909
1.014	0.845252
1.017	0.846595
1.02	0.847937
1.023	0.84928
1.026	0.850623
1.029	0.851965
1.032	0.853308
1.035	0.854651
1.038	0.855994
1.041	0.857336
1.044	0.858679
1.047	0.860022
1.05	0.861364
1.053	0.862707
1.056	0.86405
1.059	0.865392
1.062	0.866735
1.065	0.868078
1.068	0.86942
1.071	0.870763
1.074	0.872106
1.077	0.873448
1.08	0.874791
1.083	0.876133
1.086	0.877476
1.089	0.878819
1.092	0.880161
1.095	0.881504
1.098	0.882847
1.101	0.884189
1.104	0.885532
1.107	0.886874
1.11	0.888217
1.113	0.88956
1.116	0.890902
1.119	0.892245
1.122	0.893587
1.125	0.89493
1.128	0.896273
1.131	0.897615
1.134	0.898958
1.137	0.9003
1.14	0.901643
1.143	0.902985
1.146	0.904328
1.149	0.90567
1.152	0.907013
1.155	0.908356
1.158	0.909698
1.161	0.911041
1.164	0.912383
1.167	0.913726
1.17	0.915068
1.173	0.916411
1.176	0.917753
1.179	0.919096
1.182	0.920438
1.185	0.921781
1.188	0.923123
1.191	0.924466
1.194	0.925808
1.197	0.927151
1.2	0.928493
1.203	0.929836
1.206	0.931178
1.209	0.932521
1.212	0.933863
1.215	0.935206
1.218	0.936548
1.221	0.937891
1.224	0.939233
1.227	0.940576
1.23	0.941918
1.233	0.943261
1.236	0.944603
1.239	0.945946
1.242	0.947288
1.245	0.94863
1.248	0.949973
1.251	0.951315
1.254	0.952658
1.257	0.954
1.26	0.95534
1.263	0.956792
1.266	0.957254
1.269	0.957701
1.272	0.958148
1.275	0.958595
1.278	0.959042
1.281	0.959488
1.284	0.959935
1.287	0.960382
1.29	0.960829
1.293	0.961276
1.296	0.961723
1.299	0.962169
1.302	0.962616
1.305	0.963063
1.308	0.96351
1.311	0.963957
1.314	0.964404
1.317	0.96485
1.32	0.965297
1.323	0.965744
1.326	0.966191
1.329	0.966638
1.332	0.967084
1.335	0.967531
1.338	0.967978
1.341	0.968425
1.344	0.968872
1.347	0.969319
1.35	0.969766
1.353	0.970212
1.356	0.970659
1.359	0.971106
1.362	0.971553
1.365	0.972
1.368	0.972447
1.371	0.972893
1.374	0.97334
1.377	0.973787
1.38	0.974234
1.383	0.974681
1.386	0.975128
1.389	0.975574
1.392	0.976021
1.395	0.976468
1.398	0.976915
1.401	0.977362
1.404	0.977809
1.407	0.978256
1.41	0.978702
1.413	0.979149
1.416	0.979596
1.419	0.980043
1.422	0.98049
1.425	0.980937
1.428	0.981383
1.431	0.98183
1.434	0.982277
1.437	0.982724
1.44	0.983171
1.443	0.983618
1.446	0.984065
1.449	0.984511
1.452	0.984958
1.455	0.985405
1.458	0.985852
1.461	0.986299
1.464	0.986746
1.467	0.987193
1.47	0.987639
1.473	0.988086
1.476	0.988533
1.479	0.98898
1.482	0.989427
1.485	0.989874
1.488	0.990321
1.491	0.990767
1.494	0.991214
1.497	0.991661
1.5	0.992108
1.503	0.992555
1.506	0.993002
1.509	0.993449
1.512	0.993896
1.515	0.994342
1.518	0.994789
1.521	0.995236
1.524	0.995683
1.527	0.99613
1.53	0.996577
1.533	0.997024
1.536	0.99747
1.539	0.997917
1.542	0.998364
1.545	0.998811
1.548	0.999258
1.551	0.999705
1.554	1.00015
1.557	1.0006
1.56	1.00105
1.563	1.00149
1.566	1.00194
1.569	1.00239
1.572	1.00283
1.575	1.00323
1.578	1.0028
1.581	1.00232
1.584	1.00184
1.587	1.00136
1.59	1.00088
1.593	1.00039
1.596	0.999912
1.599	0.999431
1.602	0.998949
1.605	0.998467
1.608	0.997986
1.611	0.997504
1.614	0.997023
1.617	0.996541
1.62	0.99606
1.623	0.995578
1.626	0.995096
1.629	0.994615
1.632	0.994133
1.635	0.993652
1.638	0.99317
1.641	0.992688
1.644	0.992207
1.647	0.991725
1.65	0.991244
1.653	0.990762
1.656	0.990281
1.659	0.989799
1.662	0.989317
1.665	0.988836
1.668	0.988354
1.671	0.987873
1.674	0.987391
1.677	0.98691
1.68	0.986428
1.683	0.985946
1.686	0.985465
1.689	0.984983
1.692	0.984502
1.695	0.98402
1.698	0.983538
1.701	0.983057
1.704	0.982575
1.707	0.982094
1.71	0.981612
1.713	0.981131
1.716	0.980649
1.719	0.980167
1.722	0.979686
1.725	0.979204
1.728	0.978723
1.731	0.978241
1.734	0.977759
1.737	0.977278
1.74	0.976796
1.743	0.976315
1.746	0.975833
1.749	0.975352
1.752	0.97487
1.755	0.974388
1.758	0.973907
1.761	0.973425
1.764	0.972944
1.767	0.972462
1.77	0.971981
1.773	0.971499
1.776	0.971017
1.779	0.970536
1.782	0.970054
1.785	0.969573
1.788	0.969091
1.791	0.968609
1.794	0.968128
1.797	0.967646
1.8	0.967165
1.803	0.966683
1.806	0.966202
1.809	0.96572
1.812	0.965238
1.815	0.964757
1.818	0.964275
1.821	0.963794
1.824	0.963312
1.827	0.962831
1.83	0.962349
1.833	0.961867
1.836	0.961386
1.839	0.960904
1.842	0.960423
1.845	0.959941
1.848	0.95946
1.851	0.958978
1.854	0.958496
1.857	0.958015
1.86	0.957533
1.863	0.957052
1.866	0.95657
1.869	0.956088
1.872	0.955607
1.875	0.955125
1.878	0.954644
1.881	0.954162
1.884	0.953681
1.887	0.953199
1.89	0.952717
1.893	0.952229
1.896	0.950711
1.899	0.949319
1.902	0.947927
1.905	0.946535
1.908	0.945143
1.911	0.943751
1.914	0.942359
1.917	0.940967
1.92	0.939575
1.923	0.938183
1.926	0.936791
1.929	0.935399
1.932	0.934007
1.935	0.932615
1.938	0.931223
1.941	0.929831
1.944	0.928439
1.947	0.927047
1.95	0.925655
1.953	0.924262
1.956	0.92287
1.959	0.921478
1.962	0.920086
1.965	0.918694
1.968	0.917302
1.971	0.91591
1.974	0.914518
1.977	0.913126
1.98	0.911734
1.983	0.910342
1.986	0.90895
1.989	0.907558
1.992	0.906166
1.995	0.904774
1.998	0.903382
2.001	0.90199
2.004	0.900598
2.007	0.899206
2.01	0.897814
2.013	0.896422
2.016	0.89503
2.019	0.893638
2.022	0.892246
2.025	0.890854
2.028	0.889463
2.031	0.888071
2.034	0.886679
2.037	0.885287
2.04	0.883895
2.043	0.882503
2.046	0.881111
2.049	0.879719
2.052	0.878327
2.055	0.876935
2.058	0.875543
2.061	0.874151
2.064	0.872759
2.067	0.871367
2.07	0.869975
2.073	0.868583
2.076	0.867191
2.079	0.865799
2.082	0.864407
2.085	0.863015
2.088	0.861623
2.091	0.860232
2.094	0.85884
2.097	0.857448
2.1	0.856056
2.103	0.854664
2.106	0.853272
2.109	0.85188
2.112	0.850488
2.115	0.849096
2.118	0.847704
2.121	0.846312
2.124	0.84492
2.127	0.843529
2.13	0.842137
2.133	0.840745
2.136	0.839353
2.139	0.837961
2.142	0.836569
2.145	0.835177
2.148	0.833785
2.151	0.832393
2.154	0.831002
2.157	0.82961
2.16	0.828218
2.163	0.826826
2.166	0.825434
2.169	0.824042
2.172	0.82265
2.175	0.821258
2.178	0.819867
2.181	0.818475
2.184	0.817083
2.187	0.815691
2.19	0.814299
2.193	0.812907
2.196	0.811515
2.199	0.810124
2.202	0.808732
2.205	0.80734
2.208	0.806803
2.211	0.806803
2.214	0.804631
2.217	0.80245
2.22	0.80027
2.223	0.798089
2.226	0.795908
2.229	0.793727
2.232	0.791546
2.235	0.789365
2.238	0.787185
2.241	0.785004
2.244	0.782823
2.247	0.780642
2.25	0.778462
2.253	0.776281
2.256	0.7741
2.259	0.77192
2.262	0.769739
2.265	0.767559
2.268	0.765378
2.271	0.763197
2.274	0.761017
2.277	0.758836
2.28	0.756656
2.283	0.754475
2.286	0.752295
2.289	0.750114
2.292	0.747934
2.295	0.745754
2.298	0.743573
2.301	0.741393
2.304	0.739212
2.307	0.737032
2.31	0.734852
2.313	0.732671
2.316	0.730491
2.319	0.728311
2.322	0.726131
2.325	0.72395
2.328	0.72177
2.331	0.71959
2.334	0.71741
2.337	0.71523
2.34	0.71305
2.343	0.710869
2.346	0.708689
2.349	0.706509
2.352	0.704329
2.355	0.702149
2.358	0.699969
2.361	0.697789
2.364	0.695609
2.367	0.693429
2.37	0.691249
2.373	0.689069
2.376	0.686889
2.379	0.684709
2.382	0.682529
2.385	0.68035
2.388	0.67817
2.391	0.67599
2.394	0.67381
2.397	0.67163
2.4	0.669451
2.403	0.667271
2.406	0.665091
2.409	0.662911
2.412	0.660732
2.415	0.658552
2.418	0.656372
2.421	0.654193
2.424	0.652013
2.427	0.649833
2.43	0.647654
2.433	0.645474
2.436	0.643295
2.439	0.641115
2.442	0.638936
2.445	0.636756
2.448	0.634577
2.451	0.632397
2.454	0.630218
2.457	0.628038
2.46	0.625859
2.463	0.62368
2.466	0.6215
2.469	0.619321
2.472	0.617142
2.475	0.614962
2.478	0.612783
2.481	0.610604
2.484	0.608424
2.487	0.606245
2.49	0.604066
2.493	0.601887
2.496	0.599708
2.499	0.597528
2.502	0.595349
2.505	0.59317
2.508	0.590991
2.511	0.588812
2.514	0.586633
2.517	0.584454
2.52	0.582275
2.523	0.580053
2.526	0.576404
2.529	0.573783
2.532	0.571152
2.535	0.568522
2.538	0.565892
2.541	0.563261
2.544	0.560631
2.547	0.558
2.55	0.55537
2.553	0.552739
2.556	0.550109
2.559	0.547479
2.562	0.544848
2.565	0.542218
2.568	0.539587
2.571	0.536957
2.574	0.534327
2.577	0.531696
2.58	0.529066
2.583	0.526436
2.586	0.523805
2.589	0.521175
2.592	0.518544
2.595	0.515914
2.598	0.513284
2.601	0.510653
2.604	0.508023
2.607	0.505393
2.61	0.502762
2.613	0.500132
2.616	0.497502
2.619	0.494872
2.622	0.492241
2.625	0.489611
2.628	0.486981
2.631	0.48435
2.634	0.48172
2.637	0.47909
2.64	0.47646
2.643	0.473829
2.646	0.471199
2.649	0.468569
2.652	0.465939
2.655	0.463308
2.658	0.460678
2.661	0.458048
2.664	0.455418
2.667	0.452787
2.67	0.450157
2.673	0.447527
2.676	0.444897
2.679	0.442267
2.682	0.439636
2.685	0.437006
2.688	0.434376
2.691	0.431746
2.694	0.429116
2.697	0.426485
2.7	0.423855
2.703	0.421225
2.706	0.418595
2.709	0.415965
2.712	0.413335
2.715	0.410704
2.718	0.408074
2.721	0.405444
2.724	0.402814
2.727	0.400184
2.73	0.397554
2.733	0.394924
2.736	0.392294
2.739	0.389664
2.742	0.387033
2.745	0.384403
2.748	0.381773
2.751	0.379143
2.754	0.376513
2.757	0.373883
2.76	0.371253
2.763	0.368623
2.766	0.365993
2.769	0.363363
2.772	0.360733
2.775	0.358103
2.778	0.355473
2.781	0.352843
2.784	0.350213
2.787	0.347583
2.79	0.344953
2.793	0.342323
2.796	0.339693
2.799	0.337063
2.802	0.334433
2.805	0.331803
2.808	0.329173
2.811	0.326543
2.814	0.323913
2.817	0.321283
2.82	0.318653
2.823	0.316023
2.826	0.313393
2.829	0.310763
2.832	0.308133
2.835	0.305503
2.838	0.302873
2.841	0.299677
2.844	0.295688
2.847	0.292689
2.85	0.28969
2.853	0.286691
2.856	0.283692
2.859	0.280693
2.862	0.277694
2.865	0.274695
2.868	0.271696
2.871	0.268697
2.874	0.265698
2.877	0.262699
2.88	0.2597
2.883	0.256701
2.886	0.253701
2.889	0.250702
2.892	0.247703
2.895	0.244704
2.898	0.241705
2.901	0.238706
2.904	0.235707
2.907	0.232708
2.91	0.229709
2.913	0.22671
2.916	0.223711
2.919	0.220712
2.922	0.217713
2.925	0.214714
2.928	0.211715
2.931	0.208716
2.934	0.205716
2.937	0.202717
2.94	0.199718
2.943	0.196719
2.946	0.19372
2.949	0.190721
2.952	0.187722
2.955	0.184723
2.958	0.181724
2.961	0.178725
2.964	0.175726
2.967	0.172726
2.97	0.169727
2.973	0.166728
2.976	0.163729
2.979	0.16073
2.982	0.157731
2.985	0.154732
2.988	0.151733
2.991	0.148734
2.994	0.145735
2.997	0.142735
3	0.139736
3.003	0.136737
3.006	0.133738
3.009	0.130739
3.012	0.12774
3.015	0.124741
3.018	0.121742
3.021	0.118743
3.024	0.115743
3.027	0.112744
3.03	0.109745
3.033	0.106746
3.036	0.103747
3.039	0.100748
3.042	0.0977486
3.045	0.0947495
3.048	0.0917504
3.051	0.0887512
3.054	0.0857521
3.057	0.0827529
3.06	0.0797538
3.063	0.0767547
3.066	0.0737555
3.069	0.0707564
3.072	0.0677572
3.075	0.0647581
3.078	0.0617589
3.081	0.0587598
3.084	0.0557606
3.087	0.0527614
3.09	0.0497623
3.093	0.0467631
3.096	0.043764
3.099	0.0407648
3.102	0.0377656
3.105	0.0347665
3.108	0.0317673
3.111	0.0287681
3.114	0.025769
3.117	0.0227698
3.12	0.0197706
3.123	0.0167714
3.126	0.0137723
3.129	0.0107731
3.132	0.00777391
3.135	0.00477472
3.138	0.00177554
3.141	-0.00122364
3.144	-0.00422283
3.147	-0.00722202
3.15	-0.0102212
3.153	-0.0139516
3.156	-0.0178002
3.159	-0.0206966
3.162	-0.0235931
3.165	-0.0264895
3.168	-0.0293859
3.171	-0.0322823
3.174	-0.0351787
3.177	-0.0380752
3.18	-0.0409716
3.183	-0.043868
3.186	-0.0467644
3.189	-0.0496608
3.192	-0.0525572
3.195	-0.0554536
3.198	-0.05835
3.201	-0.0612464
3.204	-0.0641428
3.207	-0.0670392
3.21	-0.0699356
3.213	-0.072832
3.216	-0.0757284
3.219	-0.0786247
3.222	-0.0815211
3.225	-0.0844175
3.228	-0.0873139
3.231	-0.0902103
3.234	-0.0931066
3.237	-0.096003
3.24	-0.0988994
3.243	-0.101796
3.246	-0.104692
3.249	-0.107588
3.252	-0.110485
3.255	-0.113381
3.258	-0.116278
3.261	-0.119174
3.264	-0.12207
3.267	-0.124967
3.27	-0.127863
3.273	-0.130759
3.276	-0.133656
3.279	-0.136552
3.282	-0.139448
3.285	-0.142345
3.288	-0.145241
3.291	-0.148137
3.294	-0.151034
3.297	-0.15393
3.3	-0.156826
3.303	-0.159723
3.306	-0.162619
3.309	-0.165515
3.312	-0.168412
3.315	-0.171308
3.318	-0.174204
3.321	-0.1771
3.324	-0.179997
3.327	-0.182893
3.33	-0.185789
3.333	-0.188686
3.336	-0.191582
3.339	-0.194478
3.342	-0.197375
3.345	-0.200271
3.348	-0.203167
3.351	-0.206063
3.354	-0.20896
3.357	-0.211856
3.36	-0.214752
3.363	-0.217648
3.366	-0.220545
3.369	-0.223441
3.372	-0.226337
3.375	-0.229234
3.378	-0.23213
3.381	-0.235026
3.384	-0.237922
3.387	-0.240819
3.39	-0.243715
3.393	-0.246611
3.396	-0.249507
3.399	-0.252404
3.402	-0.2553
3.405	-0.258196
3.408	-0.261092
3.411	-0.263989
3.414	-0.266885
3.417	-0.269781
3.42	-0.272677
3.423	-0.275573
3.426	-0.27847
3.429	-0.281366
3.432	-0.284262
3.435	-0.287158
3.438	-0.290055
3.441	-0.292951
3.444	-0.295847
3.447	-0.298743
3.45	-0.301639
3.453	-0.304536
3.456	-0.307432
3.459	-0.310328
3.462	-0.313224
3.465	-0.31612
3.468	-0.319012
3.471	-0.32299
3.474	-0.326116
3.477	-0.328798
3.48	-0.331481
3.483	-0.334163
3.486	-0.336845
3.489	-0.339528
3.492	-0.34221
3.495	-0.344892
3.498	-0.347575
3.501	-0.350257
3.504	-0.35294
3.507	-0.355622
3.51	-0.358305
3.513	-0.360987
3.516	-0.36367
3.519	-0.366352
3.522	-0.369035
3.525	-0.371717
3.528	-0.3744
3.531	-0.377082
3.534	-0.379765
3.537	-0.382448
3.54	-0.38513
3.543	-0.387813
3.546	-0.390496
3.549	-0.393178
3.552	-0.395861
3.555	-0.398544
3.558	-0.401227
3.561	-0.403909
3.564	-0.406592
3.567	-0.409275
3.57	-0.411958
3.573	-0.414641
3.576	-0.417324
3.579	-0.420007
3.582	-0.422689
3.585	-0.425372
3.588	-0.428055
3.591	-0.430738
3.594	-0.433421
3.597	-0.436104
3.6	-0.438787
3.603	-0.44147
3.606	-0.444153
3.609	-0.446836
3.612	-0.44952
3.615	-0.452203
3.618	-0.454886
3.621	-0.457569
3.624	-0.460252
3.627	-0.462935
3.63	-0.465618
3.633	-0.468302
3.636	-0.470985
3.639	-0.473668
3.642	-0.476351
3.645	-0.479035
3.648	-0.481718
3.651	-0.484401
3.654	-0.487085
3.657	-0.489768
3.66	-0.492451
3.663	-0.495135
3.666	-0.497818
3.669	-0.500502
3.672	-0.503185
3.675	-0.505869
3.678	-0.508552
3.681	-0.511236
3.684	-0.513919
3.687	-0.516603
3.69	-0.519286
3.693	-0.52197
3.696	-0.524653
3.699	-0.527337
3.702	-0.530021
3.705	-0.532704
3.708	-0.535388
3.711	-0.538072
3.714	-0.540755
3.717	-0.543439
3.72	-0.546123
3.723	-0.548807
3.726	-0.55149
3.729	-0.554174
3.732	-0.556858
3.735	-0.559542
3.738	-0.562226
3.741	-0.56491
3.744	-0.567593
3.747	-0.570277
3.75	-0.572961
3.753	-0.575645
3.756	-0.578329
3.759	-0.581013
3.762	-0.583697
3.765	-0.586381
3.768	-0.589065
3.771	-0.591749
3.774	-0.594433
3.777	-0.597117
3.78	-0.599802
3.783	-0.602486
3.786	-0.602721
3.789	-0.603652
3.792	-0.605762
3.795	-0.607871
3.798	-0.60998
3.801	-0.61209
3.804	-0.614199
3.807	-0.616309
3.81	-0.618418
3.813	-0.620527
3.816	-0.622637
3.819	-0.624746
3.822	-0.626856
3.825	-0.628965
3.828	-0.631075
3.831	-0.633184
3.834	-0.635294
3.837	-0.637403
3.84	-0.639512
3.843	-0.641622
3.846	-0.643731
3.849	-0.645841
3.852	-0.64795
3.855	-0.65006
3.858	-0.652169
3.861	-0.654279
3.864	-0.656388
3.867	-0.658498
3.87	-0.660607
3.873	-0.662717
3.876	-0.664827
3.879	-0.666936
3.882	-0.669046
3.885	-0.671155
3.888	-0.673265
3.891	-0.675374
3.894	-0.677484
3.897	-0.679594
3.9	-0.681703
3.903	-0.683813
3.906	-0.685922
3.909	-0.688032
3.912	-0.690142
3.915	-0.692251
3.918	-0.694361
3.921	-0.69647
3.924	-0.69858
3.927	-0.70069
3.93	-0.702799
3.933	-0.704909
3.936	-0.707019
3.939	-0.709128
3.942	-0.711238
3.945	-0.713348
3.948	-0.715457
3.951	-0.717567
3.954	-0.719677
3.957	-0.721786
3.96	-0.723896
3.963	-0.726006
3.966	-0.728116
3.969	-0.730225
3.972	-0.732335
3.975	-0.734445
3.978	-0.736555
3.981	-0.738664
3.984	-0.740774
3.987	-0.742884
3.99	-0.744994
3.993	-0.747103
3.996	-0.749213
3.999	-0.751323
4.002	-0.753433
4.005	-0.755543
4.008	-0.757652
4.011	-0.759762
4.014	-0.761872
4.017	-0.763982
4.02	-0.766092
4.023	-0.768202
4.026	-0.770311
4.029	-0.772421
4.032	-0.774531
4.035	-0.776641
4.038	-0.778751
4.041	-0.780861
4.044	-0.782971
4.047	-0.78508
4.05	-0.78719
4.053	-0.7893
4.056	-0.79141
4.059	-0.79352
4.062	-0.79563
4.065	-0.79774
4.068	-0.79985
4.071	-0.80196
4.074	-0.80407
4.077	-0.80618
4.08	-0.80829
4.083	-0.8104
4.086	-0.81251
4.089	-0.814619
4.092	-0.816729
4.095	-0.818839
4.098	-0.820949
4.101	-0.823514
4.104	-0.824812
4.107	-0.826095
4.11	-0.827378
4.113	-0.828662
4.116	-0.829945
4.119	-0.831228
4.122	-0.832512
4.125	-0.833795
4.128	-0.835078
4.131	-0.836362
4.134	-0.837645
4.137	-0.838928
4.14	-0.840212
4.143	-0.841495
4.146	-0.842778
4.149	-0.844062
4.152	-0.845345
4.155	-0.846629
4.158	-0.847912
4.161	-0.849195
4.164	-0.850479
4.167	-0.851762
4.17	-0.853045
4.173	-0.854329
4.176	-0.855612
4.179	-0.856895
4.182	-0.858179
4.185	-0.859462
4.188	-0.860746
4.191	-0.862029
4.194	-0.863312
4.197	-0.864596
4.2	-0.865879
4.203	-0.867162
4.206	-0.868446
4.209	-0.869729
4.212	-0.871012
4.215	-0.872296
4.218	-0.873579
4.221	-0.874863
4.224	-0.876146
4.227	-0.877429
4.23	-0.878713
4.233	-0.879996
4.236	-0.881279
4.239	-0.882563
4.242	-0.883846
4.245	-0.88513
4.248	-0.886413
4.251	-0.887696
4.254	-0.88898
4.257	-0.890263
4.26	-0.891547
4.263	-0.89283
4.266	-0.894113
4.269	-0.895397
4.272	-0.89668
4.275	-0.897963
4.278	-0.899247
4.281	-0.90053
4.284	-0.901814
4.287	-0.903097
4.29	-0.90438
4.293	-0.905664
4.296	-0.906947
4.299	-0.908231
4.302	-0.909514
4.305	-0.910797
4.308	-0.912081
4.311	-0.913364
4.314	-0.914648
4.317	-0.915931
4.32	-0.917214
4.323	-0.918498
4.326	-0.919781
4.329	-0.921065
4.332	-0.922348
4.335	-0.923632
4.338	-0.924915
4.341	-0.926198
4.344	-0.927482
4.347	-0.928765
4.35	-0.930049
4.353	-0.931332
4.356	-0.932615
4.359	-0.933899
4.362	-0.935182
4.365	-0.936466
4.368	-0.937749
4.371	-0.939033
4.374	-0.940316
4.377	-0.941599
4.38	-0.942883
4.383	-0.944166
4.386	-0.94545
4.389	-0.946733
4.392	-0.948017
4.395	-0.9493
4.398	-0.950583
4.401	-0.951867
4.404	-0.95315
4.407	-0.954434
4.41	-0.955717
4.413	-0.957001
4.416	-0.958281
4.419	-0.95967
4.422	-0.960114
4.425	-0.960536
4.428	-0.960958
4.431	-0.96138
4.434	-0.961801
4.437	-0.962223
4.44	-0.962645
4.443	-0.963067
4.446	-0.963489
4.449	-0.963911
4.452	-0.964332
4.455	-0.964754
4.458	-0.965176
4.461	-0.965598
4.464	-0.96602
4.467	-0.966442
4.47	-0.966864
4.473	-0.967285
4.476	-0.967707
4.479	-0.968129
4.482	-0.968551
4.485	-0.968973
4.488	-0.969395
4.491	-0.969817
4.494	-0.970238
4.497	-0.97066
4.5	-0.971082
4.503	-0.971504
4.506	-0.971926
4.509	-0.972348
4.512	-0.97277
4.515	-0.973191
4.518	-0.973613
4.521	-0.974035
4.524	-0.974457
4.527	-0.974879
4.53	-0.975301
4.533	-0.975723
4.536	-0.976145
4.539	-0.976566
4.542	-0.976988
4.545	-0.97741
4.548	-0.977832
4.551	-0.978254
4.554	-0.978676
4.557	-0.979098
4.56	-0.97952
4.563	-0.979941
4.566	-0.980363
4.569	-0.980785
4.572	-0.981207
4.575	-0.981629
4.578	-0.982051
4.581	-0.982473
4.584	-0.982895
4.587	-0.983317
4.59	-0.983738
4.593	-0.98416
4.596	-0.984582
4.599	-0.985004
4.602	-0.985426
4.605	-0.985848
4.608	-0.98627
4.611	-0.986692
4.614	-0.987114
4.617	-0.987536
4.62	-0.987957
4.623	-0.988379
4.626	-0.988801
4.629	-0.989223
4.632	-0.989645
4.635	-0.990067
4.638	-0.990489
4.641	-0.990911
4.644	-0.991333
4.647	-0.991755
4.65	-0.992177
4.653	-0.992598
4.656	-0.99302
4.659	-0.993442
4.662	-0.993864
4.665	-0.994286
4.668	-0.994708
4.671	-0.99513
4.674	-0.995552
4.677	-0.995974
4.68	-0.996396
4.683	-0.996818
4.686	-0.99724
4.689	-0.997661
4.692	-0.998083
4.695	-0.998505
4.698	-0.998927
4.701	-0.999349
4.704	-0.999771
4.707	-1.00019
4.71	-1.00061
4.713	-1.00104
4.716	-1.00146
4.719	-1.00188
4.722	-1.0023
4.725	-1.00272
4.728	-1.00315
4.731	-1.00351
4.734	-1.00304
4.737	-1.00251
4.74	-1.00199
4.743	-1.00146
4.746	-1.00094
4.749	-1.00041
4.752	-0.999884
4.755	-0.999359
4.758	-0.998833
4.761	-0.998307
4.764	-0.997781
4.767	-0.997255
4.77	-0.996729
4.773	-0.996204
4.776	-0.995678
4.779	-0.995152
4.782	-0.994626
4.785	-0.9941
4.788	-0.993574
4.791	-0.993049
4.794	-0.992523
4.797	-0.991997
4.8	-0.991471
4.803	-0.990945
4.806	-0.990419
4.809	-0.989894
4.812	-0.989368
4.815	-0.988842
4.818	-0.988316
4.821	-0.98779
4.824	-0.987264
4.827	-0.986739
4.83	-0.986213
4.833	-0.985687
4.836	-0.985161
4.839	-0.984635
4.842	-0.984109
4.845	-0.983584
4.848	-0.983058
4.851	-0.982532
4.854	-0.982006
4.857	-0.98148
4.86	-0.980954
4.863	-0.980429
4.866	-0.979903
4.869	-0.979377
4.872	-0.978851
4.875	-0.978325
4.878	-0.977799
4.881	-0.977274
4.884	-0.976748
4.887	-0.976222
4.89	-0.975696
4.893	-0.97517
4.896	-0.974645
4.899	-0.974119
4.902	-0.973593
4.905	-0.973067
4.908	-0.972541
4.911	-0.972015
4.914	-0.97149
4.917	-0.970964
4.92	-0.970438
4.923	-0.969912
4.926	-0.969386
4.929	-0.96886
4.932	-0.968335
4.935	-0.967809
4.938	-0.967283
4.941	-0.966757
4.944	-0.966231
4.947	-0.965705
4.95	-0.96518
4.953	-0.964654
4.956	-0.964128
4.959	-0.963602
4.962	-0.963076
4.965	-0.962551
4.968	-0.962025
4.971	-0.961499
4.974	-0.960973
4.977	-0.960447
4.98	-0.959921
4.983	-0.959396
4.986	-0.95887
4.989	-0.958344
4.992	-0.957818
4.995	-0.957292
4.998	-0.956766
5.001	-0.956241
5.004	-0.955715
5.007	-0.955189
5.01	-0.954663
5.013	-0.954137
5.016	-0.953611
5.019	-0.953086
5.022	-0.95256
5.025	-0.952034
5.028	-0.951508
5.031	-0.950982
5.034	-0.950457
5.037	-0.949931
5.04	-0.949405
5.043	-0.948879
5.046	-0.948353
5.049	-0.94782
5.052	-0.946251
5.055	-0.94482
5.058	-0.943388
5.061	-0.941956
5.064	-0.940524
5.067	-0.939092
5.07	-0.93766
5.073	-0.936229
5.076	-0.934797
5.079	-0.933365
5.082	-0.931933
5.085	-0.930501
5.088	-0.92907
5.091	-0.927638
5.094	-0.926206
5.097	-0.924774
5.1	-0.923343
5.103	-0.921911
5.106	-0.920479
5.109	-0.919048
5.112	-0.917616
5.115	-0.916184
5.118	-0.914753
5.121	-0.913321
5.124	-0.911889
5.127	-0.910458
5.13	-0.909026
5.133	-0.907594
5.136	-0.906163
5.139	-0.904731
5.142	-0.9033
5.145	-0.901868
5.148	-0.900436
5.151	-0.899005
5.154	-0.897573
5.157	-0.896142
5.16	-0.89471
5.163	-0.893279
5.166	-0.891847
5.169	-0.890416
5.172	-0.888984
5.175	-0.887553
5.178	-0.886121
5.181	-0.88469
5.184	-0.883258
5.187	-0.881827
5.19	-0.880395
5.193	-0.878964
5.196	-0.877533
5.199	-0.876101
5.202	-0.87467
5.205	-0.873238
5.208	-0.871807
5.211	-0.870376
5.214	-0.868944
5.217	-0.867513
5.22	-0.866082
5.223	-0.86465
5.226	-0.863219
5.229	-0.861788
5.232	-0.860356
5.235	-0.858925
5.238	-0.857494
5.241	-0.856063
5.244	-0.854631
5.247	-0.8532
5.25	-0.851769
5.253	-0.850338
5.256	-0.848906
5.259	-0.847475
5.262	-0.846044
5.265	-0.844613
5.268	-0.843182
5.271	-0.84175
5.274	-0.840319
5.277	-0.838888
5.28	-0.837457
5.283	-0.836026
5.286	-0.834595
5.289	-0.833163
5.292	-0.831732
5.295	-0.830301
5.298	-0.82887
5.301	-0.827439
5.304	-0.826008
5.307	-0.824577
5.31	-0.823146
5.313	-0.821715
5.316	-0.820284
5.319	-0.818853
5.322	-0.817422
5.325	-0.815991
5.328	-0.81456
5.331	-0.813129
5.334	-0.811698
5.337	-0.810267
5.34	-0.808836
5.343	-0.807405
5.346	-0.805974
5.349	-0.804543
5.352	-0.803112
5.355	-0.801681
5.358	-0.80025
5.361	-0.79882
5.364	-0.796151
5.367	-0.79403
5.37	-0.791901
5.373	-0.789772
5.376	-0.787643
5.379	-0.785514
5.382	-0.783386
5.385	-0.781257
5.388	-0.779128
5.391	-0.776999
5.394	-0.77487
5.397	-0.772741
5.4	-0.770612
5.403	-0.768483
5.406	-0.766354
5.409	-0.764226
5.412	-0.762097
5.415	-0.759968
5.418	-0.757839
5.421	-0.75571
5.424	-0.753581
5.427	-0.751452
5.43	-0.749323
5.433	-0.747194
5.436	-0.745065
5.439	-0.742936
5.442	-0.740808
5.445	-0.738679
5.448	-0.73655
5.451	-0.734421
5.454	-0.732292
5.457	-0.730163
5.46	-0.728034
5.463	-0.725905
5.466	-0.723776
5.469	-0.721647
5.472	-0.719518
5.475	-0.717389
5.478	-0.715261
5.481	-0.713132
5.484	-0.711003
5.487	-0.708874
5.49	-0.706745
5.493	-0.704616
5.496	-0.702487
5.499	-0.700358
5.502	-0.698229
5.505	-0.6961
5.508	-0.693971
5.511	-0.691842
5.514	-0.689713
5.517	-0.687584
5.52	-0.685456
5.523	-0.683327
5.526	-0.681198
5.529	-0.679069
5.532	-0.67694
5.535	-0.674811
5.538	-0.672682
5.541	-0.670553
5.544	-0.668424
5.547	-0.666295
5.55	-0.664166
5.553	-0.662037
5.556	-0.659908
5.559	-0.657779
5.562	-0.65565
5.565	-0.653521
5.568	-0.651392
5.571	-0.649263
5.574	-0.647134
5.577	-0.645005
5.58	-0.642877
5.583	-0.640748
5.586	-0.638619
5.589	-0.63649
5.592	-0.634361
5.595	-0.632232
5.598	-0.630103
5.601	-0.627974
5.604	-0.625845
5.607	-0.623716
5.61	-0.621587
5.613	-0.619458
5.616	-0.617329
5.619	-0.6152
5.622	-0.613071
5.625	-0.610942
5.628	-0.608813
5.631	-0.606684
5.634	-0.604555
5.637	-0.602426
5.64	-0.600297
5.643	-0.598168
5.646	-0.596039
5.649	-0.59391
5.652	-0.591781
5.655	-0.589652
5.658	-0.587523
5.661	-0.585394
5.664	-0.583265
5.667	-0.581136
5.67	-0.579007
5.673	-0.576878
5.676	-0.574749
5.679	-0.572404
5.682	-0.568794
5.685	-0.56606
5.688	-0.563327
5.691	-0.560594
5.694	-0.55786
5.697	-0.555127
5.7	-0.552394
5.703	-0.549661
5.706	-0.546927
5.709	-0.544194
5.712	-0.541461
5.715	-0.538728
5.718	-0.535995
5.721	-0.533262
5.724	-0.530528
5.727	-0.527795
5.73	-0.525062
5.733	-0.522329
5.736	-0.519596
5.739	-0.516863
5.742	-0.51413
5.745	-0.511397
5.748	-0.508664
5.751	-0.505931
5.754	-0.503198
5.757	-0.500465
5.76	-0.497732
5.763	-0.494999
5.766	-0.492266
5.769	-0.489533
5.772	-0.486801
5.775	-0.484068
5.778	-0.481335
5.781	-0.478602
5.784	-0.475869
5.787	-0.473136
5.79	-0.470404
5.793	-0.467671
5.796	-0.464938
5.799	-0.462205
5.802	-0.459473
5.805	-0.45674
5.808	-0.454007
5.811	-0.451274
5.814	-0.448542
5.817	-0.445809
5.82	-0.443077
5.823	-0.440344
5.826	-0.437611
5.829	-0.434879
5.832	-0.432146
5.835	-0.429414
5.838	-0.426681
5.841	-0.423948
5.844	-0.421216
5.847	-0.418483
5.85	-0.415751
5.853	-0.413019
5.856	-0.410286
5.859	-0.407554
5.862	-0.404821
5.865	-0.402089
5.868	-0.399356
5.871	-0.396624
5.874	-0.393892
5.877	-0.391159
5.88	-0.388427
5.883	-0.385695
5.886	-0.382962
5.889	-0.38023
5.892	-0.377498
5.895	-0.374766
5.898	-0.372033
5.901	-0.369301
5.904	-0.366569
5.907	-0.363837
5.91	-0.361105
5.913	-0.358372
5.916	-0.35564
5.919	-0.352908
5.922	-0.350176
5.925	-0.347444
5.928	-0.344712
5.931	-0.34198
5.934	-0.339248
5.937	-0.336516
5.94	-0.333784
5.943	-0.331052
5.946	-0.32832
5.949	-0.325588
5.952	-0.322856
5.955	-0.320124
5.958	-0.317392
5.961	-0.31466
5.964	-0.311928
5.967	-0.309196
5.97	-0.306464
5.973	-0.303732
5.976	-0.301001
5.979	-0.298269
5.982	-0.295537
5.985	-0.292805
5.988	-0.290073
5.991	-0.287342
5.994	-0.286173
5.997	-0.286173
