 Location  Dispersion    Centroids   Volume
2.8519e-05   0.315655   0.00323813   1.00001
0.317581   0.315355   0.312958   0.99988
0.629265   0.315518   0.590032   0.999963
0.947201   0.315779   0.814107   1.00006
1.25962   0.315729   0.956933   1.00006
1.57803   0.315756   1.00361   1.00007
1.89046   0.31575   0.952382   1.00006
2.20875   0.315711   0.807014   1.00002
2.52661   0.315542   0.579287   0.999969
2.8385   0.315496   0.299297   0.999937
3.15593   0.315508   -0.0141366   0.999942
3.46774   0.315493   -0.322447   0.999942
3.78536   0.315622   -0.60286   0.999966
4.1033   0.315692   -0.823263   1.00003
4.41563   0.315715   -0.959874   1.00006
4.73402   0.315762   -1.00389   1.00007
5.04647   0.315756   -0.947943   1.00006
5.36465   0.315617   -0.798496   1.00001
5.67672   0.315622   -0.571867   0.999986
5.99427   0.315494   -0.286252   0.999903
