 x 	V[Y|X = x] 
0	0.109957
0.003	0.110268
0.006	0.110602
0.009	0.110959
0.012	0.111338
0.015	0.11174
0.018	0.112165
0.021	0.112613
0.024	0.113084
0.027	0.113578
0.03	0.114095
0.033	0.114636
0.036	0.1152
0.039	0.115787
0.042	0.116398
0.045	0.117032
0.048	0.11769
0.051	0.118371
0.054	0.119075
0.057	0.119803
0.06	0.120554
0.063	0.121329
0.066	0.122126
0.069	0.122946
0.072	0.12379
0.075	0.124656
0.078	0.125545
0.081	0.126457
0.084	0.127391
0.087	0.128347
0.09	0.129326
0.093	0.130326
0.096	0.131348
0.099	0.132391
0.102	0.133455
0.105	0.134541
0.108	0.135646
0.111	0.136772
0.114	0.137918
0.117	0.139084
0.12	0.140268
0.123	0.141472
0.126	0.142694
0.129	0.143934
0.132	0.145191
0.135	0.146466
0.138	0.147758
0.141	0.149065
0.144	0.150388
0.147	0.151727
0.15	0.15308
0.153	0.154447
0.156	0.155828
0.159	0.157221
0.162	0.158627
0.165	0.160044
0.168	0.161472
0.171	0.162911
0.174	0.164359
0.177	0.165816
0.18	0.167281
0.183	0.168754
0.186	0.170233
0.189	0.171718
0.192	0.173209
0.195	0.174703
0.198	0.176202
0.201	0.177703
0.204	0.179205
0.207	0.180709
0.21	0.182213
0.213	0.183716
0.216	0.185218
0.219	0.186717
0.222	0.188212
0.225	0.189703
0.228	0.191189
0.231	0.192668
0.234	0.19414
0.237	0.195604
0.24	0.197059
0.243	0.198504
0.246	0.199937
0.249	0.201359
0.252	0.202767
0.255	0.204162
0.258	0.205541
0.261	0.206905
0.264	0.208251
0.267	0.20958
0.27	0.210889
0.273	0.212179
0.276	0.213448
0.279	0.214695
0.282	0.215919
0.285	0.217119
0.288	0.218295
0.291	0.219445
0.294	0.220568
0.297	0.221664
0.3	0.222732
0.303	0.223771
0.306	0.224779
0.309	0.225757
0.312	0.226703
0.315	0.227616
0.318	0.228496
0.321	0.229342
0.324	0.230153
0.327	0.230929
0.33	0.231668
0.333	0.232371
0.336	0.233036
0.339	0.233662
0.342	0.23425
0.345	0.234799
0.348	0.235308
0.351	0.235776
0.354	0.236203
0.357	0.23659
0.36	0.236934
0.363	0.237237
0.366	0.237497
0.369	0.237714
0.372	0.237889
0.375	0.23802
0.378	0.238108
0.381	0.238152
0.384	0.238153
0.387	0.23811
0.39	0.238024
0.393	0.237893
0.396	0.237719
0.399	0.237502
0.402	0.23724
0.405	0.236936
0.408	0.236588
0.411	0.236198
0.414	0.235765
0.417	0.23529
0.42	0.234773
0.423	0.234214
0.426	0.233615
0.429	0.232975
0.432	0.232295
0.435	0.231575
0.438	0.230817
0.441	0.23002
0.444	0.229187
0.447	0.228316
0.45	0.227409
0.453	0.226468
0.456	0.225492
0.459	0.224482
0.462	0.22344
0.465	0.222367
0.468	0.221263
0.471	0.220129
0.474	0.218966
0.477	0.217777
0.48	0.21656
0.483	0.215319
0.486	0.214053
0.489	0.212765
0.492	0.211455
0.495	0.210124
0.498	0.208774
0.501	0.207406
0.504	0.206022
0.507	0.204622
0.51	0.203208
0.513	0.201782
0.516	0.200344
0.519	0.198897
0.522	0.19744
0.525	0.195977
0.528	0.194508
0.531	0.193035
0.534	0.191559
0.537	0.190081
0.54	0.188603
0.543	0.187127
0.546	0.185653
0.549	0.184184
0.552	0.18272
0.555	0.181264
0.558	0.179815
0.561	0.178377
0.564	0.17695
0.567	0.175536
0.57	0.174135
0.573	0.17275
0.576	0.171381
0.579	0.170031
0.582	0.168699
0.585	0.167389
0.588	0.1661
0.591	0.164833
0.594	0.163592
0.597	0.162375
0.6	0.161185
0.603	0.160022
0.606	0.158888
0.609	0.157784
0.612	0.156711
0.615	0.155669
0.618	0.15466
0.621	0.153685
0.624	0.152744
0.627	0.151838
0.63	0.150968
0.633	0.150135
0.636	0.14934
0.639	0.148582
0.642	0.147864
0.645	0.147184
0.648	0.146545
0.651	0.145946
0.654	0.145387
0.657	0.14487
0.66	0.144394
0.663	0.14396
0.666	0.143568
0.669	0.143218
0.672	0.14291
0.675	0.142645
0.678	0.142422
0.681	0.142242
0.684	0.142104
0.687	0.142008
0.69	0.141954
0.693	0.141943
0.696	0.141973
0.699	0.142044
0.702	0.142156
0.705	0.142308
0.708	0.142501
0.711	0.142733
0.714	0.143004
0.717	0.143314
0.72	0.143662
0.723	0.144046
0.726	0.144467
0.729	0.144924
0.732	0.145415
0.735	0.145941
0.738	0.146499
0.741	0.14709
0.744	0.147711
0.747	0.148363
0.75	0.149045
0.753	0.149754
0.756	0.15049
0.759	0.151252
0.762	0.152039
0.765	0.15285
0.768	0.153683
0.771	0.154537
0.774	0.155411
0.777	0.156304
0.78	0.157214
0.783	0.158141
0.786	0.159082
0.789	0.160038
0.792	0.161005
0.795	0.161983
0.798	0.162972
0.801	0.163968
0.804	0.164972
0.807	0.165981
0.81	0.166995
0.813	0.168012
0.816	0.169031
0.819	0.17005
0.822	0.171069
0.825	0.172086
0.828	0.173099
0.831	0.174109
0.834	0.175112
0.837	0.176109
0.84	0.177098
0.843	0.178078
0.846	0.179048
0.849	0.180006
0.852	0.180952
0.855	0.181884
0.858	0.182802
0.861	0.183705
0.864	0.184591
0.867	0.18546
0.87	0.186311
0.873	0.187143
0.876	0.187955
0.879	0.188746
0.882	0.189517
0.885	0.190265
0.888	0.19099
0.891	0.191692
0.894	0.192369
0.897	0.193023
0.9	0.193651
0.903	0.194254
0.906	0.19483
0.909	0.19538
0.912	0.195903
0.915	0.196399
0.918	0.196868
0.921	0.197308
0.924	0.197721
0.927	0.198105
0.93	0.19846
0.933	0.198787
0.936	0.199086
0.939	0.199355
0.942	0.199596
0.945	0.199807
0.948	0.19999
0.951	0.200144
0.954	0.200269
0.957	0.200366
0.96	0.200433
0.963	0.200473
0.966	0.200484
0.969	0.200467
0.972	0.200422
0.975	0.200349
0.978	0.200249
0.981	0.200122
0.984	0.199969
0.987	0.199788
0.99	0.199582
0.993	0.19935
0.996	0.199092
0.999	0.19881
1.002	0.198503
1.005	0.198172
1.008	0.197817
1.011	0.197439
1.014	0.197038
1.017	0.196614
1.02	0.196169
1.023	0.195702
1.026	0.195215
1.029	0.194707
1.032	0.194179
1.035	0.193632
1.038	0.193067
1.041	0.192483
1.044	0.191881
1.047	0.191262
1.05	0.190627
1.053	0.189975
1.056	0.189308
1.059	0.188626
1.062	0.18793
1.065	0.187219
1.068	0.186496
1.071	0.18576
1.074	0.185012
1.077	0.184252
1.08	0.183481
1.083	0.1827
1.086	0.181909
1.089	0.181109
1.092	0.1803
1.095	0.179482
1.098	0.178658
1.101	0.177826
1.104	0.176987
1.107	0.176143
1.11	0.175293
1.113	0.174438
1.116	0.173579
1.119	0.172716
1.122	0.171849
1.125	0.17098
1.128	0.170109
1.131	0.169235
1.134	0.168361
1.137	0.167485
1.14	0.16661
1.143	0.165734
1.146	0.164859
1.149	0.163986
1.152	0.163114
1.155	0.162244
1.158	0.161376
1.161	0.160511
1.164	0.15965
1.167	0.158793
1.17	0.15794
1.173	0.157091
1.176	0.156248
1.179	0.15541
1.182	0.154578
1.185	0.153753
1.188	0.152934
1.191	0.152122
1.194	0.151317
1.197	0.150521
1.2	0.149732
1.203	0.148952
1.206	0.148181
1.209	0.147419
1.212	0.146666
1.215	0.145923
1.218	0.145191
1.221	0.144468
1.224	0.143757
1.227	0.143056
1.23	0.142367
1.233	0.141689
1.236	0.141023
1.239	0.14037
1.242	0.139728
1.245	0.139099
1.248	0.138483
1.251	0.13788
1.254	0.13729
1.257	0.136714
1.26	0.136151
1.263	0.135602
1.266	0.135068
1.269	0.134547
1.272	0.134041
1.275	0.133549
1.278	0.133072
1.281	0.13261
1.284	0.132163
1.287	0.131731
1.29	0.131314
1.293	0.130913
1.296	0.130527
1.299	0.130157
1.302	0.129802
1.305	0.129463
1.308	0.12914
1.311	0.128832
1.314	0.128541
1.317	0.128265
1.32	0.128006
1.323	0.127762
1.326	0.127535
1.329	0.127324
1.332	0.127128
1.335	0.126949
1.338	0.126786
1.341	0.126639
1.344	0.126507
1.347	0.126392
1.35	0.126293
1.353	0.12621
1.356	0.126142
1.359	0.12609
1.362	0.126054
1.365	0.126033
1.368	0.126028
1.371	0.126038
1.374	0.126064
1.377	0.126104
1.38	0.12616
1.383	0.12623
1.386	0.126315
1.389	0.126415
1.392	0.126529
1.395	0.126657
1.398	0.1268
1.401	0.126956
1.404	0.127126
1.407	0.127309
1.41	0.127506
1.413	0.127715
1.416	0.127938
1.419	0.128173
1.422	0.12842
1.425	0.128679
1.428	0.128951
1.431	0.129234
1.434	0.129528
1.437	0.129833
1.44	0.130149
1.443	0.130475
1.446	0.130812
1.449	0.131159
1.452	0.131515
1.455	0.13188
1.458	0.132254
1.461	0.132637
1.464	0.133028
1.467	0.133428
1.47	0.133834
1.473	0.134249
1.476	0.13467
1.479	0.135097
1.482	0.135531
1.485	0.135971
1.488	0.136416
1.491	0.136867
1.494	0.137322
1.497	0.137782
1.5	0.138246
1.503	0.138713
1.506	0.139184
1.509	0.139658
1.512	0.140134
1.515	0.140613
1.518	0.141093
1.521	0.141575
1.524	0.142058
1.527	0.142542
1.53	0.143026
1.533	0.14351
1.536	0.143993
1.539	0.144476
1.542	0.144958
1.545	0.145438
1.548	0.145916
1.551	0.146392
1.554	0.146865
1.557	0.147336
1.56	0.147803
1.563	0.148267
1.566	0.148726
1.569	0.149181
1.572	0.149632
1.575	0.150078
1.578	0.150518
1.581	0.150953
1.584	0.151382
1.587	0.151804
1.59	0.15222
1.593	0.15263
1.596	0.153032
1.599	0.153427
1.602	0.153815
1.605	0.154194
1.608	0.154566
1.611	0.154929
1.614	0.155284
1.617	0.15563
1.62	0.155967
1.623	0.156295
1.626	0.156613
1.629	0.156922
1.632	0.157222
1.635	0.157511
1.638	0.157791
1.641	0.15806
1.644	0.158319
1.647	0.158568
1.65	0.158806
1.653	0.159033
1.656	0.15925
1.659	0.159456
1.662	0.159652
1.665	0.159836
1.668	0.16001
1.671	0.160172
1.674	0.160324
1.677	0.160465
1.68	0.160595
1.683	0.160713
1.686	0.160821
1.689	0.160918
1.692	0.161005
1.695	0.16108
1.698	0.161145
1.701	0.161199
1.704	0.161243
1.707	0.161276
1.71	0.161299
1.713	0.161311
1.716	0.161314
1.719	0.161307
1.722	0.161289
1.725	0.161263
1.728	0.161227
1.731	0.161181
1.734	0.161127
1.737	0.161064
1.74	0.160992
1.743	0.160911
1.746	0.160823
1.749	0.160726
1.752	0.160622
1.755	0.16051
1.758	0.160391
1.761	0.160265
1.764	0.160133
1.767	0.159994
1.77	0.159849
1.773	0.159698
1.776	0.159541
1.779	0.15938
1.782	0.159213
1.785	0.159042
1.788	0.158867
1.791	0.158688
1.794	0.158505
1.797	0.158319
1.8	0.15813
1.803	0.157939
1.806	0.157745
1.809	0.15755
1.812	0.157353
1.815	0.157155
1.818	0.156957
1.821	0.156758
1.824	0.156559
1.827	0.15636
1.83	0.156162
1.833	0.155966
1.836	0.155771
1.839	0.155578
1.842	0.155387
1.845	0.155199
1.848	0.155014
1.851	0.154832
1.854	0.154654
1.857	0.154481
1.86	0.154312
1.863	0.154148
1.866	0.15399
1.869	0.153837
1.872	0.153691
1.875	0.153551
1.878	0.153418
1.881	0.153292
1.884	0.153174
1.887	0.153064
1.89	0.152963
1.893	0.152871
1.896	0.152787
1.899	0.152713
1.902	0.152649
1.905	0.152596
1.908	0.152553
1.911	0.152521
1.914	0.1525
1.917	0.152491
1.92	0.152494
1.923	0.152509
1.926	0.152537
1.929	0.152578
1.932	0.152633
1.935	0.152701
1.938	0.152782
1.941	0.152879
1.944	0.152989
1.947	0.153115
1.95	0.153255
1.953	0.153411
1.956	0.153583
1.959	0.153771
1.962	0.153974
1.965	0.154195
1.968	0.154432
1.971	0.154686
1.974	0.154957
1.977	0.155245
1.98	0.155551
1.983	0.155875
1.986	0.156217
1.989	0.156576
1.992	0.156955
1.995	0.157352
1.998	0.157767
2.001	0.158202
2.004	0.158655
2.007	0.159128
2.01	0.15962
2.013	0.160131
2.016	0.160662
2.019	0.161213
2.022	0.161783
2.025	0.162373
2.028	0.162982
2.031	0.163612
2.034	0.164262
2.037	0.164932
2.04	0.165621
2.043	0.166331
2.046	0.167061
2.049	0.167811
2.052	0.16858
2.055	0.16937
2.058	0.17018
2.061	0.17101
2.064	0.17186
2.067	0.172729
2.07	0.173618
2.073	0.174527
2.076	0.175455
2.079	0.176403
2.082	0.177369
2.085	0.178355
2.088	0.17936
2.091	0.180384
2.094	0.181426
2.097	0.182487
2.1	0.183565
2.103	0.184662
2.106	0.185776
2.109	0.186908
2.112	0.188057
2.115	0.189223
2.118	0.190405
2.121	0.191604
2.124	0.192819
2.127	0.194049
2.13	0.195295
2.133	0.196556
2.136	0.197831
2.139	0.199121
2.142	0.200424
2.145	0.201741
2.148	0.203071
2.151	0.204413
2.154	0.205767
2.157	0.207133
2.16	0.20851
2.163	0.209898
2.166	0.211295
2.169	0.212703
2.172	0.214119
2.175	0.215544
2.178	0.216976
2.181	0.218416
2.184	0.219863
2.187	0.221316
2.19	0.222775
2.193	0.224238
2.196	0.225706
2.199	0.227177
2.202	0.228652
2.205	0.230128
2.208	0.231607
2.211	0.233086
2.214	0.234565
2.217	0.236044
2.22	0.237522
2.223	0.238997
2.226	0.24047
2.229	0.241939
2.232	0.243404
2.235	0.244864
2.238	0.246319
2.241	0.247766
2.244	0.249206
2.247	0.250638
2.25	0.252061
2.253	0.253475
2.256	0.254877
2.259	0.256268
2.262	0.257647
2.265	0.259013
2.268	0.260365
2.271	0.261702
2.274	0.263023
2.277	0.264328
2.28	0.265616
2.283	0.266885
2.286	0.268136
2.289	0.269367
2.292	0.270578
2.295	0.271767
2.298	0.272934
2.301	0.274078
2.304	0.275198
2.307	0.276294
2.31	0.277364
2.313	0.278409
2.316	0.279426
2.319	0.280416
2.322	0.281378
2.325	0.28231
2.328	0.283213
2.331	0.284086
2.334	0.284928
2.337	0.285738
2.34	0.286515
2.343	0.28726
2.346	0.287971
2.349	0.288649
2.352	0.289291
2.355	0.289899
2.358	0.290471
2.361	0.291007
2.364	0.291507
2.367	0.29197
2.37	0.292395
2.373	0.292783
2.376	0.293134
2.379	0.293446
2.382	0.293719
2.385	0.293954
2.388	0.294151
2.391	0.294308
2.394	0.294427
2.397	0.294506
2.4	0.294547
2.403	0.294548
2.406	0.29451
2.409	0.294433
2.412	0.294318
2.415	0.294164
2.418	0.293971
2.421	0.293741
2.424	0.293472
2.427	0.293166
2.43	0.292823
2.433	0.292443
2.436	0.292026
2.439	0.291574
2.442	0.291087
2.445	0.290564
2.448	0.290008
2.451	0.289419
2.454	0.288796
2.457	0.288142
2.46	0.287457
2.463	0.286741
2.466	0.285996
2.469	0.285222
2.472	0.28442
2.475	0.283592
2.478	0.282738
2.481	0.281859
2.484	0.280957
2.487	0.280032
2.49	0.279086
2.493	0.27812
2.496	0.277135
2.499	0.276131
2.502	0.275112
2.505	0.274076
2.508	0.273027
2.511	0.271965
2.514	0.270892
2.517	0.269809
2.52	0.268717
2.523	0.267618
2.526	0.266512
2.529	0.265403
2.532	0.26429
2.535	0.263175
2.538	0.262061
2.541	0.260947
2.544	0.259836
2.547	0.258729
2.55	0.257628
2.553	0.256533
2.556	0.255447
2.559	0.254371
2.562	0.253306
2.565	0.252254
2.568	0.251216
2.571	0.250193
2.574	0.249187
2.577	0.248199
2.58	0.247231
2.583	0.246284
2.586	0.245359
2.589	0.244458
2.592	0.243582
2.595	0.242732
2.598	0.241909
2.601	0.241114
2.604	0.24035
2.607	0.239616
2.61	0.238915
2.613	0.238247
2.616	0.237613
2.619	0.237015
2.622	0.236452
2.625	0.235928
2.628	0.235441
2.631	0.234994
2.634	0.234587
2.637	0.234221
2.64	0.233897
2.643	0.233615
2.646	0.233377
2.649	0.233183
2.652	0.233034
2.655	0.23293
2.658	0.232872
2.661	0.232861
2.664	0.232897
2.667	0.23298
2.67	0.233112
2.673	0.233292
2.676	0.233521
2.679	0.233799
2.682	0.234126
2.685	0.234504
2.688	0.234931
2.691	0.235408
2.694	0.235936
2.697	0.236514
2.7	0.237142
2.703	0.237821
2.706	0.23855
2.709	0.23933
2.712	0.24016
2.715	0.241041
2.718	0.241971
2.721	0.242951
2.724	0.24398
2.727	0.245059
2.73	0.246187
2.733	0.247364
2.736	0.248588
2.739	0.249861
2.742	0.25118
2.745	0.252547
2.748	0.25396
2.751	0.255418
2.754	0.256922
2.757	0.25847
2.76	0.260062
2.763	0.261697
2.766	0.263374
2.769	0.265093
2.772	0.266853
2.775	0.268652
2.778	0.270491
2.781	0.272368
2.784	0.274282
2.787	0.276232
2.79	0.278218
2.793	0.280238
2.796	0.282291
2.799	0.284376
2.802	0.286492
2.805	0.288639
2.808	0.290814
2.811	0.293016
2.814	0.295245
2.817	0.2975
2.82	0.299778
2.823	0.302078
2.826	0.3044
2.829	0.306743
2.832	0.309103
2.835	0.311481
2.838	0.313875
2.841	0.316284
2.844	0.318706
2.847	0.321139
2.85	0.323583
2.853	0.326035
2.856	0.328495
2.859	0.330961
2.862	0.33343
2.865	0.335903
2.868	0.338377
2.871	0.34085
2.874	0.343322
2.877	0.34579
2.88	0.348254
2.883	0.350711
2.886	0.353159
2.889	0.355598
2.892	0.358026
2.895	0.360441
2.898	0.362841
2.901	0.365225
2.904	0.367592
2.907	0.369939
2.91	0.372265
2.913	0.374569
2.916	0.376849
2.919	0.379103
2.922	0.38133
2.925	0.383529
2.928	0.385697
2.931	0.387833
2.934	0.389936
2.937	0.392004
2.94	0.394035
2.943	0.396029
2.946	0.397983
2.949	0.399897
2.952	0.401768
2.955	0.403596
2.958	0.405379
2.961	0.407115
2.964	0.408803
2.967	0.410443
2.97	0.412032
2.973	0.413569
2.976	0.415053
2.979	0.416484
2.982	0.417859
2.985	0.419178
2.988	0.420439
2.991	0.421641
2.994	0.422784
2.997	0.423867
3	0.424887
3.003	0.425846
3.006	0.42674
3.009	0.427571
3.012	0.428337
3.015	0.429036
3.018	0.42967
3.021	0.430236
3.024	0.430734
3.027	0.431165
3.03	0.431526
3.033	0.431818
3.036	0.43204
3.039	0.432193
3.042	0.432275
3.045	0.432287
3.048	0.432228
3.051	0.432098
3.054	0.431897
3.057	0.431625
3.06	0.431282
3.063	0.430869
3.066	0.430385
3.069	0.42983
3.072	0.429206
3.075	0.428512
3.078	0.427748
3.081	0.426916
3.084	0.426015
3.087	0.425047
3.09	0.424012
3.093	0.42291
3.096	0.421743
3.099	0.420511
3.102	0.419216
3.105	0.417858
3.108	0.416438
3.111	0.414958
3.114	0.413418
3.117	0.41182
3.12	0.410165
3.123	0.408455
3.126	0.40669
3.129	0.404873
3.132	0.403005
3.135	0.401087
3.138	0.399122
3.141	0.39711
3.144	0.395054
3.147	0.392955
3.15	0.390815
3.153	0.388636
3.156	0.386421
3.159	0.38417
3.162	0.381886
3.165	0.379571
3.168	0.377228
3.171	0.374858
3.174	0.372463
3.177	0.370046
3.18	0.36761
3.183	0.365155
3.186	0.362685
3.189	0.360201
3.192	0.357707
3.195	0.355205
3.198	0.352696
3.201	0.350184
3.204	0.34767
3.207	0.345158
3.21	0.342649
3.213	0.340146
3.216	0.337651
3.219	0.335167
3.222	0.332696
3.225	0.330241
3.228	0.327804
3.231	0.325386
3.234	0.322992
3.237	0.320622
3.24	0.31828
3.243	0.315967
3.246	0.313685
3.249	0.311438
3.252	0.309227
3.255	0.307054
3.258	0.304921
3.261	0.302831
3.264	0.300785
3.267	0.298785
3.27	0.296833
3.273	0.294932
3.276	0.293082
3.279	0.291285
3.282	0.289544
3.285	0.28786
3.288	0.286234
3.291	0.284668
3.294	0.283163
3.297	0.281721
3.3	0.280342
3.303	0.279028
3.306	0.277781
3.309	0.2766
3.312	0.275487
3.315	0.274444
3.318	0.27347
3.321	0.272567
3.324	0.271734
3.327	0.270973
3.33	0.270285
3.333	0.269668
3.336	0.269125
3.339	0.268654
3.342	0.268257
3.345	0.267932
3.348	0.267681
3.351	0.267503
3.354	0.267397
3.357	0.267364
3.36	0.267403
3.363	0.267514
3.366	0.267696
3.369	0.267948
3.372	0.26827
3.375	0.268661
3.378	0.26912
3.381	0.269647
3.384	0.27024
3.387	0.270898
3.39	0.27162
3.393	0.272405
3.396	0.273251
3.399	0.274158
3.402	0.275123
3.405	0.276146
3.408	0.277224
3.411	0.278357
3.414	0.279542
3.417	0.280778
3.42	0.282063
3.423	0.283396
3.426	0.284774
3.429	0.286196
3.432	0.287659
3.435	0.289162
3.438	0.290702
3.441	0.292278
3.444	0.293888
3.447	0.295529
3.45	0.297199
3.453	0.298897
3.456	0.300619
3.459	0.302365
3.462	0.30413
3.465	0.305915
3.468	0.307715
3.471	0.309529
3.474	0.311355
3.477	0.313191
3.48	0.315033
3.483	0.316881
3.486	0.318731
3.489	0.320582
3.492	0.322431
3.495	0.324277
3.498	0.326116
3.501	0.327947
3.504	0.329768
3.507	0.331576
3.51	0.33337
3.513	0.335147
3.516	0.336905
3.519	0.338643
3.522	0.340359
3.525	0.342049
3.528	0.343714
3.531	0.34535
3.534	0.346957
3.537	0.348532
3.54	0.350073
3.543	0.351579
3.546	0.353048
3.549	0.35448
3.552	0.355871
3.555	0.357221
3.558	0.358528
3.561	0.359792
3.564	0.36101
3.567	0.362182
3.57	0.363306
3.573	0.364381
3.576	0.365406
3.579	0.36638
3.582	0.367302
3.585	0.368172
3.588	0.368987
3.591	0.369749
3.594	0.370455
3.597	0.371106
3.6	0.3717
3.603	0.372237
3.606	0.372717
3.609	0.373138
3.612	0.373502
3.615	0.373807
3.618	0.374054
3.621	0.374241
3.624	0.374369
3.627	0.374438
3.63	0.374448
3.633	0.374399
3.636	0.374291
3.639	0.374123
3.642	0.373897
3.645	0.373612
3.648	0.373269
3.651	0.372867
3.654	0.372409
3.657	0.371893
3.66	0.37132
3.663	0.370691
3.666	0.370006
3.669	0.369266
3.672	0.368472
3.675	0.367624
3.678	0.366723
3.681	0.36577
3.684	0.364765
3.687	0.363709
3.69	0.362603
3.693	0.361449
3.696	0.360246
3.699	0.358996
3.702	0.3577
3.705	0.356359
3.708	0.354974
3.711	0.353546
3.714	0.352075
3.717	0.350564
3.72	0.349013
3.723	0.347423
3.726	0.345796
3.729	0.344132
3.732	0.342433
3.735	0.3407
3.738	0.338935
3.741	0.337138
3.744	0.33531
3.747	0.333454
3.75	0.33157
3.753	0.329659
3.756	0.327723
3.759	0.325763
3.762	0.32378
3.765	0.321776
3.768	0.319751
3.771	0.317708
3.774	0.315648
3.777	0.313571
3.78	0.311479
3.783	0.309373
3.786	0.307255
3.789	0.305126
3.792	0.302987
3.795	0.30084
3.798	0.298685
3.801	0.296525
3.804	0.294359
3.807	0.29219
3.81	0.290019
3.813	0.287846
3.816	0.285674
3.819	0.283503
3.822	0.281335
3.825	0.27917
3.828	0.27701
3.831	0.274856
3.834	0.272709
3.837	0.270571
3.84	0.268441
3.843	0.266323
3.846	0.264215
3.849	0.262121
3.852	0.26004
3.855	0.257973
3.858	0.255922
3.861	0.253888
3.864	0.251871
3.867	0.249873
3.87	0.247894
3.873	0.245935
3.876	0.243998
3.879	0.242082
3.882	0.240189
3.885	0.23832
3.888	0.236476
3.891	0.234656
3.894	0.232862
3.897	0.231095
3.9	0.229356
3.903	0.227644
3.906	0.225961
3.909	0.224307
3.912	0.222683
3.915	0.221089
3.918	0.219526
3.921	0.217995
3.924	0.216495
3.927	0.215028
3.93	0.213593
3.933	0.212192
3.936	0.210825
3.939	0.209491
3.942	0.208191
3.945	0.206927
3.948	0.205696
3.951	0.204502
3.954	0.203342
3.957	0.202218
3.96	0.201129
3.963	0.200077
3.966	0.19906
3.969	0.198079
3.972	0.197135
3.975	0.196226
3.978	0.195354
3.981	0.194517
3.984	0.193717
3.987	0.192953
3.99	0.192225
3.993	0.191532
3.996	0.190875
3.999	0.190254
4.002	0.189668
4.005	0.189117
4.008	0.1886
4.011	0.188118
4.014	0.187671
4.017	0.187257
4.02	0.186877
4.023	0.18653
4.026	0.186216
4.029	0.185934
4.032	0.185685
4.035	0.185466
4.038	0.185279
4.041	0.185122
4.044	0.184996
4.047	0.184899
4.05	0.18483
4.053	0.18479
4.056	0.184778
4.059	0.184793
4.062	0.184835
4.065	0.184902
4.068	0.184994
4.071	0.185111
4.074	0.185252
4.077	0.185416
4.08	0.185602
4.083	0.18581
4.086	0.186039
4.089	0.186288
4.092	0.186556
4.095	0.186842
4.098	0.187147
4.101	0.187468
4.104	0.187805
4.107	0.188158
4.11	0.188525
4.113	0.188906
4.116	0.189299
4.119	0.189705
4.122	0.190121
4.125	0.190548
4.128	0.190984
4.131	0.191428
4.134	0.191881
4.137	0.19234
4.14	0.192804
4.143	0.193274
4.146	0.193748
4.149	0.194226
4.152	0.194705
4.155	0.195187
4.158	0.195669
4.161	0.196152
4.164	0.196633
4.167	0.197113
4.17	0.19759
4.173	0.198064
4.176	0.198534
4.179	0.198999
4.182	0.199458
4.185	0.199911
4.188	0.200357
4.191	0.200795
4.194	0.201224
4.197	0.201645
4.2	0.202055
4.203	0.202455
4.206	0.202843
4.209	0.20322
4.212	0.203584
4.215	0.203935
4.218	0.204272
4.221	0.204595
4.224	0.204904
4.227	0.205197
4.23	0.205475
4.233	0.205736
4.236	0.205981
4.239	0.206208
4.242	0.206418
4.245	0.206611
4.248	0.206785
4.251	0.20694
4.254	0.207077
4.257	0.207195
4.26	0.207293
4.263	0.207371
4.266	0.20743
4.269	0.207468
4.272	0.207487
4.275	0.207485
4.278	0.207462
4.281	0.207419
4.284	0.207355
4.287	0.20727
4.29	0.207165
4.293	0.207039
4.296	0.206892
4.299	0.206724
4.302	0.206535
4.305	0.206326
4.308	0.206096
4.311	0.205846
4.314	0.205575
4.317	0.205285
4.32	0.204974
4.323	0.204643
4.326	0.204293
4.329	0.203923
4.332	0.203535
4.335	0.203127
4.338	0.2027
4.341	0.202256
4.344	0.201793
4.347	0.201312
4.35	0.200815
4.353	0.200299
4.356	0.199768
4.359	0.19922
4.362	0.198655
4.365	0.198076
4.368	0.197481
4.371	0.196871
4.374	0.196247
4.377	0.195609
4.38	0.194957
4.383	0.194292
4.386	0.193615
4.389	0.192925
4.392	0.192223
4.395	0.191511
4.398	0.190787
4.401	0.190053
4.404	0.189309
4.407	0.188556
4.41	0.187794
4.413	0.187023
4.416	0.186244
4.419	0.185458
4.422	0.184665
4.425	0.183865
4.428	0.183059
4.431	0.182248
4.434	0.181431
4.437	0.18061
4.44	0.179784
4.443	0.178956
4.446	0.178123
4.449	0.177288
4.452	0.176451
4.455	0.175612
4.458	0.174772
4.461	0.173931
4.464	0.173089
4.467	0.172248
4.47	0.171407
4.473	0.170566
4.476	0.169727
4.479	0.16889
4.482	0.168055
4.485	0.167223
4.488	0.166393
4.491	0.165567
4.494	0.164745
4.497	0.163927
4.5	0.163113
4.503	0.162305
4.506	0.161501
4.509	0.160704
4.512	0.159912
4.515	0.159127
4.518	0.158348
4.521	0.157576
4.524	0.156812
4.527	0.156055
4.53	0.155307
4.533	0.154566
4.536	0.153834
4.539	0.153111
4.542	0.152397
4.545	0.151693
4.548	0.150998
4.551	0.150313
4.554	0.149638
4.557	0.148974
4.56	0.14832
4.563	0.147677
4.566	0.147045
4.569	0.146424
4.572	0.145815
4.575	0.145218
4.578	0.144632
4.581	0.144058
4.584	0.143497
4.587	0.142947
4.59	0.142411
4.593	0.141887
4.596	0.141375
4.599	0.140877
4.602	0.140392
4.605	0.13992
4.608	0.139461
4.611	0.139015
4.614	0.138583
4.617	0.138165
4.62	0.13776
4.623	0.137369
4.626	0.136992
4.629	0.136628
4.632	0.136279
4.635	0.135943
4.638	0.135621
4.641	0.135314
4.644	0.13502
4.647	0.134741
4.65	0.134476
4.653	0.134224
4.656	0.133987
4.659	0.133764
4.662	0.133555
4.665	0.133361
4.668	0.13318
4.671	0.133014
4.674	0.132861
4.677	0.132722
4.68	0.132598
4.683	0.132487
4.686	0.13239
4.689	0.132307
4.692	0.132238
4.695	0.132182
4.698	0.13214
4.701	0.132112
4.704	0.132096
4.707	0.132095
4.71	0.132106
4.713	0.132131
4.716	0.132168
4.719	0.132219
4.722	0.132282
4.725	0.132358
4.728	0.132446
4.731	0.132547
4.734	0.132661
4.737	0.132786
4.74	0.132924
4.743	0.133073
4.746	0.133234
4.749	0.133406
4.752	0.13359
4.755	0.133785
4.758	0.133992
4.761	0.134208
4.764	0.134436
4.767	0.134674
4.77	0.134923
4.773	0.135181
4.776	0.13545
4.779	0.135728
4.782	0.136015
4.785	0.136312
4.788	0.136618
4.791	0.136933
4.794	0.137256
4.797	0.137588
4.8	0.137927
4.803	0.138275
4.806	0.13863
4.809	0.138993
4.812	0.139363
4.815	0.139739
4.818	0.140122
4.821	0.140512
4.824	0.140907
4.827	0.141309
4.83	0.141716
4.833	0.142128
4.836	0.142544
4.839	0.142966
4.842	0.143392
4.845	0.143822
4.848	0.144255
4.851	0.144692
4.854	0.145132
4.857	0.145575
4.86	0.14602
4.863	0.146467
4.866	0.146916
4.869	0.147366
4.872	0.147818
4.875	0.14827
4.878	0.148723
4.881	0.149175
4.884	0.149628
4.887	0.150079
4.89	0.15053
4.893	0.150979
4.896	0.151426
4.899	0.151872
4.902	0.152314
4.905	0.152754
4.908	0.153191
4.911	0.153624
4.914	0.154053
4.917	0.154477
4.92	0.154897
4.923	0.155311
4.926	0.15572
4.929	0.156123
4.932	0.156519
4.935	0.156909
4.938	0.157291
4.941	0.157666
4.944	0.158033
4.947	0.158391
4.95	0.158741
4.953	0.159081
4.956	0.159412
4.959	0.159733
4.962	0.160044
4.965	0.160343
4.968	0.160632
4.971	0.160909
4.974	0.161174
4.977	0.161427
4.98	0.161667
4.983	0.161894
4.986	0.162108
4.989	0.162308
4.992	0.162494
4.995	0.162665
4.998	0.162822
5.001	0.162963
5.004	0.163089
5.007	0.163199
5.01	0.163293
5.013	0.16337
5.016	0.163431
5.019	0.163475
5.022	0.163501
5.025	0.16351
5.028	0.163502
5.031	0.163475
5.034	0.16343
5.037	0.163366
5.04	0.163284
5.043	0.163183
5.046	0.163063
5.049	0.162924
5.052	0.162766
5.055	0.162588
5.058	0.162391
5.061	0.162174
5.064	0.161938
5.067	0.161682
5.07	0.161407
5.073	0.161111
5.076	0.160797
5.079	0.160463
5.082	0.160109
5.085	0.159736
5.088	0.159344
5.091	0.158932
5.094	0.158502
5.097	0.158053
5.1	0.157586
5.103	0.1571
5.106	0.156596
5.109	0.156075
5.112	0.155536
5.115	0.15498
5.118	0.154408
5.121	0.153819
5.124	0.153215
5.127	0.152595
5.13	0.15196
5.133	0.151311
5.136	0.150648
5.139	0.149972
5.142	0.149283
5.145	0.148581
5.148	0.147869
5.151	0.147145
5.154	0.146412
5.157	0.145668
5.16	0.144916
5.163	0.144156
5.166	0.143389
5.169	0.142615
5.172	0.141836
5.175	0.141051
5.178	0.140263
5.181	0.139471
5.184	0.138677
5.187	0.137882
5.19	0.137085
5.193	0.136289
5.196	0.135495
5.199	0.134702
5.202	0.133912
5.205	0.133126
5.208	0.132345
5.211	0.13157
5.214	0.130801
5.217	0.13004
5.22	0.129287
5.223	0.128544
5.226	0.127811
5.229	0.12709
5.232	0.126381
5.235	0.125684
5.238	0.125002
5.241	0.124334
5.244	0.123682
5.247	0.123047
5.25	0.122429
5.253	0.121829
5.256	0.121248
5.259	0.120687
5.262	0.120147
5.265	0.119627
5.268	0.11913
5.271	0.118655
5.274	0.118204
5.277	0.117776
5.28	0.117373
5.283	0.116996
5.286	0.116644
5.289	0.116318
5.292	0.116019
5.295	0.115747
5.298	0.115503
5.301	0.115287
5.304	0.1151
5.307	0.114942
5.31	0.114813
5.313	0.114713
5.316	0.114643
5.319	0.114603
5.322	0.114594
5.325	0.114614
5.328	0.114666
5.331	0.114748
5.334	0.11486
5.337	0.115004
5.34	0.115178
5.343	0.115383
5.346	0.115619
5.349	0.115886
5.352	0.116183
5.355	0.11651
5.358	0.116868
5.361	0.117255
5.364	0.117673
5.367	0.11812
5.37	0.118597
5.373	0.119102
5.376	0.119636
5.379	0.120199
5.382	0.120789
5.385	0.121407
5.388	0.122053
5.391	0.122724
5.394	0.123422
5.397	0.124146
5.4	0.124895
5.403	0.125668
5.406	0.126466
5.409	0.127287
5.412	0.128131
5.415	0.128997
5.418	0.129885
5.421	0.130793
5.424	0.131722
5.427	0.132671
5.43	0.133638
5.433	0.134624
5.436	0.135627
5.439	0.136646
5.442	0.137682
5.445	0.138733
5.448	0.139798
5.451	0.140876
5.454	0.141967
5.457	0.143071
5.46	0.144185
5.463	0.145309
5.466	0.146443
5.469	0.147585
5.472	0.148735
5.475	0.149892
5.478	0.151055
5.481	0.152222
5.484	0.153394
5.487	0.154569
5.49	0.155746
5.493	0.156925
5.496	0.158104
5.499	0.159282
5.502	0.16046
5.505	0.161635
5.508	0.162807
5.511	0.163974
5.514	0.165137
5.517	0.166294
5.52	0.167444
5.523	0.168586
5.526	0.16972
5.529	0.170844
5.532	0.171958
5.535	0.17306
5.538	0.17415
5.541	0.175226
5.544	0.176289
5.547	0.177337
5.55	0.178369
5.553	0.179384
5.556	0.180382
5.559	0.181362
5.562	0.182322
5.565	0.183263
5.568	0.184182
5.571	0.18508
5.574	0.185956
5.577	0.186809
5.58	0.187637
5.583	0.188441
5.586	0.18922
5.589	0.189973
5.592	0.190699
5.595	0.191397
5.598	0.192068
5.601	0.192709
5.604	0.193322
5.607	0.193904
5.61	0.194456
5.613	0.194977
5.616	0.195467
5.619	0.195924
5.622	0.196349
5.625	0.196741
5.628	0.197099
5.631	0.197424
5.634	0.197714
5.637	0.19797
5.64	0.19819
5.643	0.198376
5.646	0.198526
5.649	0.198641
5.652	0.19872
5.655	0.198762
5.658	0.198769
5.661	0.198739
5.664	0.198672
5.667	0.198569
5.67	0.19843
5.673	0.198254
5.676	0.198042
5.679	0.197793
5.682	0.197508
5.685	0.197187
5.688	0.19683
5.691	0.196438
5.694	0.196009
5.697	0.195546
5.7	0.195047
5.703	0.194514
5.706	0.193947
5.709	0.193345
5.712	0.192711
5.715	0.192043
5.718	0.191343
5.721	0.190611
5.724	0.189847
5.727	0.189053
5.73	0.188228
5.733	0.187374
5.736	0.186491
5.739	0.185579
5.742	0.18464
5.745	0.183675
5.748	0.182683
5.751	0.181666
5.754	0.180624
5.757	0.179559
5.76	0.178471
5.763	0.177361
5.766	0.176231
5.769	0.17508
5.772	0.173909
5.775	0.172721
5.778	0.171515
5.781	0.170294
5.784	0.169056
5.787	0.167804
5.79	0.166539
5.793	0.165262
5.796	0.163973
5.799	0.162674
5.802	0.161365
5.805	0.160049
5.808	0.158724
5.811	0.157394
5.814	0.156058
5.817	0.154719
5.82	0.153376
5.823	0.15203
5.826	0.150684
5.829	0.149338
5.832	0.147992
5.835	0.146648
5.838	0.145307
5.841	0.14397
5.844	0.142638
5.847	0.141311
5.85	0.139991
5.853	0.138678
5.856	0.137374
5.859	0.136079
5.862	0.134795
5.865	0.133521
5.868	0.13226
5.871	0.131011
5.874	0.129776
5.877	0.128555
5.88	0.127349
5.883	0.126158
5.886	0.124985
5.889	0.123828
5.892	0.12269
5.895	0.121569
5.898	0.120468
5.901	0.119387
5.904	0.118326
5.907	0.117286
5.91	0.116267
5.913	0.11527
5.916	0.114295
5.919	0.113343
5.922	0.112415
5.925	0.11151
5.928	0.110629
5.931	0.109772
5.934	0.10894
5.937	0.108134
5.94	0.107352
5.943	0.106596
5.946	0.105866
5.949	0.105162
5.952	0.104484
5.955	0.103832
5.958	0.103207
5.961	0.102609
5.964	0.102037
5.967	0.101493
5.97	0.100975
5.973	0.100484
5.976	0.10002
5.979	0.0995835
5.982	0.0991737
5.985	0.0987909
5.988	0.098435
5.991	0.098106
5.994	0.0978039
5.997	0.0975284
