 Location  Dispersion    Centroids   Volume
0.000104085   0.0606478   0.00289697   1.00001
0.0602758   0.0603781   0.0613798   0.999994
0.120073   0.0604764   0.120092   0.999999
0.179961   0.0604952   0.178716   0.999998
0.239879   0.0604976   0.236193   0.999998
0.299998   0.0607132   0.295404   1
0.365932   0.0606502   0.358116   1
0.426063   0.060473   0.413921   0.999997
0.485975   0.0605609   0.465175   1
0.545979   0.0606111   0.520267   1
0.605994   0.0606028   0.569366   1
0.666015   0.060571   0.619671   1
0.72603   0.0605745   0.663999   1
0.786005   0.0605691   0.708767   0.999999
0.845957   0.0605128   0.749113   0.999999
0.905927   0.0605188   0.78486   0.999999
0.965928   0.0606202   0.823147   1
1.03193   0.0606079   0.857591   1
1.09198   0.0605643   0.887335   1
1.15198   0.0605896   0.912943   1
1.21197   0.0605827   0.937406   1
1.27199   0.0605781   0.955351   1
1.33199   0.0605851   0.97189   1
1.392   0.0605739   0.983805   1
1.452   0.0605723   0.993144   1
1.512   0.0605769   0.997642   1
1.572   0.060578   0.999785   1
1.632   0.0605785   0.998976   1
1.698   0.060576   0.992105   1
1.758   0.0605712   0.982857   1
1.81801   0.0605822   0.971683   1
1.87801   0.0605856   0.952576   1
1.93801   0.0605708   0.934051   1
1.99802   0.0605748   0.909518   1
2.05803   0.0605984   0.88463   1
2.11806   0.0606063   0.853753   1
2.17805   0.0605661   0.819523   1
2.23802   0.0605139   0.786192   0.999998
2.29808   0.0606273   0.746962   1
2.36402   0.0606333   0.701811   1
2.42414   0.0605609   0.657218   1
2.48407   0.0605673   0.610106   1
2.54411   0.0605537   0.561584   1
2.60404   0.0605558   0.512672   1
2.66405   0.0605412   0.45877   0.999999
2.72403   0.0605869   0.405275   1
2.78403   0.0605937   0.350392   1
2.84403   0.0605581   0.292738   1
2.90395   0.0604664   0.234357   0.999998
2.96402   0.0605968   0.176947   1
3.02992   0.0606738   0.11287   1
3.09003   0.0605328   0.0503772   0.999999
3.15   0.0605544   -0.00829786   1
3.21   0.0606102   -0.0677755   1
3.27003   0.0606106   -0.128673   1
3.33005   0.0605724   -0.188417   0.999999
3.39003   0.0605536   -0.245491   0.999999
3.45003   0.0605712   -0.303582   1
3.50999   0.0605515   -0.360692   0.999999
3.56994   0.0604947   -0.415062   0.999998
3.63002   0.060636   -0.469228   1
3.69594   0.0606341   -0.526254   1
3.75603   0.0605193   -0.576616   0.999999
3.81598   0.0605718   -0.623895   0.999999
3.876   0.060596   -0.670711   1
3.93597   0.0605647   -0.714511   0.999999
3.99598   0.060536   -0.753094   0.999999
4.05596   0.0605902   -0.791589   1
4.11595   0.0605924   -0.827602   1
4.17601   0.0605982   -0.858683   1
4.236   0.0605979   -0.890693   1
4.29603   0.060572   -0.914902   1
4.36201   0.060566   -0.940957   0.999999
4.42201   0.0605782   -0.958307   1
4.48201   0.0605818   -0.974604   1
4.54201   0.0605695   -0.987039   1
4.602   0.0605697   -0.995021   1
4.662   0.0605732   -0.997526   1
4.722   0.060579   -1.00001   1
4.782   0.0605775   -0.997599   1
4.842   0.0605726   -0.991707   1
4.90199   0.0605607   -0.982283   1
4.96199   0.0605696   -0.970031   1
5.02798   0.060588   -0.952279   1
5.08799   0.0605781   -0.930266   1
5.14799   0.0605736   -0.908369   1
5.20802   0.0606009   -0.881084   1
5.26802   0.0605997   -0.84905   1
5.32803   0.0605538   -0.816057   0.999999
5.38802   0.0605661   -0.781174   1
5.44802   0.0605989   -0.741968   1
5.50802   0.0605738   -0.698023   1
5.568   0.0605348   -0.65713   0.999999
5.6281   0.0606581   -0.608879   1
5.69401   0.0605961   -0.554958   1
5.75408   0.0604777   -0.504577   0.999998
5.81399   0.0605516   -0.452892   1
5.87395   0.0605354   -0.398709   0.999999
5.93377   0.0604045   -0.343305   0.999995
5.99393   0.060616   -0.284959   1.00001
