 x  	 F(x)  
0	0.00364823
0.003	0.00651143
0.006	0.00937496
0.009	0.0122383
0.012	0.0151015
0.015	0.0179644
0.018	0.0208272
0.021	0.0236898
0.024	0.0265523
0.027	0.0294145
0.03	0.0322766
0.033	0.0351384
0.036	0.0380001
0.039	0.0408616
0.042	0.0437229
0.045	0.0465841
0.048	0.049445
0.051	0.0523058
0.054	0.0551663
0.057	0.0580267
0.06	0.0614019
0.063	0.0648734
0.066	0.0677491
0.069	0.0706248
0.072	0.0735005
0.075	0.0763763
0.078	0.0792522
0.081	0.082128
0.084	0.085004
0.087	0.0878799
0.09	0.0907559
0.093	0.093632
0.096	0.0965081
0.099	0.0993842
0.102	0.10226
0.105	0.105137
0.108	0.108013
0.111	0.110889
0.114	0.113766
0.117	0.116642
0.12	0.120057
0.123	0.123509
0.126	0.126385
0.129	0.12926
0.132	0.132136
0.135	0.135012
0.138	0.137888
0.141	0.140763
0.144	0.143639
0.147	0.146514
0.15	0.14939
0.153	0.152266
0.156	0.155141
0.159	0.158017
0.162	0.160892
0.165	0.163768
0.168	0.166643
0.171	0.169518
0.174	0.172394
0.177	0.175269
0.18	0.178707
0.183	0.18209
0.186	0.184908
0.189	0.187727
0.192	0.190546
0.195	0.193365
0.198	0.196185
0.201	0.199004
0.204	0.201823
0.207	0.204642
0.21	0.207462
0.213	0.210281
0.216	0.2131
0.219	0.21592
0.222	0.218739
0.225	0.221559
0.228	0.224379
0.231	0.227198
0.234	0.230018
0.237	0.232838
0.24	0.236256
0.243	0.239679
0.246	0.242584
0.249	0.245489
0.252	0.248394
0.255	0.251299
0.258	0.254204
0.261	0.25711
0.264	0.260016
0.267	0.262922
0.27	0.265828
0.273	0.268734
0.276	0.271641
0.279	0.274548
0.282	0.277455
0.285	0.280362
0.288	0.283269
0.291	0.286176
0.294	0.289084
0.297	0.291992
0.3	0.2949
0.303	0.29542
0.306	0.296098
0.309	0.299504
0.312	0.302909
0.315	0.306314
0.318	0.30972
0.321	0.313125
0.324	0.31653
0.327	0.319935
0.33	0.323339
0.333	0.326744
0.336	0.330149
0.339	0.333553
0.342	0.336958
0.345	0.340362
0.348	0.343766
0.351	0.34717
0.354	0.350574
0.357	0.353978
0.36	0.357382
0.363	0.358061
0.366	0.358572
0.369	0.361314
0.372	0.364057
0.375	0.366799
0.378	0.369542
0.381	0.372284
0.384	0.375026
0.387	0.377768
0.39	0.380509
0.393	0.383251
0.396	0.385992
0.399	0.388734
0.402	0.391475
0.405	0.394216
0.408	0.396957
0.411	0.399697
0.414	0.402438
0.417	0.405178
0.42	0.407918
0.423	0.410658
0.426	0.413882
0.429	0.416933
0.432	0.419448
0.435	0.421962
0.438	0.424477
0.441	0.426992
0.444	0.429507
0.447	0.432022
0.45	0.434538
0.453	0.437053
0.456	0.439568
0.459	0.442083
0.462	0.444599
0.465	0.447114
0.468	0.44963
0.471	0.452145
0.474	0.454661
0.477	0.457177
0.48	0.459693
0.483	0.462209
0.486	0.465258
0.489	0.468427
0.492	0.471126
0.495	0.473826
0.498	0.476525
0.501	0.479225
0.504	0.481925
0.507	0.484624
0.51	0.487324
0.513	0.490024
0.516	0.492724
0.519	0.495423
0.522	0.498123
0.525	0.500823
0.528	0.503523
0.531	0.506223
0.534	0.508923
0.537	0.511623
0.54	0.514323
0.543	0.517023
0.546	0.520184
0.549	0.523109
0.552	0.52552
0.555	0.52793
0.558	0.53034
0.561	0.53275
0.564	0.535161
0.567	0.537571
0.57	0.539981
0.573	0.542391
0.576	0.544802
0.579	0.547212
0.582	0.549622
0.585	0.552032
0.588	0.554443
0.591	0.556853
0.594	0.559263
0.597	0.561673
0.6	0.564084
0.603	0.566494
0.606	0.569367
0.609	0.572288
0.612	0.574755
0.615	0.577222
0.618	0.579689
0.621	0.582156
0.624	0.584623
0.627	0.587089
0.63	0.589556
0.633	0.592023
0.636	0.594489
0.639	0.596956
0.642	0.599422
0.645	0.601889
0.648	0.604356
0.651	0.606822
0.654	0.609289
0.657	0.611755
0.66	0.614221
0.663	0.616688
0.666	0.619556
0.669	0.622211
0.672	0.624388
0.675	0.626566
0.678	0.628743
0.681	0.63092
0.684	0.633097
0.687	0.635275
0.69	0.637452
0.693	0.639629
0.696	0.641807
0.699	0.643984
0.702	0.646161
0.705	0.648339
0.708	0.650516
0.711	0.652694
0.714	0.654871
0.717	0.657049
0.72	0.659226
0.723	0.661404
0.726	0.663992
0.729	0.666606
0.732	0.6688
0.735	0.670994
0.738	0.673189
0.741	0.675383
0.744	0.677577
0.747	0.679771
0.75	0.681965
0.753	0.684159
0.756	0.686353
0.759	0.688547
0.762	0.690741
0.765	0.692935
0.768	0.695129
0.771	0.697323
0.774	0.699517
0.777	0.701711
0.78	0.703905
0.783	0.706099
0.786	0.708674
0.789	0.71109
0.792	0.713069
0.795	0.715048
0.798	0.717027
0.801	0.719006
0.804	0.720984
0.807	0.722963
0.81	0.724942
0.813	0.72692
0.816	0.728899
0.819	0.730878
0.822	0.732856
0.825	0.734835
0.828	0.736813
0.831	0.738792
0.834	0.74077
0.837	0.742749
0.84	0.744727
0.843	0.746705
0.846	0.749028
0.849	0.751171
0.852	0.752927
0.855	0.754683
0.858	0.756439
0.861	0.758195
0.864	0.759951
0.867	0.761707
0.87	0.763462
0.873	0.765218
0.876	0.766974
0.879	0.76873
0.882	0.770486
0.885	0.772242
0.888	0.773998
0.891	0.775754
0.894	0.77751
0.897	0.779266
0.9	0.781022
0.903	0.782778
0.906	0.784916
0.909	0.787118
0.912	0.788994
0.915	0.790869
0.918	0.792745
0.921	0.794621
0.924	0.796496
0.927	0.798372
0.93	0.800248
0.933	0.802124
0.936	0.804
0.939	0.805876
0.942	0.807752
0.945	0.809628
0.948	0.811504
0.951	0.81338
0.954	0.815257
0.957	0.817133
0.96	0.819009
0.963	0.820886
0.966	0.822762
0.969	0.823109
0.972	0.823484
0.975	0.825357
0.978	0.827231
0.981	0.829104
0.984	0.830977
0.987	0.832851
0.99	0.834724
0.993	0.836597
0.996	0.83847
0.999	0.840344
1.002	0.842217
1.005	0.84409
1.008	0.845963
1.011	0.847836
1.014	0.849709
1.017	0.851582
1.02	0.853455
1.023	0.855328
1.026	0.857201
1.029	0.857553
1.032	0.857839
1.035	0.8593
1.038	0.860761
1.041	0.862222
1.044	0.863682
1.047	0.865143
1.05	0.866603
1.053	0.868064
1.056	0.869525
1.059	0.870985
1.062	0.872446
1.065	0.873906
1.068	0.875367
1.071	0.876827
1.074	0.878288
1.077	0.879748
1.08	0.881209
1.083	0.882669
1.086	0.88413
1.089	0.88559
1.092	0.887296
1.095	0.888825
1.098	0.890082
1.101	0.891338
1.104	0.892594
1.107	0.89385
1.11	0.895106
1.113	0.896363
1.116	0.897619
1.119	0.898875
1.122	0.900132
1.125	0.901388
1.128	0.902644
1.131	0.903901
1.134	0.905157
1.137	0.906413
1.14	0.90767
1.143	0.908926
1.146	0.910183
1.149	0.911439
1.152	0.912927
1.155	0.914359
1.158	0.915557
1.161	0.916755
1.164	0.917954
1.167	0.919152
1.17	0.92035
1.173	0.921548
1.176	0.922747
1.179	0.923945
1.182	0.925143
1.185	0.926341
1.188	0.927539
1.191	0.928738
1.194	0.929936
1.197	0.931134
1.2	0.932332
1.203	0.93353
1.206	0.934728
1.209	0.935927
1.212	0.937295
1.215	0.938406
1.218	0.939288
1.221	0.940171
1.224	0.941053
1.227	0.941936
1.23	0.942818
1.233	0.943701
1.236	0.944583
1.239	0.945465
1.242	0.946348
1.245	0.94723
1.248	0.948113
1.251	0.948995
1.254	0.949878
1.257	0.95076
1.26	0.951642
1.263	0.952525
1.266	0.953407
1.269	0.95429
1.272	0.955329
1.275	0.956308
1.278	0.957118
1.281	0.957927
1.284	0.958737
1.287	0.959547
1.29	0.960357
1.293	0.961167
1.296	0.961977
1.299	0.962787
1.302	0.963597
1.305	0.964407
1.308	0.965217
1.311	0.966027
1.314	0.966837
1.317	0.967647
1.32	0.968458
1.323	0.969268
1.326	0.970078
1.329	0.970888
1.332	0.97181
1.335	0.972549
1.338	0.973134
1.341	0.973719
1.344	0.974304
1.347	0.974889
1.35	0.975474
1.353	0.976059
1.356	0.976644
1.359	0.977229
1.362	0.977814
1.365	0.978399
1.368	0.978984
1.371	0.979569
1.374	0.980154
1.377	0.980739
1.38	0.981324
1.383	0.981909
1.386	0.982495
1.389	0.98308
1.392	0.983753
1.395	0.984323
1.398	0.98478
1.401	0.985238
1.404	0.985696
1.407	0.986154
1.41	0.986612
1.413	0.98707
1.416	0.987527
1.419	0.987985
1.422	0.988443
1.425	0.988901
1.428	0.989359
1.431	0.989817
1.434	0.990274
1.437	0.990732
1.44	0.99119
1.443	0.991648
1.446	0.992106
1.449	0.992564
1.452	0.993064
1.455	0.993373
1.458	0.993594
1.461	0.993816
1.464	0.994037
1.467	0.994258
1.47	0.99448
1.473	0.994701
1.476	0.994923
1.479	0.995144
1.482	0.995365
1.485	0.995587
1.488	0.995808
1.491	0.996029
1.494	0.996251
1.497	0.996472
1.5	0.996693
1.503	0.996915
1.506	0.997136
1.509	0.997357
1.512	0.997599
1.515	0.997746
1.518	0.997852
1.521	0.997957
1.524	0.998062
1.527	0.998167
1.53	0.998272
1.533	0.998377
1.536	0.998482
1.539	0.998588
1.542	0.998693
1.545	0.998798
1.548	0.998903
1.551	0.999008
1.554	0.999113
1.557	0.999219
1.56	0.999324
1.563	0.999429
1.566	0.999534
1.569	0.999639
1.572	0.999737
1.575	0.999715
1.578	0.999674
1.581	0.999633
1.584	0.999591
1.587	0.99955
1.59	0.999509
1.593	0.999468
1.596	0.999426
1.599	0.999385
1.602	0.999344
1.605	0.999303
1.608	0.999261
1.611	0.99922
1.614	0.999179
1.617	0.999137
1.62	0.999096
1.623	0.999055
1.626	0.999014
1.629	0.998972
1.632	0.998931
1.635	0.998923
1.638	0.998852
1.641	0.99848
1.644	0.998108
1.647	0.997736
1.65	0.997364
1.653	0.996992
1.656	0.99662
1.659	0.996248
1.662	0.995876
1.665	0.995504
1.668	0.995131
1.671	0.994759
1.674	0.994387
1.677	0.994015
1.68	0.993643
1.683	0.993271
1.686	0.992899
1.689	0.992527
1.692	0.992155
1.695	0.992084
1.698	0.991996
1.701	0.991543
1.704	0.991089
1.707	0.990635
1.71	0.990182
1.713	0.989728
1.716	0.989274
1.719	0.98882
1.722	0.988367
1.725	0.987913
1.728	0.987459
1.731	0.987006
1.734	0.986552
1.737	0.986098
1.74	0.985645
1.743	0.985191
1.746	0.984737
1.749	0.984283
1.752	0.98383
1.755	0.983376
1.758	0.982817
1.761	0.982179
1.764	0.981629
1.767	0.981079
1.77	0.980529
1.773	0.979979
1.776	0.979429
1.779	0.978879
1.782	0.978329
1.785	0.977779
1.788	0.977229
1.791	0.976679
1.794	0.976129
1.797	0.975578
1.8	0.975028
1.803	0.974478
1.806	0.973928
1.809	0.973378
1.812	0.972828
1.815	0.972278
1.818	0.971549
1.821	0.970509
1.824	0.969574
1.827	0.96864
1.83	0.967705
1.833	0.966771
1.836	0.965837
1.839	0.964902
1.842	0.963968
1.845	0.963033
1.848	0.962099
1.851	0.961164
1.854	0.96023
1.857	0.959295
1.86	0.958361
1.863	0.957427
1.866	0.956492
1.869	0.955558
1.872	0.954623
1.875	0.953689
1.878	0.952581
1.881	0.95149
1.884	0.95058
1.887	0.949669
1.89	0.948759
1.893	0.947848
1.896	0.946937
1.899	0.946027
1.902	0.945116
1.905	0.944206
1.908	0.943295
1.911	0.942385
1.914	0.941474
1.917	0.940564
1.92	0.939653
1.923	0.938743
1.926	0.937832
1.929	0.936921
1.932	0.936011
1.935	0.9351
1.938	0.933961
1.941	0.932583
1.944	0.93138
1.947	0.930177
1.95	0.928975
1.953	0.927772
1.956	0.926569
1.959	0.925366
1.962	0.924164
1.965	0.922961
1.968	0.921758
1.971	0.920555
1.974	0.919353
1.977	0.91815
1.98	0.916947
1.983	0.915744
1.986	0.914541
1.989	0.913339
1.992	0.912136
1.995	0.910933
1.998	0.909498
2.001	0.908045
2.004	0.906823
2.007	0.905601
2.01	0.904379
2.013	0.903156
2.016	0.901934
2.019	0.900712
2.022	0.899489
2.025	0.898267
2.028	0.897045
2.031	0.895823
2.034	0.894601
2.037	0.893378
2.04	0.892156
2.043	0.890934
2.046	0.889712
2.049	0.888489
2.052	0.887267
2.055	0.886045
2.058	0.884536
2.061	0.882786
2.064	0.881273
2.067	0.879759
2.07	0.878245
2.073	0.876731
2.076	0.875216
2.079	0.873702
2.082	0.872188
2.085	0.870674
2.088	0.86916
2.091	0.867646
2.094	0.866131
2.097	0.864617
2.1	0.863103
2.103	0.861589
2.106	0.860074
2.109	0.85856
2.112	0.857045
2.115	0.855531
2.118	0.85371
2.121	0.851741
2.124	0.850062
2.127	0.848384
2.13	0.846706
2.133	0.845028
2.136	0.84335
2.139	0.841673
2.142	0.839995
2.145	0.838317
2.148	0.836639
2.151	0.834962
2.154	0.833284
2.157	0.831606
2.16	0.829929
2.163	0.828251
2.166	0.826574
2.169	0.824896
2.172	0.823219
2.175	0.821541
2.178	0.819562
2.181	0.817588
2.184	0.815952
2.187	0.814316
2.19	0.812679
2.193	0.811043
2.196	0.809407
2.199	0.80777
2.202	0.806134
2.205	0.804498
2.208	0.802861
2.211	0.801225
2.214	0.799589
2.217	0.797952
2.22	0.796316
2.223	0.79468
2.226	0.793043
2.229	0.791407
2.232	0.789771
2.235	0.788134
2.238	0.786128
2.241	0.78388
2.244	0.781955
2.247	0.780029
2.25	0.778104
2.253	0.776178
2.256	0.774253
2.259	0.772327
2.262	0.770401
2.265	0.768475
2.268	0.766549
2.271	0.764623
2.274	0.762697
2.277	0.760771
2.28	0.758845
2.283	0.756919
2.286	0.754992
2.289	0.753066
2.292	0.751139
2.295	0.749213
2.298	0.747286
2.301	0.746911
2.304	0.746436
2.307	0.743984
2.31	0.741533
2.313	0.739081
2.316	0.73663
2.319	0.734179
2.322	0.731727
2.325	0.729276
2.328	0.726824
2.331	0.724373
2.334	0.721922
2.337	0.71947
2.34	0.717019
2.343	0.714568
2.346	0.712117
2.349	0.709665
2.352	0.707214
2.355	0.704763
2.358	0.702312
2.361	0.701813
2.364	0.701414
2.367	0.699223
2.37	0.697032
2.373	0.694841
2.376	0.69265
2.379	0.690459
2.382	0.688268
2.385	0.686077
2.388	0.683886
2.391	0.681695
2.394	0.679504
2.397	0.677314
2.4	0.675123
2.403	0.672932
2.406	0.670741
2.409	0.668551
2.412	0.66636
2.415	0.664169
2.418	0.661979
2.421	0.659788
2.424	0.657179
2.427	0.654434
2.43	0.652126
2.433	0.649817
2.436	0.647509
2.439	0.6452
2.442	0.642892
2.445	0.640583
2.448	0.638275
2.451	0.635967
2.454	0.633659
2.457	0.63135
2.46	0.629042
2.463	0.626734
2.466	0.624426
2.469	0.622118
2.472	0.61981
2.475	0.617502
2.478	0.615194
2.481	0.612887
2.484	0.610153
2.487	0.607298
2.49	0.604915
2.493	0.602533
2.496	0.600151
2.499	0.597769
2.502	0.595387
2.505	0.593005
2.508	0.590624
2.511	0.588242
2.514	0.58586
2.517	0.583478
2.52	0.581096
2.523	0.578714
2.526	0.576332
2.529	0.57395
2.532	0.571568
2.535	0.569186
2.538	0.566805
2.541	0.564423
2.544	0.5616
2.547	0.558726
2.55	0.556326
2.553	0.553926
2.556	0.551526
2.559	0.549126
2.562	0.546726
2.565	0.544326
2.568	0.541926
2.571	0.539526
2.574	0.537127
2.577	0.534727
2.58	0.532327
2.583	0.529927
2.586	0.527527
2.589	0.525127
2.592	0.522727
2.595	0.520327
2.598	0.517927
2.601	0.515527
2.604	0.512633
2.607	0.509511
2.61	0.506867
2.613	0.504223
2.616	0.50158
2.619	0.498936
2.622	0.496292
2.625	0.493648
2.628	0.491005
2.631	0.488361
2.634	0.485717
2.637	0.483073
2.64	0.480429
2.643	0.477785
2.646	0.475141
2.649	0.472497
2.652	0.469854
2.655	0.46721
2.658	0.464565
2.661	0.461921
2.664	0.458777
2.667	0.455637
2.67	0.453013
2.673	0.450389
2.676	0.447764
2.679	0.44514
2.682	0.442516
2.685	0.439891
2.688	0.437267
2.691	0.434642
2.694	0.432018
2.697	0.429394
2.7	0.426769
2.703	0.424145
2.706	0.421521
2.709	0.418896
2.712	0.416272
2.715	0.413648
2.718	0.411023
2.721	0.408399
2.724	0.405256
2.727	0.40205
2.73	0.399358
2.733	0.396666
2.736	0.393973
2.739	0.391281
2.742	0.388589
2.745	0.385896
2.748	0.383204
2.751	0.380511
2.754	0.377819
2.757	0.375126
2.76	0.372434
2.763	0.369741
2.766	0.367049
2.769	0.364356
2.772	0.361663
2.775	0.358971
2.778	0.356278
2.781	0.353585
2.784	0.350364
2.787	0.347019
2.79	0.344191
2.793	0.341362
2.796	0.338534
2.799	0.335705
2.802	0.332877
2.805	0.330048
2.808	0.32722
2.811	0.324391
2.814	0.321563
2.817	0.318735
2.82	0.315906
2.823	0.313078
2.826	0.31025
2.829	0.307422
2.832	0.304594
2.835	0.301765
2.838	0.298937
2.841	0.296109
2.844	0.29276
2.847	0.289351
2.85	0.286487
2.853	0.283624
2.856	0.280761
2.859	0.277898
2.862	0.275035
2.865	0.272172
2.868	0.269309
2.871	0.266445
2.874	0.263582
2.877	0.260719
2.88	0.257856
2.883	0.254994
2.886	0.252131
2.889	0.249268
2.892	0.246405
2.895	0.243542
2.898	0.240679
2.901	0.237816
2.904	0.234421
2.907	0.231045
2.91	0.228224
2.913	0.225404
2.916	0.222584
2.919	0.219764
2.922	0.216944
2.925	0.214124
2.928	0.211303
2.931	0.208483
2.934	0.205663
2.937	0.202842
2.94	0.200022
2.943	0.197202
2.946	0.194381
2.949	0.191561
2.952	0.18874
2.955	0.18592
2.958	0.183099
2.961	0.180279
2.964	0.177458
2.967	0.176906
2.97	0.176165
2.973	0.172687
2.976	0.169209
2.979	0.165732
2.982	0.162253
2.985	0.158775
2.988	0.155296
2.991	0.151818
2.994	0.148339
2.997	0.144859
3	0.14138
3.003	0.1379
3.006	0.13442
3.009	0.13094
3.012	0.127459
3.015	0.123979
3.018	0.120498
3.021	0.117016
3.024	0.113535
3.027	0.112866
3.03	0.112262
3.033	0.109195
3.036	0.106129
3.039	0.103063
3.042	0.0999968
3.045	0.096931
3.048	0.0938652
3.051	0.0907996
3.054	0.0877342
3.057	0.0846689
3.06	0.0816038
3.063	0.0785388
3.066	0.075474
3.069	0.0724093
3.072	0.0693448
3.075	0.0662804
3.078	0.0632162
3.081	0.0601521
3.084	0.0570882
3.087	0.0540245
3.09	0.0504127
3.093	0.0469427
3.096	0.044063
3.099	0.0411834
3.102	0.0383039
3.105	0.0354244
3.108	0.0325449
3.111	0.0296655
3.114	0.0267862
3.117	0.0239069
3.12	0.0210276
3.123	0.0181484
3.126	0.0152693
3.129	0.0123902
3.132	0.0095112
3.135	0.00663223
3.138	0.00375331
3.141	0.00087444
3.144	-0.00200438
3.147	-0.00488314
3.15	-0.00832838
3.153	-0.0117899
3.156	-0.0147078
3.159	-0.0176257
3.162	-0.0205437
3.165	-0.0234617
3.168	-0.0263798
3.171	-0.0292979
3.174	-0.032216
3.177	-0.0351342
3.18	-0.0380525
3.183	-0.0409707
3.186	-0.043889
3.189	-0.0468074
3.192	-0.0497258
3.195	-0.0526443
3.198	-0.0555628
3.201	-0.0584813
3.204	-0.0613999
3.207	-0.0643185
3.21	-0.0678118
3.213	-0.0713463
3.216	-0.0743326
3.219	-0.077319
3.222	-0.0803054
3.225	-0.0832919
3.228	-0.0862784
3.231	-0.089265
3.234	-0.0922517
3.237	-0.0952384
3.24	-0.0982251
3.243	-0.101212
3.246	-0.104199
3.249	-0.107186
3.252	-0.110173
3.255	-0.11316
3.258	-0.116147
3.261	-0.119134
3.264	-0.122121
3.267	-0.125109
3.27	-0.128623
3.273	-0.132122
3.276	-0.135055
3.279	-0.137987
3.282	-0.140919
3.285	-0.14385
3.288	-0.146782
3.291	-0.149714
3.294	-0.152645
3.297	-0.155576
3.3	-0.158508
3.303	-0.161439
3.306	-0.16437
3.309	-0.1673
3.312	-0.170231
3.315	-0.173162
3.318	-0.176092
3.321	-0.179023
3.324	-0.181953
3.327	-0.184883
3.33	-0.188339
3.333	-0.191725
3.336	-0.194526
3.339	-0.197327
3.342	-0.200128
3.345	-0.202929
3.348	-0.20573
3.351	-0.208531
3.354	-0.211332
3.357	-0.214133
3.36	-0.216934
3.363	-0.219735
3.366	-0.222536
3.369	-0.225337
3.372	-0.228138
3.375	-0.230939
3.378	-0.23374
3.381	-0.236541
3.384	-0.239342
3.387	-0.242143
3.39	-0.245486
3.393	-0.248883
3.396	-0.251733
3.399	-0.254583
3.402	-0.257433
3.405	-0.260283
3.408	-0.263133
3.411	-0.265984
3.414	-0.268834
3.417	-0.271684
3.42	-0.274535
3.423	-0.277385
3.426	-0.280236
3.429	-0.283086
3.432	-0.285937
3.435	-0.288788
3.438	-0.291639
3.441	-0.29449
3.444	-0.297341
3.447	-0.300192
3.45	-0.30356
3.453	-0.306897
3.456	-0.309699
3.459	-0.312501
3.462	-0.315303
3.465	-0.318104
3.468	-0.320906
3.471	-0.323708
3.474	-0.326509
3.477	-0.32931
3.48	-0.332112
3.483	-0.334913
3.486	-0.337714
3.489	-0.340515
3.492	-0.343316
3.495	-0.346117
3.498	-0.348918
3.501	-0.351718
3.504	-0.354519
3.507	-0.35732
3.51	-0.360625
3.513	-0.363841
3.516	-0.366508
3.519	-0.369175
3.522	-0.371843
3.525	-0.37451
3.528	-0.377177
3.531	-0.379844
3.534	-0.382512
3.537	-0.385179
3.54	-0.387846
3.543	-0.390514
3.546	-0.393181
3.549	-0.395849
3.552	-0.398516
3.555	-0.401184
3.558	-0.403851
3.561	-0.406519
3.564	-0.409186
3.567	-0.411854
3.57	-0.415034
3.573	-0.418199
3.576	-0.420858
3.579	-0.423517
3.582	-0.426176
3.585	-0.428836
3.588	-0.431495
3.591	-0.434154
3.594	-0.436814
3.597	-0.439474
3.6	-0.442133
3.603	-0.444793
3.606	-0.447453
3.609	-0.450113
3.612	-0.452774
3.615	-0.455434
3.618	-0.458094
3.621	-0.460755
3.624	-0.463416
3.627	-0.466077
3.63	-0.468737
3.633	-0.469241
3.636	-0.46986
3.639	-0.472956
3.642	-0.476053
3.645	-0.479149
3.648	-0.482245
3.651	-0.485341
3.654	-0.488437
3.657	-0.491533
3.66	-0.494628
3.663	-0.497724
3.666	-0.50082
3.669	-0.503915
3.672	-0.507011
3.675	-0.510106
3.678	-0.513202
3.681	-0.516297
3.684	-0.519392
3.687	-0.522488
3.69	-0.525583
3.693	-0.526211
3.696	-0.526693
3.699	-0.529166
3.702	-0.53164
3.705	-0.534113
3.708	-0.536587
3.711	-0.539061
3.714	-0.541534
3.717	-0.544007
3.72	-0.546481
3.723	-0.548954
3.726	-0.551428
3.729	-0.553901
3.732	-0.556374
3.735	-0.558847
3.738	-0.561321
3.741	-0.563794
3.744	-0.566267
3.747	-0.56874
3.75	-0.571213
3.753	-0.573687
3.756	-0.576603
3.759	-0.579388
3.762	-0.581707
3.765	-0.584026
3.768	-0.586345
3.771	-0.588664
3.774	-0.590984
3.777	-0.593303
3.78	-0.595622
3.783	-0.597941
3.786	-0.60026
3.789	-0.602579
3.792	-0.604898
3.795	-0.607217
3.798	-0.609536
3.801	-0.611855
3.804	-0.614173
3.807	-0.616492
3.81	-0.618811
3.813	-0.62113
3.816	-0.623894
3.819	-0.626628
3.822	-0.628924
3.825	-0.63122
3.828	-0.633516
3.831	-0.635813
3.834	-0.638109
3.837	-0.640405
3.84	-0.642702
3.843	-0.644998
3.846	-0.647294
3.849	-0.649591
3.852	-0.651888
3.855	-0.654184
3.858	-0.656481
3.861	-0.658778
3.864	-0.661075
3.867	-0.663372
3.87	-0.665669
3.873	-0.667966
3.876	-0.670667
3.879	-0.673244
3.882	-0.675392
3.885	-0.67754
3.888	-0.679687
3.891	-0.681835
3.894	-0.683982
3.897	-0.686129
3.9	-0.688277
3.903	-0.690424
3.906	-0.692571
3.909	-0.694718
3.912	-0.696866
3.915	-0.699013
3.918	-0.70116
3.921	-0.703306
3.924	-0.705453
3.927	-0.7076
3.93	-0.709747
3.933	-0.711894
3.936	-0.714405
3.939	-0.716723
3.942	-0.718618
3.945	-0.720513
3.948	-0.722408
3.951	-0.724303
3.954	-0.726198
3.957	-0.728093
3.96	-0.729988
3.963	-0.731883
3.966	-0.733778
3.969	-0.735674
3.972	-0.737569
3.975	-0.739464
3.978	-0.741359
3.981	-0.743254
3.984	-0.745149
3.987	-0.747044
3.99	-0.748939
3.993	-0.750834
3.996	-0.753104
3.999	-0.755356
4.002	-0.757243
4.005	-0.759131
4.008	-0.761018
4.011	-0.762905
4.014	-0.764793
4.017	-0.76668
4.02	-0.768568
4.023	-0.770455
4.026	-0.772343
4.029	-0.77423
4.032	-0.776118
4.035	-0.778006
4.038	-0.779893
4.041	-0.781781
4.044	-0.783669
4.047	-0.785557
4.05	-0.787445
4.053	-0.789333
4.056	-0.79157
4.059	-0.793689
4.062	-0.795454
4.065	-0.79722
4.068	-0.798985
4.071	-0.80075
4.074	-0.802515
4.077	-0.80428
4.08	-0.806045
4.083	-0.80781
4.086	-0.809575
4.089	-0.81134
4.092	-0.813105
4.095	-0.81487
4.098	-0.816635
4.101	-0.8184
4.104	-0.820165
4.107	-0.82193
4.11	-0.823695
4.113	-0.82546
4.116	-0.827519
4.119	-0.829381
4.122	-0.830908
4.125	-0.832436
4.128	-0.833963
4.131	-0.835491
4.134	-0.837018
4.137	-0.838546
4.14	-0.840073
4.143	-0.841601
4.146	-0.843128
4.149	-0.844656
4.152	-0.846184
4.155	-0.847711
4.158	-0.849239
4.161	-0.850766
4.164	-0.852294
4.167	-0.853822
4.17	-0.855349
4.173	-0.856877
4.176	-0.858705
4.179	-0.860556
4.182	-0.862123
4.185	-0.863689
4.188	-0.865256
4.191	-0.866822
4.194	-0.868389
4.197	-0.869956
4.2	-0.871522
4.203	-0.873089
4.206	-0.874655
4.209	-0.876222
4.212	-0.877788
4.215	-0.879355
4.218	-0.880921
4.221	-0.882488
4.224	-0.884055
4.227	-0.885621
4.23	-0.887188
4.233	-0.888754
4.236	-0.890542
4.239	-0.892036
4.242	-0.893227
4.245	-0.894417
4.248	-0.895608
4.251	-0.896799
4.254	-0.89799
4.257	-0.89918
4.26	-0.900371
4.263	-0.901562
4.266	-0.902753
4.269	-0.903943
4.272	-0.905134
4.275	-0.906325
4.278	-0.907516
4.281	-0.908706
4.284	-0.909897
4.287	-0.911088
4.29	-0.912279
4.293	-0.913469
4.296	-0.91466
4.299	-0.914892
4.302	-0.915159
4.305	-0.916574
4.308	-0.917989
4.311	-0.919405
4.314	-0.92082
4.317	-0.922235
4.32	-0.92365
4.323	-0.925065
4.326	-0.92648
4.329	-0.927896
4.332	-0.929311
4.335	-0.930726
4.338	-0.932141
4.341	-0.933556
4.344	-0.934971
4.347	-0.936386
4.35	-0.937801
4.353	-0.939216
4.356	-0.940631
4.359	-0.940913
4.362	-0.941078
4.365	-0.941931
4.368	-0.942784
4.371	-0.943637
4.374	-0.944491
4.377	-0.945344
4.38	-0.946197
4.383	-0.94705
4.386	-0.947904
4.389	-0.948757
4.392	-0.94961
4.395	-0.950464
4.398	-0.951317
4.401	-0.95217
4.404	-0.953024
4.407	-0.953877
4.41	-0.95473
4.413	-0.955584
4.416	-0.956437
4.419	-0.957291
4.422	-0.958296
4.425	-0.959258
4.428	-0.960056
4.431	-0.960854
4.434	-0.961652
4.437	-0.96245
4.44	-0.963248
4.443	-0.964046
4.446	-0.964844
4.449	-0.965642
4.452	-0.966439
4.455	-0.967237
4.458	-0.968035
4.461	-0.968833
4.464	-0.969631
4.467	-0.970429
4.47	-0.971227
4.473	-0.972025
4.476	-0.972823
4.479	-0.973621
4.482	-0.974534
4.485	-0.975298
4.488	-0.975908
4.491	-0.976518
4.494	-0.977128
4.497	-0.977738
4.5	-0.978348
4.503	-0.978958
4.506	-0.979568
4.509	-0.980178
4.512	-0.980787
4.515	-0.981397
4.518	-0.982007
4.521	-0.982617
4.524	-0.983227
4.527	-0.983837
4.53	-0.984447
4.533	-0.985057
4.536	-0.985666
4.539	-0.986276
4.542	-0.986961
4.545	-0.987471
4.548	-0.987862
4.551	-0.988253
4.554	-0.988645
4.557	-0.989036
4.56	-0.989428
4.563	-0.989819
4.566	-0.99021
4.569	-0.990602
4.572	-0.990993
4.575	-0.991385
4.578	-0.991776
4.581	-0.992168
4.584	-0.992559
4.587	-0.99295
4.59	-0.993342
4.593	-0.993733
4.596	-0.994125
4.599	-0.994516
4.602	-0.994932
4.605	-0.995131
4.608	-0.995256
4.611	-0.99538
4.614	-0.995504
4.617	-0.995628
4.62	-0.995753
4.623	-0.995877
4.626	-0.996001
4.629	-0.996125
4.632	-0.996249
4.635	-0.996374
4.638	-0.996498
4.641	-0.996622
4.644	-0.996746
4.647	-0.99687
4.65	-0.996995
4.653	-0.997119
4.656	-0.997243
4.659	-0.997367
4.662	-0.997515
4.665	-0.99766
4.668	-0.997781
4.671	-0.997902
4.674	-0.998023
4.677	-0.998144
4.68	-0.998265
4.683	-0.998386
4.686	-0.998507
4.689	-0.998628
4.692	-0.998749
4.695	-0.99887
4.698	-0.998991
4.701	-0.999112
4.704	-0.999233
4.707	-0.999354
4.71	-0.999475
4.713	-0.999596
4.716	-0.999717
4.719	-0.999838
4.722	-0.999936
4.725	-0.99984
4.728	-0.999722
4.731	-0.999604
4.734	-0.999485
4.737	-0.999367
4.74	-0.999248
4.743	-0.99913
4.746	-0.999011
4.749	-0.998893
4.752	-0.998774
4.755	-0.998656
4.758	-0.998537
4.761	-0.998419
4.764	-0.998301
4.767	-0.998182
4.77	-0.998064
4.773	-0.997945
4.776	-0.997827
4.779	-0.997708
4.782	-0.997535
4.785	-0.997223
4.788	-0.996934
4.791	-0.996645
4.794	-0.996357
4.797	-0.996068
4.8	-0.995779
4.803	-0.99549
4.806	-0.995201
4.809	-0.994913
4.812	-0.994624
4.815	-0.994335
4.818	-0.994046
4.821	-0.993758
4.824	-0.993469
4.827	-0.99318
4.83	-0.992891
4.833	-0.992602
4.836	-0.992314
4.839	-0.992025
4.842	-0.991648
4.845	-0.991131
4.848	-0.990669
4.851	-0.990207
4.854	-0.989746
4.857	-0.989284
4.86	-0.988822
4.863	-0.988361
4.866	-0.987899
4.869	-0.987437
4.872	-0.986976
4.875	-0.986514
4.878	-0.986052
4.881	-0.985591
4.884	-0.985129
4.887	-0.984667
4.89	-0.984206
4.893	-0.983744
4.896	-0.983282
4.899	-0.98282
4.902	-0.982243
4.905	-0.981551
4.908	-0.980948
4.911	-0.980346
4.914	-0.979743
4.917	-0.97914
4.92	-0.978538
4.923	-0.977935
4.926	-0.977333
4.929	-0.97673
4.932	-0.976127
4.935	-0.975525
4.938	-0.974922
4.941	-0.974319
4.944	-0.973717
4.947	-0.973114
4.95	-0.972512
4.953	-0.971909
4.956	-0.971306
4.959	-0.970704
4.962	-0.970101
4.965	-0.969986
4.968	-0.969796
4.971	-0.968831
4.974	-0.967866
4.977	-0.966901
4.98	-0.965936
4.983	-0.964971
4.986	-0.964006
4.989	-0.963041
4.992	-0.962076
4.995	-0.961111
4.998	-0.960146
5.001	-0.959181
5.004	-0.958216
5.007	-0.957251
5.01	-0.956286
5.013	-0.955321
5.016	-0.954356
5.019	-0.953391
5.022	-0.952425
5.025	-0.952243
5.028	-0.952032
5.031	-0.950953
5.034	-0.949874
5.037	-0.948796
5.04	-0.947717
5.043	-0.946638
5.046	-0.945559
5.049	-0.944481
5.052	-0.943402
5.055	-0.942323
5.058	-0.941245
5.061	-0.940166
5.064	-0.939087
5.067	-0.938009
5.07	-0.93693
5.073	-0.935851
5.076	-0.934773
5.079	-0.933694
5.082	-0.932616
5.085	-0.931537
5.088	-0.930249
5.091	-0.928968
5.094	-0.927893
5.097	-0.926817
5.1	-0.925742
5.103	-0.924667
5.106	-0.923591
5.109	-0.922516
5.112	-0.921441
5.115	-0.920365
5.118	-0.91929
5.121	-0.918215
5.124	-0.91714
5.127	-0.916064
5.13	-0.914989
5.133	-0.913914
5.136	-0.912839
5.139	-0.911763
5.142	-0.910688
5.145	-0.909613
5.148	-0.90828
5.151	-0.906738
5.154	-0.905398
5.157	-0.904059
5.16	-0.90272
5.163	-0.901381
5.166	-0.900041
5.169	-0.898702
5.172	-0.897363
5.175	-0.896023
5.178	-0.894684
5.181	-0.893344
5.184	-0.892005
5.187	-0.890666
5.19	-0.889326
5.193	-0.887987
5.196	-0.886647
5.199	-0.885308
5.202	-0.883968
5.205	-0.882628
5.208	-0.880993
5.211	-0.879175
5.214	-0.877605
5.217	-0.876036
5.22	-0.874466
5.223	-0.872896
5.226	-0.871326
5.229	-0.869756
5.232	-0.868186
5.235	-0.866616
5.238	-0.865047
5.241	-0.863477
5.244	-0.861907
5.247	-0.860337
5.25	-0.858767
5.253	-0.857197
5.256	-0.855628
5.259	-0.854058
5.262	-0.852488
5.265	-0.850918
5.268	-0.849047
5.271	-0.847123
5.274	-0.845504
5.277	-0.843885
5.28	-0.842266
5.283	-0.840646
5.286	-0.839027
5.289	-0.837408
5.292	-0.835789
5.295	-0.83417
5.298	-0.832551
5.301	-0.830932
5.304	-0.829313
5.307	-0.827694
5.31	-0.826075
5.313	-0.824456
5.316	-0.822837
5.319	-0.821219
5.322	-0.8196
5.325	-0.817981
5.328	-0.816033
5.331	-0.814001
5.334	-0.812288
5.337	-0.810576
5.34	-0.808864
5.343	-0.807151
5.346	-0.805439
5.349	-0.803727
5.352	-0.802014
5.355	-0.800302
5.358	-0.79859
5.361	-0.796877
5.364	-0.795165
5.367	-0.793453
5.37	-0.79174
5.373	-0.790028
5.376	-0.788316
5.379	-0.786603
5.382	-0.784891
5.385	-0.783179
5.388	-0.781092
5.391	-0.778839
5.394	-0.776917
5.397	-0.774994
5.4	-0.773071
5.403	-0.771148
5.406	-0.769225
5.409	-0.767302
5.412	-0.765378
5.415	-0.763455
5.418	-0.761532
5.421	-0.759608
5.424	-0.757685
5.427	-0.755761
5.43	-0.753838
5.433	-0.751914
5.436	-0.749991
5.439	-0.748067
5.442	-0.746143
5.445	-0.744219
5.448	-0.741891
5.451	-0.739377
5.454	-0.737223
5.457	-0.735069
5.46	-0.732915
5.463	-0.730762
5.466	-0.728608
5.469	-0.726454
5.472	-0.724301
5.475	-0.722147
5.478	-0.719994
5.481	-0.71784
5.484	-0.715687
5.487	-0.713534
5.49	-0.71138
5.493	-0.709227
5.496	-0.707074
5.499	-0.704921
5.502	-0.702768
5.505	-0.700615
5.508	-0.698085
5.511	-0.695653
5.514	-0.693644
5.517	-0.691636
5.52	-0.689628
5.523	-0.68762
5.526	-0.685611
5.529	-0.683603
5.532	-0.681595
5.535	-0.679587
5.538	-0.677579
5.541	-0.67557
5.544	-0.673562
5.547	-0.671554
5.55	-0.669546
5.553	-0.667537
5.556	-0.665529
5.559	-0.663521
5.562	-0.661513
5.565	-0.659504
5.568	-0.657048
5.571	-0.654294
5.574	-0.651927
5.577	-0.64956
5.58	-0.647193
5.583	-0.644825
5.586	-0.642458
5.589	-0.64009
5.592	-0.637722
5.595	-0.635354
5.598	-0.632986
5.601	-0.630618
5.604	-0.62825
5.607	-0.625881
5.61	-0.623513
5.613	-0.621144
5.616	-0.618775
5.619	-0.616406
5.622	-0.614037
5.625	-0.611668
5.628	-0.609299
5.631	-0.608841
5.634	-0.608289
5.637	-0.60536
5.64	-0.602432
5.643	-0.599504
5.646	-0.596577
5.649	-0.593649
5.652	-0.590721
5.655	-0.587794
5.658	-0.584867
5.661	-0.58194
5.664	-0.579013
5.667	-0.576086
5.67	-0.573159
5.673	-0.570232
5.676	-0.567306
5.679	-0.56438
5.682	-0.561453
5.685	-0.558527
5.688	-0.555601
5.691	-0.55498
5.694	-0.554513
5.697	-0.552038
5.7	-0.549562
5.703	-0.547087
5.706	-0.544612
5.709	-0.542137
5.712	-0.539662
5.715	-0.537187
5.718	-0.534712
5.721	-0.532237
5.724	-0.529762
5.727	-0.527287
5.73	-0.524813
5.733	-0.522338
5.736	-0.519863
5.739	-0.517389
5.742	-0.514915
5.745	-0.51244
5.748	-0.509966
5.751	-0.507492
5.754	-0.504524
5.757	-0.501505
5.76	-0.49897
5.763	-0.496436
5.766	-0.493901
5.769	-0.491366
5.772	-0.488832
5.775	-0.486297
5.778	-0.483762
5.781	-0.481227
5.784	-0.478693
5.787	-0.476158
5.79	-0.473623
5.793	-0.471087
5.796	-0.468552
5.799	-0.466017
5.802	-0.463482
5.805	-0.460946
5.808	-0.458411
5.811	-0.455876
5.814	-0.452829
5.817	-0.449702
5.82	-0.447044
5.823	-0.444386
5.826	-0.441727
5.829	-0.439069
5.832	-0.436411
5.835	-0.433753
5.838	-0.431095
5.841	-0.428437
5.844	-0.425779
5.847	-0.423121
5.85	-0.420463
5.853	-0.417805
5.856	-0.415147
5.859	-0.412489
5.862	-0.409831
5.865	-0.407173
5.868	-0.404515
5.871	-0.401858
5.874	-0.398656
5.877	-0.395442
5.88	-0.392729
5.883	-0.390016
5.886	-0.387303
5.889	-0.38459
5.892	-0.381877
5.895	-0.379164
5.898	-0.376451
5.901	-0.373738
5.904	-0.371025
5.907	-0.368312
5.91	-0.365599
5.913	-0.362886
5.916	-0.360173
5.919	-0.35746
5.922	-0.354747
5.925	-0.352034
5.928	-0.349321
5.931	-0.346608
5.934	-0.343312
5.937	-0.339953
5.94	-0.3371
5.943	-0.334248
5.946	-0.331395
5.949	-0.328542
5.952	-0.325689
5.955	-0.322836
5.958	-0.319983
5.961	-0.31713
5.964	-0.314276
5.967	-0.311423
5.97	-0.308569
5.973	-0.305716
5.976	-0.302862
5.979	-0.300008
5.982	-0.297154
5.985	-0.2943
5.988	-0.291446
5.991	-0.288592
5.994	-0.285738
5.997	-0.285226
