 Location  Dispersion    Centroids   Volume
3.39307e-05   0.0605939   0.00316053   1
0.06005   0.0605523   0.0614778   0.999999
0.120027   0.0605618   0.120093   1
0.179995   0.0605557   0.178709   0.999999
0.239968   0.0605671   0.236181   0.999999
0.29999   0.0606101   0.295426   1
0.365995   0.0605932   0.358055   1
0.426   0.0605577   0.413934   0.999999
0.485998   0.0605741   0.465196   1
0.545986   0.0605799   0.520238   1
0.606004   0.0605785   0.569358   1
0.666008   0.0605705   0.61963   1
0.726024   0.0605764   0.664   1
0.786014   0.0605748   0.708729   1
0.84599   0.0605659   0.749071   0.999999
0.905983   0.0605715   0.784867   1
0.965975   0.060588   0.823115   1
1.03198   0.060581   0.857554   1
1.09198   0.0605729   0.887327   1
1.15199   0.0605804   0.912932   1
1.212   0.0605756   0.937353   1
1.272   0.0605732   0.955343   1
1.332   0.0605794   0.971851   1
1.392   0.0605734   0.983776   1
1.452   0.0605749   0.99311   1
1.512   0.0605755   0.997624   1
1.572   0.0605761   0.999767   1
1.632   0.0605765   0.998923   1
1.698   0.0605757   0.992085   1
1.758   0.0605738   0.982835   1
1.818   0.0605774   0.97162   1
1.878   0.0605775   0.952576   1
1.938   0.0605732   0.934015   1
1.998   0.0605747   0.9095   1
2.058   0.0605728   0.884587   1
2.11802   0.0605864   0.853728   1
2.17802   0.0605699   0.819533   1
2.23802   0.0605685   0.786176   0.999999
2.29802   0.0605939   0.746908   1
2.36401   0.0605903   0.70182   1
2.42404   0.0605816   0.657164   1
2.48403   0.0605701   0.61011   1
2.54403   0.0605665   0.56157   1
2.60402   0.0605676   0.512651   1
2.66401   0.0605733   0.458763   1
2.724   0.0605733   0.405262   1
2.784   0.0605791   0.350377   1
2.84401   0.0605718   0.292737   1
2.90402   0.0605661   0.234399   1
2.96401   0.0605714   0.1769   0.999998
3.02997   0.0606105   0.112866   1
3.08999   0.0605786   0.0503714   1
3.15   0.0605668   -0.0083064   1
3.20999   0.0605763   -0.0677863   1
3.27001   0.060589   -0.128662   1
3.33002   0.0605621   -0.188395   0.999999
3.39   0.0605626   -0.245491   0.999999
3.45001   0.0605792   -0.303578   1
3.51001   0.0605609   -0.360667   0.999999
3.57   0.0605674   -0.415029   1
3.63002   0.0605946   -0.469245   1
3.69598   0.0605829   -0.526208   0.999999
3.75599   0.0605759   -0.576626   1
3.81599   0.0605668   -0.623888   0.999999
3.876   0.0605871   -0.670694   1
3.93601   0.0605697   -0.714461   0.999999
3.99599   0.0605696   -0.753096   0.999999
4.05599   0.0605827   -0.791578   1
4.11598   0.0605766   -0.827559   1
4.176   0.0605798   -0.858691   1
4.236   0.0605807   -0.89062   1
4.29602   0.0605772   -0.914889   1
4.36201   0.0605709   -0.94091   0.999999
4.422   0.0605795   -0.958308   1
4.48201   0.0605766   -0.974569   1
4.54201   0.0605747   -0.987   1
4.602   0.0605738   -0.994981   1
4.662   0.0605748   -0.997518   1
4.722   0.0605767   -0.999986   1
4.782   0.0605756   -0.997569   1
4.842   0.0605757   -0.991682   1
4.902   0.0605744   -0.98227   1
4.96199   0.0605733   -0.96998   1
5.02799   0.0605807   -0.952239   1
5.08799   0.0605758   -0.930252   1
5.14798   0.0605702   -0.908333   1
5.208   0.0605811   -0.881039   1
5.26801   0.0605795   -0.849047   1
5.32801   0.0605671   -0.816044   0.999999
5.38799   0.0605685   -0.781136   0.999999
5.448   0.0605889   -0.741935   1
5.50801   0.0605699   -0.698041   1
5.56801   0.0605709   -0.657109   1
5.62804   0.0606042   -0.60884   1
5.69401   0.0605774   -0.554988   0.999999
5.75399   0.0605591   -0.504532   0.999999
5.81399   0.0605747   -0.45287   1
5.87399   0.060568   -0.398698   0.999999
5.93397   0.0605697   -0.343385   0.999999
5.99398   0.0605905   -0.285224   1
