  x   	 	   y   	 	  f(x,y)   
0	0	0.104867
0.006414	0.006414	0.106799
0.012828	0.012828	0.108791
0.019242	0.019242	0.110845
0.025656	0.025656	0.11296
0.03207	0.03207	0.115138
0.038484	0.038484	0.117377
0.044898	0.044898	0.11968
0.051312	0.051312	0.122045
0.057726	0.057726	0.124474
0.06414	0.06414	0.126966
0.070554	0.070554	0.129522
0.076968	0.076968	0.132142
0.083382	0.083382	0.134826
0.089796	0.089796	0.137574
0.09621	0.09621	0.140386
0.102624	0.102624	0.143262
0.109038	0.109038	0.146203
0.115452	0.115452	0.149208
0.121866	0.121866	0.152277
0.12828	0.12828	0.15541
0.134694	0.134694	0.158607
0.141108	0.141108	0.161866
0.147522	0.147522	0.165189
0.153936	0.153936	0.168575
0.16035	0.16035	0.172023
0.166764	0.166764	0.175532
0.173178	0.173178	0.179103
0.179592	0.179592	0.182734
0.186006	0.186006	0.186424
0.19242	0.19242	0.190174
0.198834	0.198834	0.193982
0.205248	0.205248	0.197847
0.211662	0.211662	0.201768
0.218076	0.218076	0.205745
0.22449	0.22449	0.209775
0.230904	0.230904	0.213858
0.237318	0.237318	0.217992
0.243732	0.243732	0.222176
0.250146	0.250146	0.226409
0.25656	0.25656	0.230689
0.262974	0.262974	0.235014
0.269388	0.269388	0.239382
0.275802	0.275802	0.243792
0.282216	0.282216	0.248242
0.28863	0.28863	0.25273
0.295044	0.295044	0.257253
0.301458	0.301458	0.261811
0.307872	0.307872	0.266399
0.314286	0.314286	0.271016
0.3207	0.3207	0.27566
0.327114	0.327114	0.280328
0.333528	0.333528	0.285018
0.339942	0.339942	0.289727
0.346356	0.346356	0.294452
0.35277	0.35277	0.29919
0.359184	0.359184	0.303939
0.365598	0.365598	0.308696
0.372012	0.372012	0.313458
0.378426	0.378426	0.318222
0.38484	0.38484	0.322984
0.391254	0.391254	0.327742
0.397668	0.397668	0.332493
0.404082	0.404082	0.337234
0.410496	0.410496	0.341961
0.41691	0.41691	0.346671
0.423324	0.423324	0.35136
0.429738	0.429738	0.356027
0.436152	0.436152	0.360667
0.442566	0.442566	0.365277
0.44898	0.44898	0.369854
0.455394	0.455394	0.374395
0.461808	0.461808	0.378896
0.468222	0.468222	0.383355
0.474636	0.474636	0.387768
0.48105	0.48105	0.392133
0.487464	0.487464	0.396445
0.493878	0.493878	0.400703
0.500292	0.500292	0.404903
0.506706	0.506706	0.409042
0.51312	0.51312	0.413117
0.519534	0.519534	0.417126
0.525948	0.525948	0.421067
0.532362	0.532362	0.424935
0.538776	0.538776	0.42873
0.54519	0.54519	0.432449
0.551604	0.551604	0.436088
0.558018	0.558018	0.439647
0.564432	0.564432	0.443122
0.570846	0.570846	0.446513
0.57726	0.57726	0.449816
0.583674	0.583674	0.453031
0.590088	0.590088	0.456155
0.596502	0.596502	0.459187
0.602916	0.602916	0.462126
0.60933	0.60933	0.46497
0.615744	0.615744	0.467718
0.622158	0.622158	0.470368
0.628572	0.628572	0.472921
0.634986	0.634986	0.475374
0.6414	0.6414	0.477727
0.647814	0.647814	0.47998
0.654228	0.654228	0.482132
0.660642	0.660642	0.484182
0.667056	0.667056	0.486131
0.67347	0.67347	0.487977
0.679884	0.679884	0.48972
0.686298	0.686298	0.491362
0.692712	0.692712	0.492901
0.699126	0.699126	0.494337
0.70554	0.70554	0.495672
0.711954	0.711954	0.496904
0.718368	0.718368	0.498035
0.724782	0.724782	0.499066
0.731196	0.731196	0.499995
0.73761	0.73761	0.500824
0.744024	0.744024	0.501554
0.750438	0.750438	0.502185
0.756852	0.756852	0.502717
0.763266	0.763266	0.503153
0.76968	0.76968	0.503491
0.776094	0.776094	0.503734
0.782508	0.782508	0.503881
0.788922	0.788922	0.503935
0.795336	0.795336	0.503895
0.80175	0.80175	0.503762
0.808164	0.808164	0.503538
0.814578	0.814578	0.503224
0.820992	0.820992	0.502819
0.827406	0.827406	0.502326
0.83382	0.83382	0.501745
0.840234	0.840234	0.501077
0.846648	0.846648	0.500323
0.853062	0.853062	0.499484
0.859476	0.859476	0.49856
0.86589	0.86589	0.497554
0.872304	0.872304	0.496464
0.878718	0.878718	0.495293
0.885132	0.885132	0.494041
0.891546	0.891546	0.492709
0.89796	0.89796	0.491297
0.904374	0.904374	0.489806
0.910788	0.910788	0.488238
0.917202	0.917202	0.486592
0.923616	0.923616	0.48487
0.93003	0.93003	0.483072
0.936444	0.936444	0.481198
0.942858	0.942858	0.479249
0.949272	0.949272	0.477225
0.955686	0.955686	0.475128
0.9621	0.9621	0.472957
0.968514	0.968514	0.470713
0.974928	0.974928	0.468396
0.981342	0.981342	0.466007
0.987756	0.987756	0.463545
0.99417	0.99417	0.461012
1.00058	1.00058	0.458407
1.007	1.007	0.455731
1.01341	1.01341	0.452984
1.01983	1.01983	0.450166
1.02624	1.02624	0.447277
1.03265	1.03265	0.444317
1.03907	1.03907	0.441287
1.04548	1.04548	0.438186
1.0519	1.0519	0.435014
1.05831	1.05831	0.431773
1.06472	1.06472	0.428461
1.07114	1.07114	0.425079
1.07755	1.07755	0.421626
1.08397	1.08397	0.418103
1.09038	1.09038	0.41451
1.09679	1.09679	0.410847
1.10321	1.10321	0.407114
1.10962	1.10962	0.40331
1.11604	1.11604	0.399436
1.12245	1.12245	0.395492
1.12886	1.12886	0.391478
1.13528	1.13528	0.387394
1.14169	1.14169	0.38324
1.14811	1.14811	0.379015
1.15452	1.15452	0.374722
1.16093	1.16093	0.370358
1.16735	1.16735	0.365925
1.17376	1.17376	0.361422
1.18018	1.18018	0.356851
1.18659	1.18659	0.352211
1.193	1.193	0.347502
1.19942	1.19942	0.342724
1.20583	1.20583	0.337879
1.21225	1.21225	0.332966
1.21866	1.21866	0.327987
1.22507	1.22507	0.32294
1.23149	1.23149	0.317828
1.2379	1.2379	0.31265
1.24432	1.24432	0.307408
1.25073	1.25073	0.302101
1.25714	1.25714	0.296731
1.26356	1.26356	0.291299
1.26997	1.26997	0.285804
1.27639	1.27639	0.280249
1.2828	1.2828	0.274634
1.28921	1.28921	0.26896
1.29563	1.29563	0.263229
1.30204	1.30204	0.257441
1.30846	1.30846	0.251597
1.31487	1.31487	0.245699
1.32128	1.32128	0.239748
1.3277	1.3277	0.233746
1.33411	1.33411	0.227694
1.34053	1.34053	0.221592
1.34694	1.34694	0.215444
1.35335	1.35335	0.20925
1.35977	1.35977	0.203012
1.36618	1.36618	0.196732
1.3726	1.3726	0.190411
1.37901	1.37901	0.184052
1.38542	1.38542	0.177655
1.39184	1.39184	0.171223
1.39825	1.39825	0.164757
1.40467	1.40467	0.15826
1.41108	1.41108	0.151734
1.41749	1.41749	0.145179
1.42391	1.42391	0.138599
1.43032	1.43032	0.131996
1.43674	1.43674	0.12537
1.44315	1.44315	0.118725
1.44956	1.44956	0.112062
1.45598	1.45598	0.105384
1.46239	1.46239	0.0986923
1.46881	1.46881	0.0919889
1.47522	1.47522	0.0852762
1.48163	1.48163	0.078556
1.48805	1.48805	0.0718305
1.49446	1.49446	0.0651016
1.50088	1.50088	0.0583714
1.50729	1.50729	0.0516418
1.5137	1.5137	0.0449148
1.52012	1.52012	0.0381924
1.52653	1.52653	0.0314765
1.53295	1.53295	0.024769
1.53936	1.53936	0.0180716
1.54577	1.54577	0.0113864
1.55219	1.55219	0.00471494
1.5586	1.5586	-0.00194091
1.56502	1.56502	-0.00857946
1.57143	1.57143	-0.015199
1.57784	1.57784	-0.0217981
1.58426	1.58426	-0.0283749
1.59067	1.59067	-0.0349281
1.59709	1.59709	-0.041456
1.6035	1.6035	-0.0479574
1.60991	1.60991	-0.0544308
1.61633	1.61633	-0.0608749
1.62274	1.62274	-0.0672884
1.62916	1.62916	-0.0736701
1.63557	1.63557	-0.0800188
1.64198	1.64198	-0.0863334
1.6484	1.6484	-0.0926128
1.65481	1.65481	-0.098856
1.66123	1.66123	-0.105062
1.66764	1.66764	-0.11123
1.67405	1.67405	-0.117359
1.68047	1.68047	-0.123448
1.68688	1.68688	-0.129497
1.6933	1.6933	-0.135505
1.69971	1.69971	-0.14147
1.70612	1.70612	-0.147393
1.71254	1.71254	-0.153274
1.71895	1.71895	-0.15911
1.72537	1.72537	-0.164902
1.73178	1.73178	-0.17065
1.73819	1.73819	-0.176353
1.74461	1.74461	-0.182011
1.75102	1.75102	-0.187623
1.75744	1.75744	-0.193189
1.76385	1.76385	-0.198709
1.77026	1.77026	-0.204182
1.77668	1.77668	-0.209609
1.78309	1.78309	-0.214989
1.78951	1.78951	-0.220322
1.79592	1.79592	-0.225608
1.80233	1.80233	-0.230847
1.80875	1.80875	-0.236039
1.81516	1.81516	-0.241184
1.82158	1.82158	-0.246281
1.82799	1.82799	-0.251331
1.8344	1.8344	-0.256333
1.84082	1.84082	-0.261289
1.84723	1.84723	-0.266197
1.85365	1.85365	-0.271058
1.86006	1.86006	-0.275871
1.86647	1.86647	-0.280638
1.87289	1.87289	-0.285357
1.8793	1.8793	-0.290029
1.88572	1.88572	-0.294655
1.89213	1.89213	-0.299233
1.89854	1.89854	-0.303764
1.90496	1.90496	-0.308249
1.91137	1.91137	-0.312686
1.91779	1.91779	-0.317077
1.9242	1.9242	-0.321421
1.93061	1.93061	-0.325719
1.93703	1.93703	-0.329969
1.94344	1.94344	-0.334173
1.94986	1.94986	-0.338331
1.95627	1.95627	-0.342441
1.96268	1.96268	-0.346504
1.9691	1.9691	-0.350521
1.97551	1.97551	-0.354491
1.98193	1.98193	-0.358414
1.98834	1.98834	-0.362289
1.99475	1.99475	-0.366118
2.00117	2.00117	-0.369899
2.00758	2.00758	-0.373632
2.014	2.014	-0.377318
2.02041	2.02041	-0.380955
2.02682	2.02682	-0.384545
2.03324	2.03324	-0.388086
2.03965	2.03965	-0.391578
2.04607	2.04607	-0.395022
2.05248	2.05248	-0.398416
2.05889	2.05889	-0.40176
2.06531	2.06531	-0.405054
2.07172	2.07172	-0.408298
2.07814	2.07814	-0.411492
2.08455	2.08455	-0.414634
2.09096	2.09096	-0.417724
2.09738	2.09738	-0.420762
2.10379	2.10379	-0.423747
2.11021	2.11021	-0.42668
2.11662	2.11662	-0.429558
2.12303	2.12303	-0.432382
2.12945	2.12945	-0.435151
2.13586	2.13586	-0.437865
2.14228	2.14228	-0.440523
2.14869	2.14869	-0.443123
2.1551	2.1551	-0.445666
2.16152	2.16152	-0.448152
2.16793	2.16793	-0.450578
2.17435	2.17435	-0.452944
2.18076	2.18076	-0.45525
2.18717	2.18717	-0.457495
2.19359	2.19359	-0.459678
2.2	2.2	-0.461799
2.20642	2.20642	-0.463855
2.21283	2.21283	-0.465848
2.21924	2.21924	-0.467775
2.22566	2.22566	-0.469637
2.23207	2.23207	-0.471431
2.23849	2.23849	-0.473158
2.2449	2.2449	-0.474817
2.25131	2.25131	-0.476406
2.25773	2.25773	-0.477925
2.26414	2.26414	-0.479373
2.27056	2.27056	-0.480749
2.27697	2.27697	-0.482052
2.28338	2.28338	-0.483281
2.2898	2.2898	-0.484436
2.29621	2.29621	-0.485516
2.30263	2.30263	-0.486519
2.30904	2.30904	-0.487446
2.31545	2.31545	-0.488295
2.32187	2.32187	-0.489065
2.32828	2.32828	-0.489756
2.3347	2.3347	-0.490366
2.34111	2.34111	-0.490896
2.34752	2.34752	-0.491344
2.35394	2.35394	-0.49171
2.36035	2.36035	-0.491993
2.36677	2.36677	-0.492192
2.37318	2.37318	-0.492307
2.37959	2.37959	-0.492337
2.38601	2.38601	-0.492282
2.39242	2.39242	-0.49214
2.39884	2.39884	-0.491912
2.40525	2.40525	-0.491596
2.41166	2.41166	-0.491194
2.41808	2.41808	-0.490703
2.42449	2.42449	-0.490124
2.43091	2.43091	-0.489456
2.43732	2.43732	-0.488699
2.44373	2.44373	-0.487853
2.45015	2.45015	-0.486917
2.45656	2.45656	-0.485891
2.46298	2.46298	-0.484776
2.46939	2.46939	-0.48357
2.4758	2.4758	-0.482275
2.48222	2.48222	-0.480889
2.48863	2.48863	-0.479413
2.49505	2.49505	-0.477847
2.50146	2.50146	-0.476191
2.50787	2.50787	-0.474445
2.51429	2.51429	-0.472609
2.5207	2.5207	-0.470684
2.52712	2.52712	-0.468669
2.53353	2.53353	-0.466566
2.53994	2.53994	-0.464374
2.54636	2.54636	-0.462095
2.55277	2.55277	-0.459727
2.55919	2.55919	-0.457272
2.5656	2.5656	-0.454731
2.57201	2.57201	-0.452103
2.57843	2.57843	-0.44939
2.58484	2.58484	-0.446592
2.59126	2.59126	-0.443709
2.59767	2.59767	-0.440744
2.60408	2.60408	-0.437695
2.6105	2.6105	-0.434565
2.61691	2.61691	-0.431354
2.62333	2.62333	-0.428063
2.62974	2.62974	-0.424692
2.63615	2.63615	-0.421243
2.64257	2.64257	-0.417717
2.64898	2.64898	-0.414114
2.6554	2.6554	-0.410437
2.66181	2.66181	-0.406685
2.66822	2.66822	-0.40286
2.67464	2.67464	-0.398963
2.68105	2.68105	-0.394996
2.68747	2.68747	-0.390959
2.69388	2.69388	-0.386853
2.70029	2.70029	-0.382681
2.70671	2.70671	-0.378443
2.71312	2.71312	-0.37414
2.71954	2.71954	-0.369773
2.72595	2.72595	-0.365345
2.73236	2.73236	-0.360857
2.73878	2.73878	-0.356308
2.74519	2.74519	-0.351702
2.75161	2.75161	-0.34704
2.75802	2.75802	-0.342322
2.76443	2.76443	-0.33755
2.77085	2.77085	-0.332726
2.77726	2.77726	-0.327851
2.78368	2.78368	-0.322927
2.79009	2.79009	-0.317954
2.7965	2.7965	-0.312934
2.80292	2.80292	-0.307869
2.80933	2.80933	-0.30276
2.81575	2.81575	-0.297609
2.82216	2.82216	-0.292416
2.82857	2.82857	-0.287184
2.83499	2.83499	-0.281913
2.8414	2.8414	-0.276605
2.84782	2.84782	-0.271262
2.85423	2.85423	-0.265884
2.86064	2.86064	-0.260474
2.86706	2.86706	-0.255032
2.87347	2.87347	-0.249559
2.87989	2.87989	-0.244058
2.8863	2.8863	-0.238529
2.89271	2.89271	-0.232973
2.89913	2.89913	-0.227393
2.90554	2.90554	-0.221788
2.91196	2.91196	-0.21616
2.91837	2.91837	-0.210512
2.92478	2.92478	-0.204842
2.9312	2.9312	-0.199153
2.93761	2.93761	-0.193446
2.94403	2.94403	-0.187722
2.95044	2.95044	-0.181982
2.95685	2.95685	-0.176227
2.96327	2.96327	-0.170457
2.96968	2.96968	-0.164675
2.9761	2.9761	-0.15888
2.98251	2.98251	-0.153074
2.98892	2.98892	-0.147257
2.99534	2.99534	-0.14143
3.00175	3.00175	-0.135595
3.00817	3.00817	-0.129751
3.01458	3.01458	-0.1239
3.02099	3.02099	-0.118042
3.02741	3.02741	-0.112177
3.03382	3.03382	-0.106307
3.04024	3.04024	-0.100433
3.04665	3.04665	-0.0945533
3.05306	3.05306	-0.08867
3.05948	3.05948	-0.0827832
3.06589	3.06589	-0.0768933
3.07231	3.07231	-0.0710006
3.07872	3.07872	-0.0651057
3.08513	3.08513	-0.0592087
3.09155	3.09155	-0.05331
3.09796	3.09796	-0.0474099
3.10438	3.10438	-0.0415086
3.11079	3.11079	-0.0356062
3.1172	3.1172	-0.0297031
3.12362	3.12362	-0.0237992
3.13003	3.13003	-0.0178948
3.13645	3.13645	-0.01199
3.14286	3.14286	-0.00608481
3.14927	3.14927	-0.000179302
3.15569	3.15569	0.00572648
3.1621	3.1621	0.0116325
3.16852	3.16852	0.0175388
3.17493	3.17493	0.0234453
3.18134	3.18134	0.0293521
3.18776	3.18776	0.0352592
3.19417	3.19417	0.0411666
3.20059	3.20059	0.0470744
3.207	3.207	0.0529827
3.21341	3.21341	0.0588914
3.21983	3.21983	0.0648006
3.22624	3.22624	0.0707104
3.23266	3.23266	0.0766207
3.23907	3.23907	0.0825316
3.24548	3.24548	0.0884432
3.2519	3.2519	0.0943553
3.25831	3.25831	0.100268
3.26473	3.26473	0.106181
3.27114	3.27114	0.112095
3.27755	3.27755	0.118009
3.28397	3.28397	0.123923
3.29038	3.29038	0.129838
3.2968	3.2968	0.135752
3.30321	3.30321	0.141666
3.30962	3.30962	0.147579
3.31604	3.31604	0.153491
3.32245	3.32245	0.159402
3.32887	3.32887	0.165311
3.33528	3.33528	0.171218
3.34169	3.34169	0.177122
3.34811	3.34811	0.183023
3.35452	3.35452	0.188919
3.36094	3.36094	0.194811
3.36735	3.36735	0.200698
3.37376	3.37376	0.206578
3.38018	3.38018	0.212451
3.38659	3.38659	0.218316
3.39301	3.39301	0.224171
3.39942	3.39942	0.230016
3.40583	3.40583	0.23585
3.41225	3.41225	0.241671
3.41866	3.41866	0.247477
3.42508	3.42508	0.253268
3.43149	3.43149	0.259041
3.4379	3.4379	0.264796
3.44432	3.44432	0.270531
3.45073	3.45073	0.276244
3.45715	3.45715	0.281932
3.46356	3.46356	0.287595
3.46997	3.46997	0.293231
3.47639	3.47639	0.298836
3.4828	3.4828	0.30441
3.48922	3.48922	0.309951
3.49563	3.49563	0.315455
3.50204	3.50204	0.320921
3.50846	3.50846	0.326346
3.51487	3.51487	0.331729
3.52129	3.52129	0.337067
3.5277	3.5277	0.342357
3.53411	3.53411	0.347597
3.54053	3.54053	0.352784
3.54694	3.54694	0.357917
3.55336	3.55336	0.362993
3.55977	3.55977	0.368008
3.56618	3.56618	0.372962
3.5726	3.5726	0.37785
3.57901	3.57901	0.382672
3.58543	3.58543	0.387424
3.59184	3.59184	0.392103
3.59825	3.59825	0.396709
3.60467	3.60467	0.401238
3.61108	3.61108	0.405688
3.6175	3.6175	0.410057
3.62391	3.62391	0.414343
3.63032	3.63032	0.418543
3.63674	3.63674	0.422657
3.64315	3.64315	0.426681
3.64957	3.64957	0.430614
3.65598	3.65598	0.434455
3.66239	3.66239	0.438201
3.66881	3.66881	0.441852
3.67522	3.67522	0.445405
3.68164	3.68164	0.44886
3.68805	3.68805	0.452215
3.69446	3.69446	0.45547
3.70088	3.70088	0.458623
3.70729	3.70729	0.461674
3.71371	3.71371	0.464622
3.72012	3.72012	0.467466
3.72653	3.72653	0.470206
3.73295	3.73295	0.472842
3.73936	3.73936	0.475373
3.74578	3.74578	0.477799
3.75219	3.75219	0.48012
3.7586	3.7586	0.482337
3.76502	3.76502	0.48445
3.77143	3.77143	0.486458
3.77785	3.77785	0.488364
3.78426	3.78426	0.490166
3.79067	3.79067	0.491865
3.79709	3.79709	0.493464
3.8035	3.8035	0.494961
3.80992	3.80992	0.496358
3.81633	3.81633	0.497657
3.82274	3.82274	0.498857
3.82916	3.82916	0.49996
3.83557	3.83557	0.500968
3.84199	3.84199	0.501881
3.8484	3.8484	0.5027
3.85481	3.85481	0.503427
3.86123	3.86123	0.504062
3.86764	3.86764	0.504608
3.87406	3.87406	0.505065
3.88047	3.88047	0.505434
3.88688	3.88688	0.505718
3.8933	3.8933	0.505916
3.89971	3.89971	0.506031
3.90613	3.90613	0.506062
3.91254	3.91254	0.506013
3.91895	3.91895	0.505883
3.92537	3.92537	0.505674
3.93178	3.93178	0.505387
3.9382	3.9382	0.505023
3.94461	3.94461	0.504582
3.95102	3.95102	0.504066
3.95744	3.95744	0.503476
3.96385	3.96385	0.502811
3.97027	3.97027	0.502074
3.97668	3.97668	0.501265
3.98309	3.98309	0.500384
3.98951	3.98951	0.499432
3.99592	3.99592	0.498409
4.00234	4.00234	0.497316
4.00875	4.00875	0.496153
4.01516	4.01516	0.49492
4.02158	4.02158	0.493618
4.02799	4.02799	0.492247
4.03441	4.03441	0.490807
4.04082	4.04082	0.489297
4.04723	4.04723	0.487719
4.05365	4.05365	0.486071
4.06006	4.06006	0.484354
4.06648	4.06648	0.482567
4.07289	4.07289	0.480711
4.0793	4.0793	0.478784
4.08572	4.08572	0.476788
4.09213	4.09213	0.47472
4.09855	4.09855	0.472582
4.10496	4.10496	0.470372
4.11137	4.11137	0.468091
4.11779	4.11779	0.465737
4.1242	4.1242	0.46331
4.13062	4.13062	0.46081
4.13703	4.13703	0.458237
4.14344	4.14344	0.455589
4.14986	4.14986	0.452866
4.15627	4.15627	0.450069
4.16269	4.16269	0.447196
4.1691	4.1691	0.444247
4.17551	4.17551	0.441222
4.18193	4.18193	0.43812
4.18834	4.18834	0.434941
4.19476	4.19476	0.431684
4.20117	4.20117	0.42835
4.20758	4.20758	0.424939
4.214	4.214	0.421449
4.22041	4.22041	0.417881
4.22683	4.22683	0.414235
4.23324	4.23324	0.410511
4.23965	4.23965	0.406709
4.24607	4.24607	0.402829
4.25248	4.25248	0.398872
4.2589	4.2589	0.394837
4.26531	4.26531	0.390726
4.27172	4.27172	0.386538
4.27814	4.27814	0.382274
4.28455	4.28455	0.377934
4.29097	4.29097	0.37352
4.29738	4.29738	0.369033
4.30379	4.30379	0.364472
4.31021	4.31021	0.359839
4.31662	4.31662	0.355135
4.32304	4.32304	0.350361
4.32945	4.32945	0.345518
4.33586	4.33586	0.340608
4.34228	4.34228	0.335632
4.34869	4.34869	0.330591
4.35511	4.35511	0.325486
4.36152	4.36152	0.32032
4.36793	4.36793	0.315093
4.37435	4.37435	0.309807
4.38076	4.38076	0.304465
4.38718	4.38718	0.299068
4.39359	4.39359	0.293617
4.4	4.4	0.288114
4.40642	4.40642	0.282562
4.41283	4.41283	0.276962
4.41925	4.41925	0.271316
4.42566	4.42566	0.265626
4.43207	4.43207	0.259895
4.43849	4.43849	0.254123
4.4449	4.4449	0.248314
4.45132	4.45132	0.242468
4.45773	4.45773	0.236589
4.46414	4.46414	0.230678
4.47056	4.47056	0.224736
4.47697	4.47697	0.218767
4.48339	4.48339	0.212772
4.4898	4.4898	0.206753
4.49621	4.49621	0.200712
4.50263	4.50263	0.19465
4.50904	4.50904	0.18857
4.51546	4.51546	0.182474
4.52187	4.52187	0.176362
4.52828	4.52828	0.170238
4.5347	4.5347	0.164102
4.54111	4.54111	0.157956
4.54753	4.54753	0.151802
4.55394	4.55394	0.145642
4.56035	4.56035	0.139476
4.56677	4.56677	0.133307
4.57318	4.57318	0.127135
4.5796	4.5796	0.120962
4.58601	4.58601	0.114789
4.59242	4.59242	0.108617
4.59884	4.59884	0.102448
4.60525	4.60525	0.0962822
4.61167	4.61167	0.0901208
4.61808	4.61808	0.0839648
4.62449	4.62449	0.0778151
4.63091	4.63091	0.0716724
4.63732	4.63732	0.0655374
4.64374	4.64374	0.059411
4.65015	4.65015	0.0532936
4.65656	4.65656	0.0471859
4.66298	4.66298	0.0410884
4.66939	4.66939	0.0350015
4.67581	4.67581	0.0289256
4.68222	4.68222	0.0228612
4.68863	4.68863	0.0168084
4.69505	4.69505	0.0107676
4.70146	4.70146	0.00473907
4.70788	4.70788	-0.00127714
4.71429	4.71429	-0.00728084
4.7207	4.7207	-0.0132719
4.72712	4.72712	-0.0192504
4.73353	4.73353	-0.0252161
4.73995	4.73995	-0.0311691
4.74636	4.74636	-0.0371093
4.75277	4.75277	-0.043037
4.75919	4.75919	-0.048952
4.7656	4.7656	-0.0548545
4.77202	4.77202	-0.0607446
4.77843	4.77843	-0.0666223
4.78484	4.78484	-0.0724879
4.79126	4.79126	-0.0783413
4.79767	4.79767	-0.0841827
4.80409	4.80409	-0.0900123
4.8105	4.8105	-0.0958301
4.81691	4.81691	-0.101636
4.82333	4.82333	-0.107431
4.82974	4.82974	-0.113214
4.83616	4.83616	-0.118986
4.84257	4.84257	-0.124746
4.84898	4.84898	-0.130495
4.8554	4.8554	-0.136232
4.86181	4.86181	-0.141959
4.86823	4.86823	-0.147673
4.87464	4.87464	-0.153377
4.88105	4.88105	-0.159068
4.88747	4.88747	-0.164748
4.89388	4.89388	-0.170415
4.9003	4.9003	-0.17607
4.90671	4.90671	-0.181713
4.91312	4.91312	-0.187343
4.91954	4.91954	-0.192959
4.92595	4.92595	-0.198562
4.93237	4.93237	-0.20415
4.93878	4.93878	-0.209724
4.94519	4.94519	-0.215282
4.95161	4.95161	-0.220824
4.95802	4.95802	-0.22635
4.96444	4.96444	-0.231858
4.97085	4.97085	-0.237348
4.97726	4.97726	-0.242819
4.98368	4.98368	-0.248269
4.99009	4.99009	-0.253699
4.99651	4.99651	-0.259107
5.00292	5.00292	-0.264491
5.00933	5.00933	-0.269851
5.01575	5.01575	-0.275186
5.02216	5.02216	-0.280495
5.02858	5.02858	-0.285775
5.03499	5.03499	-0.291027
5.0414	5.0414	-0.296248
5.04782	5.04782	-0.301437
5.05423	5.05423	-0.306592
5.06065	5.06065	-0.311713
5.06706	5.06706	-0.316798
5.07347	5.07347	-0.321844
5.07989	5.07989	-0.326852
5.0863	5.0863	-0.331818
5.09272	5.09272	-0.336742
5.09913	5.09913	-0.341622
5.10554	5.10554	-0.346457
5.11196	5.11196	-0.351244
5.11837	5.11837	-0.355982
5.12479	5.12479	-0.360669
5.1312	5.1312	-0.365305
5.13761	5.13761	-0.369886
5.14403	5.14403	-0.374413
5.15044	5.15044	-0.378882
5.15686	5.15686	-0.383294
5.16327	5.16327	-0.387645
5.16968	5.16968	-0.391934
5.1761	5.1761	-0.396161
5.18251	5.18251	-0.400323
5.18893	5.18893	-0.40442
5.19534	5.19534	-0.408449
5.20175	5.20175	-0.41241
5.20817	5.20817	-0.416301
5.21458	5.21458	-0.42012
5.221	5.221	-0.423868
5.22741	5.22741	-0.427542
5.23382	5.23382	-0.431142
5.24024	5.24024	-0.434666
5.24665	5.24665	-0.438113
5.25307	5.25307	-0.441483
5.25948	5.25948	-0.444774
5.26589	5.26589	-0.447986
5.27231	5.27231	-0.451118
5.27872	5.27872	-0.454168
5.28514	5.28514	-0.457137
5.29155	5.29155	-0.460024
5.29796	5.29796	-0.462828
5.30438	5.30438	-0.465549
5.31079	5.31079	-0.468185
5.31721	5.31721	-0.470737
5.32362	5.32362	-0.473204
5.33003	5.33003	-0.475586
5.33645	5.33645	-0.477882
5.34286	5.34286	-0.480092
5.34928	5.34928	-0.482216
5.35569	5.35569	-0.484253
5.3621	5.3621	-0.486204
5.36852	5.36852	-0.488067
5.37493	5.37493	-0.489843
5.38135	5.38135	-0.491532
5.38776	5.38776	-0.493134
5.39417	5.39417	-0.494648
5.40059	5.40059	-0.496074
5.407	5.407	-0.497413
5.41342	5.41342	-0.498663
5.41983	5.41983	-0.499826
5.42624	5.42624	-0.500901
5.43266	5.43266	-0.501888
5.43907	5.43907	-0.502786
5.44549	5.44549	-0.503597
5.4519	5.4519	-0.504319
5.45831	5.45831	-0.504953
5.46473	5.46473	-0.505499
5.47114	5.47114	-0.505956
5.47756	5.47756	-0.506325
5.48397	5.48397	-0.506606
5.49038	5.49038	-0.506798
5.4968	5.4968	-0.506901
5.50321	5.50321	-0.506915
5.50963	5.50963	-0.506841
5.51604	5.51604	-0.506677
5.52245	5.52245	-0.506425
5.52887	5.52887	-0.506083
5.53528	5.53528	-0.505652
5.5417	5.5417	-0.505132
5.54811	5.54811	-0.504522
5.55452	5.55452	-0.503823
5.56094	5.56094	-0.503034
5.56735	5.56735	-0.502154
5.57377	5.57377	-0.501185
5.58018	5.58018	-0.500126
5.58659	5.58659	-0.498977
5.59301	5.59301	-0.497737
5.59942	5.59942	-0.496407
5.60584	5.60584	-0.494987
5.61225	5.61225	-0.493476
5.61866	5.61866	-0.491874
5.62508	5.62508	-0.490182
5.63149	5.63149	-0.488399
5.63791	5.63791	-0.486526
5.64432	5.64432	-0.484563
5.65073	5.65073	-0.482509
5.65715	5.65715	-0.480365
5.66356	5.66356	-0.478131
5.66998	5.66998	-0.475807
5.67639	5.67639	-0.473394
5.6828	5.6828	-0.470892
5.68922	5.68922	-0.468301
5.69563	5.69563	-0.465621
5.70205	5.70205	-0.462853
5.70846	5.70846	-0.459998
5.71487	5.71487	-0.457056
5.72129	5.72129	-0.454027
5.7277	5.7277	-0.450913
5.73412	5.73412	-0.447714
5.74053	5.74053	-0.444431
5.74694	5.74694	-0.441065
5.75336	5.75336	-0.437616
5.75977	5.75977	-0.434086
5.76619	5.76619	-0.430475
5.7726	5.7726	-0.426785
5.77901	5.77901	-0.423017
5.78543	5.78543	-0.419173
5.79184	5.79184	-0.415252
5.79826	5.79826	-0.411257
5.80467	5.80467	-0.40719
5.81108	5.81108	-0.40305
5.8175	5.8175	-0.398841
5.82391	5.82391	-0.394563
5.83033	5.83033	-0.390218
5.83674	5.83674	-0.385808
5.84315	5.84315	-0.381333
5.84957	5.84957	-0.376797
5.85598	5.85598	-0.372201
5.8624	5.8624	-0.367545
5.86881	5.86881	-0.362833
5.87522	5.87522	-0.358066
5.88164	5.88164	-0.353245
5.88805	5.88805	-0.348373
5.89447	5.89447	-0.343451
5.90088	5.90088	-0.338481
5.90729	5.90729	-0.333465
5.91371	5.91371	-0.328404
5.92012	5.92012	-0.323301
5.92654	5.92654	-0.318157
5.93295	5.93295	-0.312974
5.93936	5.93936	-0.307753
5.94578	5.94578	-0.302497
5.95219	5.95219	-0.297207
5.95861	5.95861	-0.291885
5.96502	5.96502	-0.286532
5.97143	5.97143	-0.281149
5.97785	5.97785	-0.27574
5.98426	5.98426	-0.270304
5.99068	5.99068	-0.264844
5.99709	5.99709	-0.259361
6.0035	6.0035	-0.253856
6.00992	6.00992	-0.24833
6.01633	6.01633	-0.242786
6.02275	6.02275	-0.237224
6.02916	6.02916	-0.231645
6.03557	6.03557	-0.22605
6.04199	6.04199	-0.220442
6.0484	6.0484	-0.214819
6.05482	6.05482	-0.209185
6.06123	6.06123	-0.20354
6.06764	6.06764	-0.197884
6.07406	6.07406	-0.192219
6.08047	6.08047	-0.186545
6.08689	6.08689	-0.180863
6.0933	6.0933	-0.175175
6.09971	6.09971	-0.169481
6.10613	6.10613	-0.163781
6.11254	6.11254	-0.158076
6.11896	6.11896	-0.152368
6.12537	6.12537	-0.146657
6.13178	6.13178	-0.140942
6.1382	6.1382	-0.135227
6.14461	6.14461	-0.129509
6.15103	6.15103	-0.123792
6.15744	6.15744	-0.118074
6.16385	6.16385	-0.112358
6.17027	6.17027	-0.106642
6.17668	6.17668	-0.10093
6.1831	6.1831	-0.0952196
6.18951	6.18951	-0.0895133
6.19592	6.19592	-0.0838114
6.20234	6.20234	-0.0781149
6.20875	6.20875	-0.0724245
6.21517	6.21517	-0.0667411
6.22158	6.22158	-0.0610656
6.22799	6.22799	-0.0553991
6.23441	6.23441	-0.0497425
6.24082	6.24082	-0.0440969
6.24724	6.24724	-0.0384635
6.25365	6.25365	-0.0328435
6.26006	6.26006	-0.0272382
6.26648	6.26648	-0.021649
6.27289	6.27289	-0.0160771
6.27931	6.27931	-0.0105242
6.28572	6.28572	-0.00499179
6.29213	6.29213	0.000518474
6.29855	6.29855	0.00600486
6.30496	6.30496	0.0114656
6.31138	6.31138	0.0168987
6.31779	6.31779	0.0223022
6.3242	6.3242	0.0276742
6.33062	6.33062	0.0330124
6.33703	6.33703	0.0383146
6.34345	6.34345	0.0435786
6.34986	6.34986	0.0488018
6.35627	6.35627	0.053982
6.36269	6.36269	0.0591165
6.3691	6.3691	0.0642028
6.37552	6.37552	0.0692381
6.38193	6.38193	0.0742197
6.38834	6.38834	0.0791449
6.39476	6.39476	0.0840107
6.40117	6.40117	0.0888143
6.40759	6.40759	0.0935528
