4.87569   5.39151   1.07928   0.325268   -0.769531   1
-0.108203   -8.68504   7.57529   34.0416   -0.382848   0.999999
2.44226   4.04324   0.179607   5.07929   -0.523142   1
6.09347   0.882448   1.11866   0.512954   -0.488187   1
4.82986   5.28828   1.04453   0.329396   -0.637553   1
5.35761   4.14108   0.202986   0.18701   -0.311563   1
2.27662   3.07793   0.307078   2.40607   -0.789669   1
2.6581   2.87381   0.377565   1.38162   -0.547662   1
4.1164   5.41892   1.59568   0.630882   -0.23992   1
5.37049   2.41405   78.1296   0.357844   -0.499188   1
2.39817   4.41984   0.358576   2.79934   -0.531615   1
2.72807   6.31253   0.804105   0.784079   -0.114787   1
2.38892   4.49325   0.364778   2.604   -0.398142   1
-1.10409   6.65014   2.47904   1.02204   -0.084564   1
2.81107   3.18281   1.16678   0.166905   0.0388533   1
3.88246   3.94698   0.346919   1.53252   0.328857   1
4.3837   0.934371   0.17744   0.928141   0.126331   1
0.447339   3.27139   13.0498   2.28103   0.187256   0.999999
5.31935   1.3269   0.562942   1.0019   0.163311   1
4.64498   4.47273   1.05939   0.211618   0.346455   1
3.88098   4.55439   0.356971   9.32605   0.706272   1
2.41127   5.64508   0.660397   0.703852   0.482127   1
3.87825   3.20539   0.355579   4.47108   0.649608   1
0.124787   4.91826   0.527142   3.23183   0.613043   1
1.84246   1.54712   2.18093   6.58421   0.541764   0.999999
