 Location  Dispersion    Centroids   Volume
0.0021741   0.0316311   -0.0617313   1.00568
0.0600325   0.0316333   -0.00181114   1.00427
0.121464   0.0330043   0.0714857   1.00433
0.179057   0.0289683   0.120722   1.00217
0.240546   0.0275284   0.19667   1.00248
0.301071   0.0280439   0.256232   1.0027
0.366499   0.0263737   0.31567   1.00205
0.426815   0.0252828   0.381044   1.00181
0.486962   0.0253552   0.431562   1.00195
0.546036   0.0214663   0.490834   1.00063
0.606473   0.0255403   0.540319   1.00231
0.666593   0.0239925   0.585012   1.00137
0.726383   0.023333   0.634035   1.00122
0.786321   0.0234982   0.680696   1.00135
0.846242   0.0235341   0.720766   1.00126
0.906272   0.0234916   0.769218   1.00134
0.966475   0.0233864   0.799318   1.00122
1.03217   0.0236664   0.839188   1.00125
1.09213   0.0233363   0.871316   1.00122
1.15201   0.0237396   0.893256   1.00136
1.21206   0.0235542   0.923461   1.00134
1.27205   0.023868   0.94211   1.00137
1.33219   0.0247467   0.950777   1.00146
1.39189   0.0247101   0.976739   1.00162
1.45208   0.0245697   0.983924   1.0016
1.51217   0.0248595   0.989051   1.00167
1.57234   0.0251151   0.990549   1.00177
1.63185   0.0251467   0.987408   1.00175
1.69784   0.0249677   0.977041   1.0017
1.75791   0.0261918   0.959698   1.00193
1.81909   0.0333881   0.91594   1.00426
1.88158   0.0493981   0.785702   1.02638
1.92602   -0.105598   1.21666   0.927655
1.99456   0.0542058   0.756873   1.03122
2.05637   0.0424523   0.81683   1.00951
2.11759   0.034267   0.806029   1.00573
2.17794   0.0335359   0.768263   1.00571
2.23784   0.0331083   0.744581   1.00558
2.29766   0.0345678   0.71273   1.00636
2.36383   0.0401556   0.658555   1.00779
2.42743   0.0567039   0.59709   1.01809
2.50249   0.0749977   0.727729   1.05392
2.54953   -0.0594594   -0.199782   0.885875
2.58738   0.0307101   0.658641   1.04039
2.66221   0.0460047   0.343687   1.01793
2.72362   0.0446524   0.292642   1.01728
2.78343   0.0493063   0.208053   1.02441
2.84344   0.0526668   0.153954   1.02712
2.90264   0.0595289   0.0627376   1.03726
2.9629   0.0651501   -0.0195711   1.04625
3.02753   0.0692641   -0.0922189   1.05279
3.08747   0.0738364   -0.175351   1.06111
3.1474   0.0769123   -0.257093   1.06901
3.20694   0.0787031   -0.328058   1.0745
3.2659   0.0803094   -0.407237   1.08165
3.3248   0.0793007   -0.474545   1.0837
3.38366   0.0763798   -0.536182   1.08184
3.44371   0.0704831   -0.577106   1.07097
3.50395   0.0648779   -0.628597   1.06313
3.56749   0.0551898   -0.67151   1.05268
3.66621   0.0624853   -0.940272   1.20329
3.85254   -0.0236932   -1.18946   1.13809
3.86974   -0.330611   -0.832558   -0.27536
3.93   0.000923719   0.976598   0.782678
3.45199   -0.701875   2.30088   0.646066
3.6465   -0.278098   2.83398   -0.470648
4.28007   -0.225915   0.0797654   -0.585271
3.97256   0.00903101   -1.62962   1.03295
4.02903   0.0145884   -1.53806   1.18624
4.10912   -0.0275858   -1.2464   1.1774
4.20239   0.0205567   -1.08361   1.07887
4.28105   1.29008e-132   -1.09927   1.04971
4.35191   0.0378049   -0.90968   1.04191
4.42052   0.0369447   -1.01597   1.03044
4.48264   0.0329247   -1.08641   1.02693
4.54302   0.0382743   -1.11619   1.02939
4.60367   0.0431121   -1.13879   1.0309
4.66155   0.0457225   -1.15303   1.03133
4.72228   0.0485314   -1.14378   1.02994
4.7823   0.0494886   -1.1433   1.029
4.8425   0.049788   -1.12452   1.02626
4.90246   0.0499322   -1.11414   1.02517
4.96302   0.0505167   -1.10228   1.02526
5.02827   0.0494952   -1.07593   1.02295
5.08861   0.0475727   -1.04789   1.02011
5.14803   0.0445899   -1.01051   1.01695
5.20892   0.0441707   -0.984518   1.01661
5.26884   0.0428774   -0.947003   1.01481
5.32882   0.0415102   -0.91091   1.01357
5.38878   0.0396942   -0.866628   1.01187
5.44882   0.0376068   -0.823692   1.01059
5.50918   0.0361636   -0.773457   1.00947
5.56911   0.0351848   -0.722961   1.0083
5.62939   0.0350138   -0.67853   1.00819
5.69473   0.0324336   -0.620822   1.00672
5.7542   0.0281003   -0.551853   1.00419
5.81446   0.0294676   -0.500788   1.00503
5.87483   0.0276406   -0.447859   1.00407
5.93483   0.0257527   -0.384775   1.00356
5.99283   0.0210315   -0.306405   1.00137
