 Location  Dispersion    Centroids   Volume
0.000624216   0.0113676   -0.00102584   1.00023
0.0298465   0.0121382   0.0397402   1.00025
0.060736   0.0188951   0.0621585   1.00074
0.0899591   0.0125438   0.107904   1.00016
0.12024   0.0112356   0.130799   1.00015
0.15004   0.0156142   0.139118   1.00101
0.180515   0.00867542   0.186527   1.00015
0.209694   0.0137032   0.209005   1.00055
0.239648   0.0130881   0.238254   1.00029
0.269621   0.0146574   0.269681   1.00043
0.299829   0.0149511   0.301353   1.00042
0.329907   0.0140024   0.327484   1.00042
0.359792   0.0128282   0.353769   1.00025
0.390004   0.0160761   0.384554   1.00058
0.42028   0.013822   0.418981   1.00033
0.449995   0.0132699   0.437894   1.0003
0.479902   0.014562   0.468086   1.00042
0.510189   0.0150329   0.491002   1.00046
0.540421   0.0140538   0.522346   1.00045
0.569817   0.0113124   0.553274   1.00007
0.599243   0.0160649   0.573318   1.00068
0.629875   0.0147769   0.588903   1.00041
0.659978   0.0142979   0.618106   1.00037
0.689782   0.0137689   0.638009   1.00035
0.719894   0.0153209   0.662419   1.00054
0.755414   0.015292   0.689485   1.00049
0.785704   0.0146412   0.710224   1.00046
0.815891   0.0151978   0.731237   1.00049
0.846074   0.014184   0.748713   1.0004
0.875782   0.0139464   0.773035   1.00032
0.905876   0.0159385   0.794702   1.0006
0.936178   0.0140845   0.805593   1.00038
0.965855   0.0139161   0.823159   1.00041
0.99581   0.0150477   0.8422   1.00054
1.0259   0.0146205   0.857542   1.00044
1.05578   0.0148197   0.87291   1.00046
1.08583   0.0154714   0.886362   1.00055
1.11597   0.0149789   0.898761   1.00047
1.14606   0.015591   0.91041   1.0006
1.17616   0.0145144   0.918731   1.00042
1.20586   0.0151431   0.936631   1.00058
1.2359   0.015338   0.941581   1.00055
1.26601   0.0156655   0.952354   1.00059
1.29697   0.0171682   0.962774   1.00069
1.32591   0.0124653   0.951248   1.00026
1.3556   0.0181472   0.979998   1.0008
1.38611   0.01599   0.980391   1.0006
1.41599   0.0159133   0.985951   1.00064
1.44606   0.0163325   0.990324   1.00069
1.47596   0.0163851   0.992757   1.00071
1.50604   0.0166831   0.994474   1.00073
1.53607   0.0168355   1.00034   1.00075
1.56672   0.019298   0.988591   1.00109
1.59601   0.0130527   1.01323   1.00024
1.62569   0.0190316   0.991281   1.00107
1.65604   0.017803   0.992849   1.00086
1.68619   0.0179042   0.988744   1.00091
1.71611   0.0179783   0.986771   1.00093
1.74611   0.0182741   0.976785   1.001
1.77611   0.0182442   0.974059   1.00099
1.80612   0.0188544   0.964986   1.00104
1.83614   0.0190762   0.958004   1.00112
1.86658   0.0194243   0.96168   1.00118
1.89981   0.0129513   0.920445   1.00161
1.938   0.00174712   1.3982   1.00989
1.95642   0.00415947   0.902824   1.00112
1.98401   0.0136666   0.913447   1.00165
2.01579   0.0189437   0.900871   1.00145
2.0462   0.0201615   0.887101   1.00139
2.07625   0.0206764   0.871004   1.00145
2.10623   0.020837   0.848915   1.00151
2.13595   0.020861   0.844547   1.00147
2.16602   0.0224033   0.818496   1.00163
2.19637   0.0231793   0.802062   1.00181
2.22669   0.0236354   0.78856   1.00196
2.26144   0.024595   0.759034   1.00208
2.29229   0.0231155   0.74501   1.0019
2.32215   0.0230584   0.724505   1.00173
2.35328   0.0267775   0.70725   1.00255
2.38268   0.0230113   0.665326   1.00172
2.41258   0.0237916   0.665302   1.00204
2.44402   0.0265317   0.638108   1.00264
2.48449   0.0302639   0.665298   1.00635
2.54285   0.0279201   0.423876   1.00382
2.52851   0.000100129   0.450202   0.999147
2.55991   5.96265e-05   0.506804   0.999137
2.57814   0.0398478   0.504884   1.00785
2.62102   0.028056   0.522547   1.00317
2.65241   0.0277458   0.473684   1.00245
2.68302   0.0309297   0.437296   1.00335
2.71291   0.0294164   0.421768   1.00298
2.74298   0.0281916   0.382767   1.00294
2.7728   0.0282421   0.355445   1.00318
2.80251   0.0285811   0.322327   1.00324
2.83212   0.0304647   0.333251   1.00321
2.86267   0.0339352   0.271428   1.00421
2.89308   0.0334335   0.250158   1.00398
2.92337   0.0336402   0.224097   1.004
2.95347   0.0343585   0.189665   1.00412
2.98368   0.0359523   0.16816   1.00459
3.0141   0.0369748   0.142565   1.00488
3.04395   0.0372347   0.112105   1.00479
3.07437   0.039219   0.0857548   1.00534
3.10481   0.0406495   0.0596996   1.00587
3.13467   0.0404362   0.0240393   1.00562
3.16498   0.0425548   0.00139545   1.00648
3.19556   0.0459811   -0.0169951   1.00742
3.22581   0.0466426   -0.0513465   1.00766
3.25616   0.0480784   -0.0795386   1.00815
3.28646   0.0498404   -0.10749   1.00869
3.31677   0.0521027   -0.136864   1.00925
3.34723   0.0568684   -0.163653   1.01033
3.37802   0.063194   -0.195674   1.0117
3.41005   0.0762015   -0.21924   1.01576
3.44227   0.086193   -0.251364   1.02079
3.47627   0.0913632   -0.312511   1.02677
3.51145   0.0925999   -0.379127   1.03464
3.54789   0.0928404   -0.462674   1.04243
3.58974   0.0913867   -0.549039   1.05514
3.64752   0.0917039   -0.708759   1.078
3.87836   0.00808047   -1.04315   1.16086
3.90397   -0.00168047   -1.07976   0.849326
3.89716   -6.98845e-05   -1.33427   1.27071
3.90902   -2.19344e-05   -1.1272   0.656377
3.88606   -6.48564e-06   -1.1779   1.11846
3.89358   -1.08558e-05   -0.987955   0.723422
3.87808   9.1141e-05   -0.819128   1.02828
3.87193   5.41273e-05   -0.600139   0.985855
3.77526   1.47827   2.02839   -0.100696
3.90539   -1.82587e-06   0.504474   1.36119
4.11674   0.276954   2.14164   0.475326
4.061   -0.648139   -0.156717   -0.429872
3.97085   1.21553e-05   -1.01517   1.10863
3.9553   -5.63183e-06   -1.2099   1.1589
3.98594   4.02776e-05   -1.07765   1.08837
3.96956   -8.79346e-05   -1.20073   1.10051
3.9611   3.55569e-05   -1.27084   1.11107
3.95893   6.00599e-06   -1.15275   1.05073
3.95725   0.00454403   -1.28342   1.19625
4.00588   0.014309   -1.29889   1.21478
4.1147   0.0436748   -1.19621   1.15651
4.19661   0.063526   -1.07981   1.09742
4.24899   0.0752034   -1.03263   1.07318
4.29157   0.0845394   -1.01506   1.06026
4.32298   0.0912165   -1.00424   1.05184
4.35786   0.0981589   -1.00535   1.04646
4.39078   0.104029   -0.990588   1.03972
4.42345   0.10817   -1.00247   1.03658
4.45594   0.108347   -1.0004   1.03126
4.48762   0.100055   -0.991725   1.02447
4.52033   0.0844375   -0.988636   1.01915
4.55153   0.0697611   -0.985739   1.01604
4.58187   0.0627168   -0.982735   1.01471
4.61383   0.0569859   -0.994148   1.01382
4.64274   0.0544712   -0.993676   1.013
4.67107   0.0529095   -0.988816   1.01229
4.70147   0.0517703   -0.98069   1.01177
4.73128   0.0505196   -0.976932   1.01131
4.76112   0.0494139   -0.978678   1.01083
4.79088   0.048157   -0.975184   1.01026
4.81986   0.047764   -0.965221   1.00992
4.85098   0.0472687   -0.961847   1.00982
4.8802   0.045663   -0.95315   1.00916
4.91008   0.0452343   -0.950835   1.00893
4.94011   0.04348   -0.947482   1.00836
4.96965   0.0425234   -0.934663   1.00792
4.99951   0.0419064   -0.927609   1.00766
5.02928   0.0409208   -0.913872   1.00733
5.05903   0.0395208   -0.914412   1.00679
5.08894   0.0392784   -0.896609   1.0066
5.11891   0.0388462   -0.887554   1.00635
5.1488   0.0389506   -0.875048   1.00627
5.17839   0.0370426   -0.848395   1.00587
5.20832   0.0366945   -0.853729   1.00558
5.23911   0.0377075   -0.82801   1.00615
5.27377   0.0362231   -0.811325   1.0057
5.30399   0.034421   -0.798541   1.00496
5.33394   0.0333586   -0.783586   1.00461
5.36391   0.0317849   -0.767733   1.00422
5.39378   0.031353   -0.74803   1.004
5.42385   0.0332283   -0.724935   1.00437
5.45526   0.0334377   -0.715288   1.00456
5.48398   0.0288139   -0.670619   1.00338
5.51366   0.0281067   -0.679609   1.00317
5.54375   0.0287992   -0.64062   1.00344
5.57374   0.0289023   -0.622765   1.0034
5.60375   0.0280911   -0.606103   1.0032
5.63367   0.0270853   -0.577862   1.00294
5.6632   0.0259525   -0.566129   1.00257
5.69354   0.0277092   -0.530683   1.00306
5.72369   0.0266965   -0.507572   1.00285
5.75352   0.0230045   -0.486285   1.00207
5.78352   0.0258306   -0.445903   1.00268
5.81364   0.0247274   -0.437334   1.00225
5.84373   0.0253066   -0.407281   1.00228
5.87425   0.0252089   -0.38095   1.00258
5.90379   0.0195376   -0.359744   1.00118
5.9335   0.025169   -0.325455   1.00256
5.9638   0.0227544   -0.301208   1.00187
5.99136   0.0198109   -0.267024   1.00166
