 Location  Dispersion    Centroids   Volume
0.00601719   0.138457   0.000440954   1.01965
0.325442   0.120014   0.32213   0.978387
0.630046   0.127372   0.601683   0.995585
0.946073   0.124449   0.827189   0.999497
1.25824   0.11928   0.96861   1.00393
1.57849   0.118379   1.01585   1.00599
1.89325   0.124407   0.967608   1.00687
2.21327   0.130665   0.821296   1.00359
2.53177   0.133759   0.59068   0.999011
2.84396   0.136684   0.300028   0.995781
3.16015   0.136686   -0.019354   0.99385
3.47078   0.134826   -0.336626   0.994265
3.78602   0.131195   -0.619755   0.995636
4.1019   0.125921   -0.839202   1.00116
4.41431   0.119268   -0.974164   1.00389
4.73452   0.118499   -1.01539   1.0061
5.04953   0.123619   -0.958602   1.00666
5.36989   0.12399   -0.800649   1.00087
5.67731   0.112986   -0.569752   0.979476
5.99129   0.125494   -0.287883   1.00897
