 x  	 F(x)  
0	0.00697356
0.003	0.00816769
0.006	0.00959852
0.009	0.0112939
0.012	0.0132765
0.015	0.0155602
0.018	0.0181456
0.021	0.0210169
0.024	0.0241391
0.027	0.0274588
0.03	0.0309076
0.033	0.0344081
0.036	0.0378827
0.039	0.0412621
0.042	0.0444929
0.045	0.047542
0.048	0.0503985
0.051	0.0530726
0.054	0.0555921
0.057	0.0579989
0.06	0.0603441
0.063	0.0626839
0.066	0.0650754
0.069	0.0675724
0.072	0.0702213
0.075	0.0730564
0.078	0.076096
0.081	0.0793389
0.084	0.0827625
0.087	0.0863238
0.09	0.089963
0.093	0.0936105
0.096	0.0971953
0.099	0.100654
0.102	0.10394
0.105	0.107023
0.108	0.109899
0.111	0.11258
0.114	0.115098
0.117	0.117498
0.12	0.119834
0.123	0.122162
0.126	0.124542
0.129	0.127026
0.132	0.129662
0.135	0.132481
0.138	0.135502
0.141	0.13872
0.144	0.142113
0.147	0.145636
0.15	0.149229
0.153	0.152825
0.156	0.156355
0.159	0.159757
0.162	0.162988
0.165	0.166023
0.168	0.168855
0.171	0.171501
0.174	0.173993
0.177	0.176374
0.18	0.178697
0.183	0.181019
0.186	0.183397
0.189	0.185884
0.192	0.188522
0.195	0.191345
0.198	0.194368
0.201	0.197586
0.204	0.200973
0.207	0.204486
0.21	0.208064
0.213	0.211639
0.216	0.215144
0.219	0.218521
0.222	0.221726
0.225	0.224737
0.228	0.227552
0.231	0.230186
0.234	0.232673
0.237	0.235058
0.24	0.237391
0.243	0.23973
0.246	0.242129
0.249	0.244638
0.252	0.247299
0.255	0.250142
0.258	0.253178
0.261	0.256401
0.264	0.259784
0.267	0.26328
0.27	0.266828
0.273	0.270359
0.276	0.273804
0.279	0.277103
0.282	0.280211
0.285	0.283101
0.288	0.285769
0.291	0.288229
0.294	0.290512
0.297	0.292662
0.3	0.294733
0.303	0.296786
0.306	0.298883
0.309	0.301089
0.312	0.303462
0.315	0.306052
0.318	0.308897
0.321	0.312014
0.324	0.315396
0.327	0.31901
0.33	0.322794
0.333	0.326669
0.336	0.330542
0.339	0.33432
0.342	0.337922
0.345	0.341289
0.348	0.344389
0.351	0.347214
0.354	0.349782
0.357	0.352129
0.36	0.354306
0.363	0.35637
0.366	0.358384
0.369	0.360411
0.372	0.362509
0.375	0.364733
0.378	0.367126
0.381	0.369718
0.384	0.372525
0.387	0.37554
0.39	0.378737
0.393	0.382071
0.396	0.385483
0.399	0.388902
0.402	0.392262
0.405	0.395502
0.408	0.398577
0.411	0.40146
0.414	0.404146
0.417	0.406647
0.42	0.408991
0.423	0.411219
0.426	0.413377
0.429	0.415519
0.432	0.417695
0.435	0.419954
0.438	0.422338
0.441	0.424876
0.444	0.427585
0.447	0.430463
0.45	0.433489
0.453	0.436626
0.456	0.439822
0.459	0.443017
0.462	0.446151
0.465	0.449173
0.468	0.452042
0.471	0.454739
0.474	0.45726
0.477	0.459622
0.48	0.461852
0.483	0.463993
0.486	0.466092
0.489	0.4682
0.492	0.470368
0.495	0.472644
0.498	0.475066
0.501	0.477662
0.504	0.480444
0.507	0.483407
0.51	0.486527
0.513	0.489764
0.516	0.49306
0.519	0.496355
0.522	0.499584
0.525	0.502694
0.528	0.505643
0.531	0.508406
0.534	0.51098
0.537	0.513376
0.54	0.51562
0.543	0.517752
0.546	0.519815
0.549	0.521859
0.552	0.523933
0.555	0.526082
0.558	0.528345
0.561	0.530749
0.564	0.533309
0.567	0.536023
0.57	0.53887
0.573	0.541816
0.576	0.544812
0.579	0.547803
0.582	0.550735
0.585	0.553559
0.588	0.556241
0.591	0.55876
0.594	0.561114
0.597	0.563317
0.6	0.565396
0.603	0.567388
0.606	0.569336
0.609	0.571289
0.612	0.573293
0.615	0.575393
0.618	0.577624
0.621	0.580015
0.624	0.582577
0.627	0.585306
0.63	0.58818
0.633	0.591162
0.636	0.594201
0.639	0.597238
0.642	0.600214
0.645	0.603078
0.648	0.60579
0.651	0.608329
0.654	0.610689
0.657	0.612882
0.66	0.614931
0.663	0.616873
0.666	0.618749
0.669	0.620604
0.672	0.622485
0.675	0.624433
0.678	0.626485
0.681	0.628668
0.684	0.630997
0.687	0.633469
0.69	0.636068
0.693	0.638763
0.696	0.641507
0.699	0.644251
0.702	0.646941
0.705	0.649533
0.708	0.651993
0.711	0.6543
0.714	0.656452
0.717	0.658461
0.72	0.66035
0.723	0.662154
0.726	0.663911
0.729	0.665666
0.732	0.66746
0.735	0.669334
0.738	0.671321
0.741	0.673446
0.744	0.675721
0.747	0.678144
0.75	0.680695
0.753	0.683343
0.756	0.686042
0.759	0.688742
0.762	0.691391
0.765	0.693943
0.768	0.696363
0.771	0.698631
0.774	0.700743
0.777	0.702708
0.78	0.704549
0.783	0.706296
0.786	0.707989
0.789	0.709666
0.792	0.71137
0.795	0.713138
0.798	0.715003
0.801	0.716988
0.804	0.719105
0.807	0.721353
0.81	0.723714
0.813	0.726158
0.816	0.728644
0.819	0.731125
0.822	0.733553
0.825	0.735887
0.828	0.738096
0.831	0.740162
0.834	0.742082
0.837	0.743866
0.84	0.745536
0.843	0.74712
0.846	0.748654
0.849	0.750176
0.852	0.751723
0.855	0.753331
0.858	0.75503
0.861	0.756842
0.864	0.758777
0.867	0.760834
0.87	0.762997
0.873	0.765239
0.876	0.767521
0.879	0.7698
0.882	0.772033
0.885	0.774181
0.888	0.776218
0.891	0.778128
0.894	0.779912
0.897	0.781579
0.9	0.783152
0.903	0.78466
0.906	0.786136
0.909	0.787618
0.912	0.789142
0.915	0.790739
0.918	0.792437
0.921	0.794256
0.924	0.796202
0.927	0.798272
0.93	0.800446
0.933	0.802694
0.936	0.804975
0.939	0.807243
0.942	0.809452
0.945	0.811562
0.948	0.813543
0.951	0.815376
0.954	0.817058
0.957	0.818597
0.96	0.820011
0.963	0.821326
0.966	0.822576
0.969	0.823798
0.972	0.82503
0.975	0.826311
0.978	0.827678
0.981	0.829163
0.984	0.830788
0.987	0.832565
0.99	0.834492
0.993	0.836551
0.996	0.838704
0.999	0.840906
1.002	0.8431
1.005	0.845231
1.008	0.847254
1.011	0.849134
1.014	0.850853
1.017	0.852409
1.02	0.853813
1.023	0.855089
1.026	0.856264
1.029	0.857374
1.032	0.858452
1.035	0.859534
1.038	0.860653
1.041	0.861837
1.044	0.86311
1.047	0.864489
1.05	0.865981
1.053	0.867581
1.056	0.869277
1.059	0.871044
1.062	0.872849
1.065	0.874655
1.068	0.876426
1.071	0.878131
1.074	0.879744
1.077	0.881251
1.08	0.882651
1.083	0.883948
1.086	0.885157
1.089	0.886301
1.092	0.887402
1.095	0.888489
1.098	0.889588
1.101	0.890724
1.104	0.891917
1.107	0.893185
1.11	0.894533
1.113	0.895962
1.116	0.897462
1.119	0.899013
1.122	0.900589
1.125	0.902161
1.128	0.903698
1.131	0.905174
1.134	0.906571
1.137	0.907877
1.14	0.909091
1.143	0.910219
1.146	0.911275
1.149	0.912279
1.152	0.913252
1.155	0.914219
1.158	0.915204
1.161	0.91623
1.164	0.917314
1.167	0.918471
1.17	0.919707
1.173	0.92102
1.176	0.922401
1.179	0.923831
1.182	0.925285
1.185	0.926734
1.188	0.928151
1.191	0.929511
1.194	0.930793
1.197	0.931987
1.2	0.93309
1.203	0.934108
1.206	0.93505
1.209	0.935933
1.212	0.936775
1.215	0.937599
1.218	0.938423
1.221	0.939268
1.224	0.940149
1.227	0.941079
1.23	0.942064
1.233	0.943105
1.236	0.944194
1.239	0.945318
1.242	0.94646
1.245	0.947596
1.248	0.948707
1.251	0.949773
1.254	0.950779
1.257	0.951719
1.26	0.952589
1.263	0.953395
1.266	0.954147
1.269	0.954857
1.272	0.955541
1.275	0.956217
1.278	0.9569
1.281	0.957607
1.284	0.958351
1.287	0.959141
1.29	0.959983
1.293	0.960875
1.296	0.96181
1.299	0.962778
1.302	0.963761
1.305	0.96474
1.308	0.965696
1.311	0.966611
1.314	0.967474
1.317	0.968275
1.32	0.969014
1.323	0.969693
1.326	0.970319
1.329	0.970904
1.332	0.971459
1.335	0.971999
1.338	0.972537
1.341	0.973086
1.344	0.973656
1.347	0.974255
1.35	0.974889
1.353	0.975558
1.356	0.976256
1.359	0.976977
1.362	0.977707
1.365	0.978434
1.368	0.979144
1.371	0.979824
1.374	0.980465
1.377	0.981063
1.38	0.981615
1.383	0.982125
1.386	0.982598
1.389	0.983042
1.392	0.983468
1.395	0.983886
1.398	0.984305
1.401	0.984737
1.404	0.985189
1.407	0.985667
1.41	0.986175
1.413	0.986712
1.416	0.987274
1.419	0.987855
1.422	0.988442
1.425	0.989027
1.428	0.989595
1.431	0.990137
1.434	0.990644
1.437	0.991112
1.44	0.991538
1.443	0.991923
1.446	0.992271
1.449	0.992588
1.452	0.99288
1.455	0.993153
1.458	0.993416
1.461	0.993675
1.464	0.993935
1.467	0.9942
1.47	0.994475
1.473	0.994759
1.476	0.995051
1.479	0.995349
1.482	0.995648
1.485	0.995943
1.488	0.996229
1.491	0.9965
1.494	0.996753
1.497	0.996985
1.5	0.997196
1.503	0.997386
1.506	0.997557
1.509	0.997711
1.512	0.997852
1.515	0.997984
1.518	0.998109
1.521	0.998231
1.524	0.998352
1.527	0.998475
1.53	0.998601
1.533	0.99873
1.536	0.998862
1.539	0.998996
1.542	0.999129
1.545	0.999258
1.548	0.999382
1.551	0.999497
1.554	0.999601
1.557	0.999692
1.56	0.999771
1.563	0.999836
1.566	0.999886
1.569	0.999924
1.572	0.999948
1.575	0.999959
1.578	0.999958
1.581	0.999945
1.584	0.999921
1.587	0.999886
1.59	0.999841
1.593	0.999787
1.596	0.999724
1.599	0.999656
1.602	0.999582
1.605	0.999505
1.608	0.999426
1.611	0.999347
1.614	0.999267
1.617	0.999187
1.62	0.999105
1.623	0.99902
1.626	0.998929
1.629	0.99883
1.632	0.998718
1.635	0.998589
1.638	0.998439
1.641	0.998262
1.644	0.998054
1.647	0.99781
1.65	0.997527
1.653	0.997204
1.656	0.996843
1.659	0.996449
1.662	0.996028
1.665	0.995592
1.668	0.995152
1.671	0.994721
1.674	0.994306
1.677	0.993917
1.68	0.993556
1.683	0.993223
1.686	0.992915
1.689	0.992627
1.692	0.992352
1.695	0.992081
1.698	0.991806
1.701	0.991518
1.704	0.991208
1.707	0.99087
1.71	0.990497
1.713	0.990084
1.716	0.989632
1.719	0.98914
1.722	0.988615
1.725	0.988063
1.728	0.987496
1.731	0.986924
1.734	0.98636
1.737	0.985812
1.74	0.985289
1.743	0.984794
1.746	0.984328
1.749	0.983887
1.752	0.983466
1.755	0.983057
1.758	0.98265
1.761	0.982235
1.764	0.981802
1.767	0.981342
1.77	0.980845
1.773	0.980308
1.776	0.979726
1.779	0.9791
1.782	0.978437
1.785	0.977743
1.788	0.977032
1.791	0.976316
1.794	0.975608
1.797	0.974918
1.8	0.974255
1.803	0.973621
1.806	0.973016
1.809	0.972435
1.812	0.971867
1.815	0.971303
1.818	0.970727
1.821	0.970126
1.824	0.969484
1.827	0.968789
1.83	0.96803
1.833	0.967198
1.836	0.966291
1.839	0.965313
1.842	0.964272
1.845	0.963185
1.848	0.962071
1.851	0.960953
1.854	0.959854
1.857	0.958792
1.86	0.957783
1.863	0.956835
1.866	0.955949
1.869	0.955121
1.872	0.954341
1.875	0.953594
1.878	0.952864
1.881	0.952133
1.884	0.951383
1.887	0.950596
1.89	0.949759
1.893	0.948861
1.896	0.947896
1.899	0.946867
1.902	0.945779
1.905	0.944648
1.908	0.943492
1.911	0.942333
1.914	0.941191
1.917	0.940086
1.92	0.93903
1.923	0.938031
1.926	0.937087
1.929	0.936192
1.932	0.935333
1.935	0.934494
1.938	0.933655
1.941	0.932794
1.944	0.931891
1.947	0.930926
1.95	0.929883
1.953	0.92875
1.956	0.927522
1.959	0.926202
1.962	0.924802
1.965	0.923343
1.968	0.92185
1.971	0.920353
1.974	0.918882
1.977	0.917463
1.98	0.916115
1.983	0.91485
1.986	0.913668
1.989	0.912565
1.992	0.911525
1.995	0.910531
1.998	0.90956
2.001	0.908587
2.004	0.907589
2.007	0.906543
2.01	0.905431
2.013	0.904237
2.016	0.902956
2.019	0.901588
2.022	0.900143
2.025	0.898641
2.028	0.897106
2.031	0.895567
2.034	0.894052
2.037	0.892587
2.04	0.891188
2.043	0.889867
2.046	0.888623
2.049	0.887448
2.052	0.886326
2.055	0.885236
2.058	0.884154
2.061	0.883052
2.064	0.881903
2.067	0.880684
2.07	0.879372
2.073	0.877954
2.076	0.876423
2.079	0.874781
2.082	0.873043
2.085	0.871231
2.088	0.869378
2.091	0.867519
2.094	0.86569
2.097	0.863922
2.1	0.862239
2.103	0.860652
2.106	0.859165
2.109	0.857769
2.112	0.856445
2.115	0.855171
2.118	0.853917
2.121	0.852654
2.124	0.851348
2.127	0.849973
2.13	0.848503
2.133	0.846921
2.136	0.845219
2.139	0.843398
2.142	0.841474
2.145	0.839472
2.148	0.837426
2.151	0.835376
2.154	0.833361
2.157	0.831416
2.16	0.829567
2.163	0.82783
2.166	0.826206
2.169	0.824689
2.172	0.823259
2.175	0.821892
2.178	0.820557
2.181	0.819222
2.184	0.817853
2.187	0.816419
2.19	0.814894
2.193	0.813259
2.196	0.811502
2.199	0.809626
2.202	0.807644
2.205	0.805582
2.208	0.803475
2.211	0.801361
2.214	0.799282
2.217	0.797271
2.22	0.795356
2.223	0.793549
2.226	0.791852
2.229	0.790254
2.232	0.788735
2.235	0.787266
2.238	0.785815
2.241	0.784347
2.244	0.782825
2.247	0.781217
2.25	0.779495
2.253	0.777639
2.256	0.775643
2.259	0.773508
2.262	0.771255
2.265	0.768914
2.268	0.766528
2.271	0.764144
2.274	0.761811
2.277	0.759571
2.28	0.757457
2.283	0.755487
2.286	0.753666
2.289	0.751983
2.292	0.75042
2.295	0.748943
2.298	0.747516
2.301	0.746095
2.304	0.744636
2.307	0.743093
2.31	0.741424
2.313	0.73959
2.316	0.737565
2.319	0.735334
2.322	0.732902
2.325	0.730292
2.328	0.727547
2.331	0.724728
2.334	0.721903
2.337	0.719142
2.34	0.716505
2.343	0.714037
2.346	0.711763
2.349	0.709687
2.352	0.707795
2.355	0.70606
2.358	0.704442
2.361	0.702898
2.364	0.70138
2.367	0.699841
2.37	0.698234
2.373	0.69652
2.376	0.694666
2.379	0.692647
2.382	0.690454
2.385	0.688089
2.388	0.685573
2.391	0.682941
2.394	0.68024
2.397	0.677523
2.4	0.674843
2.403	0.672249
2.406	0.669777
2.409	0.667447
2.412	0.665264
2.415	0.663218
2.418	0.661286
2.421	0.659434
2.424	0.657623
2.427	0.655809
2.43	0.653949
2.433	0.652002
2.436	0.649934
2.439	0.647717
2.442	0.645341
2.445	0.642807
2.448	0.640133
2.451	0.637353
2.454	0.634512
2.457	0.631664
2.46	0.628863
2.463	0.626156
2.466	0.623578
2.469	0.621151
2.472	0.618879
2.475	0.61675
2.478	0.614739
2.481	0.612811
2.484	0.610924
2.487	0.609033
2.49	0.607091
2.493	0.605054
2.496	0.602886
2.499	0.60056
2.502	0.598061
2.505	0.595393
2.508	0.592576
2.511	0.589645
2.514	0.586651
2.517	0.583651
2.52	0.580703
2.523	0.577858
2.526	0.575155
2.529	0.572617
2.532	0.570248
2.535	0.568036
2.538	0.565955
2.541	0.563969
2.544	0.562034
2.547	0.560104
2.55	0.55813
2.553	0.556069
2.556	0.553882
2.559	0.551542
2.562	0.549036
2.565	0.546364
2.568	0.543545
2.571	0.540615
2.574	0.537622
2.577	0.534623
2.58	0.531672
2.583	0.528819
2.586	0.526102
2.589	0.523541
2.592	0.521138
2.595	0.518881
2.598	0.516741
2.601	0.51468
2.604	0.512652
2.607	0.510608
2.61	0.508498
2.613	0.506275
2.616	0.5039
2.619	0.501346
2.622	0.498599
2.625	0.495663
2.628	0.492561
2.631	0.489334
2.634	0.486038
2.637	0.482736
2.64	0.479492
2.643	0.476361
2.646	0.473387
2.649	0.470592
2.652	0.467983
2.655	0.465545
2.658	0.463251
2.661	0.46106
2.664	0.458925
2.667	0.456795
2.67	0.454617
2.673	0.452344
2.676	0.449936
2.679	0.447363
2.682	0.44461
2.685	0.44168
2.688	0.438594
2.691	0.435392
2.694	0.432127
2.697	0.428859
2.7	0.425649
2.703	0.422552
2.706	0.419606
2.709	0.416835
2.712	0.414242
2.715	0.411814
2.718	0.409521
2.721	0.407324
2.724	0.405175
2.727	0.403023
2.73	0.400816
2.733	0.398506
2.736	0.396054
2.739	0.393431
2.742	0.390622
2.745	0.387632
2.748	0.384483
2.751	0.381216
2.754	0.377884
2.757	0.374549
2.76	0.371275
2.763	0.368113
2.766	0.365106
2.769	0.362275
2.772	0.359623
2.775	0.357135
2.778	0.354782
2.781	0.352523
2.784	0.350307
2.787	0.348082
2.79	0.345794
2.793	0.343394
2.796	0.34084
2.799	0.338103
2.802	0.335168
2.805	0.33204
2.808	0.328742
2.811	0.325319
2.814	0.321828
2.817	0.318335
2.82	0.314906
2.823	0.311598
2.826	0.308456
2.829	0.305502
2.832	0.302742
2.835	0.30016
2.838	0.297725
2.841	0.295394
2.844	0.293115
2.847	0.290833
2.85	0.288492
2.853	0.286039
2.856	0.283431
2.859	0.280635
2.862	0.277635
2.865	0.274436
2.868	0.271061
2.871	0.267555
2.874	0.263978
2.877	0.260397
2.88	0.256883
2.883	0.253494
2.886	0.250276
2.889	0.247255
2.892	0.244434
2.895	0.241798
2.898	0.239317
2.901	0.236946
2.904	0.234633
2.907	0.232322
2.91	0.229958
2.913	0.227488
2.916	0.224867
2.919	0.222066
2.922	0.219068
2.925	0.215877
2.928	0.212519
2.931	0.209039
2.934	0.205499
2.937	0.201966
2.94	0.198512
2.943	0.195198
2.946	0.19207
2.949	0.189156
2.952	0.18646
2.955	0.183968
2.958	0.181649
2.961	0.179457
2.964	0.177337
2.967	0.175228
2.97	0.173065
2.973	0.170783
2.976	0.168323
2.979	0.165632
2.982	0.162674
2.985	0.159431
2.988	0.155912
2.991	0.152152
2.994	0.148214
2.997	0.144182
3	0.140155
3.003	0.136226
3.006	0.132481
3.009	0.128979
3.012	0.125754
3.015	0.12281
3.018	0.120127
3.021	0.117666
3.024	0.115371
3.027	0.113181
3.03	0.111029
3.033	0.10885
3.036	0.106581
3.039	0.104168
3.042	0.101565
3.045	0.0987429
3.048	0.095689
3.051	0.0924114
3.054	0.0889395
3.057	0.0853222
3.06	0.0816237
3.063	0.077916
3.066	0.0742706
3.069	0.0707499
3.072	0.0674007
3.075	0.0642497
3.078	0.0613028
3.081	0.0585461
3.084	0.0559489
3.087	0.0534678
3.09	0.0510508
3.093	0.0486416
3.096	0.0461837
3.099	0.0436242
3.102	0.0409185
3.105	0.0380341
3.108	0.034955
3.111	0.0316847
3.114	0.0282474
3.117	0.0246868
3.12	0.0210622
3.123	0.0174412
3.126	0.0138911
3.129	0.0104712
3.132	0.00722494
3.135	0.00417652
3.138	0.00132924
3.141	-0.00133299
3.144	-0.00384253
3.147	-0.00624409
3.15	-0.00859042
3.153	-0.0109382
3.156	-0.0133439
3.159	-0.0158598
3.162	-0.0185299
3.165	-0.0213858
3.168	-0.0244425
3.171	-0.0276959
3.174	-0.0311213
3.177	-0.0346744
3.18	-0.0382962
3.183	-0.0419191
3.186	-0.0454757
3.189	-0.048907
3.192	-0.052169
3.195	-0.0552373
3.198	-0.0581081
3.201	-0.0607968
3.204	-0.0633353
3.207	-0.0657678
3.21	-0.0681466
3.213	-0.0705281
3.216	-0.0729684
3.219	-0.0755197
3.222	-0.0782256
3.225	-0.0811172
3.228	-0.0842095
3.231	-0.0874979
3.234	-0.0909575
3.237	-0.0945438
3.24	-0.0981975
3.243	-0.101851
3.246	-0.105436
3.249	-0.108893
3.252	-0.112178
3.255	-0.115266
3.258	-0.11815
3.261	-0.120847
3.264	-0.123388
3.267	-0.125816
3.27	-0.128183
3.273	-0.130547
3.276	-0.132963
3.279	-0.135485
3.282	-0.138157
3.285	-0.141012
3.288	-0.144067
3.291	-0.147317
3.294	-0.150739
3.297	-0.15429
3.3	-0.15791
3.303	-0.161532
3.306	-0.165088
3.309	-0.168519
3.312	-0.171778
3.315	-0.17484
3.318	-0.177699
3.321	-0.18037
3.324	-0.182882
3.327	-0.185278
3.33	-0.18761
3.333	-0.189933
3.336	-0.192301
3.339	-0.194768
3.342	-0.197377
3.345	-0.200161
3.348	-0.203135
3.351	-0.206296
3.354	-0.209623
3.357	-0.213072
3.36	-0.216588
3.363	-0.220103
3.366	-0.223554
3.369	-0.226881
3.372	-0.230041
3.375	-0.233012
3.378	-0.235787
3.381	-0.238383
3.384	-0.240831
3.387	-0.243173
3.39	-0.245461
3.393	-0.24775
3.396	-0.250096
3.399	-0.252549
3.402	-0.255154
3.405	-0.257941
3.408	-0.260927
3.411	-0.264106
3.414	-0.267454
3.417	-0.270929
3.42	-0.27447
3.423	-0.278011
3.426	-0.281485
3.429	-0.284831
3.432	-0.288007
3.435	-0.290986
3.438	-0.293764
3.441	-0.296357
3.444	-0.298794
3.447	-0.30112
3.45	-0.303384
3.453	-0.305644
3.456	-0.307953
3.459	-0.310364
3.462	-0.312919
3.465	-0.315649
3.468	-0.318572
3.471	-0.321682
3.474	-0.324957
3.477	-0.328354
3.48	-0.331817
3.483	-0.335279
3.486	-0.338675
3.489	-0.341948
3.492	-0.345054
3.495	-0.347969
3.498	-0.350687
3.501	-0.353223
3.504	-0.355607
3.507	-0.35788
3.51	-0.360092
3.513	-0.362297
3.516	-0.364549
3.519	-0.366898
3.522	-0.369387
3.525	-0.372047
3.528	-0.374893
3.531	-0.377922
3.534	-0.381111
3.537	-0.384419
3.54	-0.38779
3.543	-0.39116
3.546	-0.394464
3.549	-0.397646
3.552	-0.400665
3.555	-0.403498
3.558	-0.406141
3.561	-0.408608
3.564	-0.410931
3.567	-0.413151
3.57	-0.415315
3.573	-0.417477
3.576	-0.419689
3.579	-0.421999
3.582	-0.424447
3.585	-0.427063
3.588	-0.42986
3.591	-0.432833
3.594	-0.435959
3.597	-0.439195
3.6	-0.442484
3.603	-0.445761
3.606	-0.448962
3.609	-0.452029
3.612	-0.454918
3.615	-0.457604
3.618	-0.460081
3.621	-0.462362
3.624	-0.464475
3.627	-0.466461
3.63	-0.46837
3.633	-0.470259
3.636	-0.472186
3.639	-0.474211
3.642	-0.476388
3.645	-0.478766
3.648	-0.48138
3.651	-0.484247
3.654	-0.487361
3.657	-0.490691
3.66	-0.494183
3.663	-0.49776
3.666	-0.501336
3.669	-0.504824
3.672	-0.508148
3.675	-0.511253
3.678	-0.514108
3.681	-0.516706
3.684	-0.519064
3.687	-0.521216
3.69	-0.523208
3.693	-0.525093
3.696	-0.526929
3.699	-0.528772
3.702	-0.530677
3.705	-0.532691
3.708	-0.534855
3.711	-0.537195
3.714	-0.539723
3.717	-0.542435
3.72	-0.545306
3.723	-0.548297
3.726	-0.551354
3.729	-0.554415
3.732	-0.557421
3.735	-0.560319
3.738	-0.563068
3.741	-0.565647
3.744	-0.56805
3.747	-0.570289
3.75	-0.572391
3.753	-0.574392
3.756	-0.576335
3.759	-0.578268
3.762	-0.580237
3.765	-0.582287
3.768	-0.584455
3.771	-0.586766
3.774	-0.589236
3.777	-0.591861
3.78	-0.594622
3.783	-0.597484
3.786	-0.600397
3.789	-0.603308
3.792	-0.60616
3.795	-0.608906
3.798	-0.611509
3.801	-0.613951
3.804	-0.616227
3.807	-0.618351
3.81	-0.620349
3.813	-0.622256
3.816	-0.624115
3.819	-0.62597
3.822	-0.627868
3.825	-0.62985
3.828	-0.631951
3.831	-0.634197
3.834	-0.6366
3.837	-0.639156
3.84	-0.641847
3.843	-0.644636
3.846	-0.647476
3.849	-0.650314
3.852	-0.653094
3.855	-0.655769
3.858	-0.658304
3.861	-0.660678
3.864	-0.662886
3.867	-0.664941
3.87	-0.666867
3.873	-0.668697
3.876	-0.670471
3.879	-0.672234
3.882	-0.674027
3.885	-0.675891
3.888	-0.677861
3.891	-0.67996
3.894	-0.682202
3.897	-0.684583
3.9	-0.687087
3.903	-0.689681
3.906	-0.692321
3.909	-0.694959
3.912	-0.697543
3.915	-0.700029
3.918	-0.702386
3.921	-0.704593
3.924	-0.706646
3.927	-0.708556
3.93	-0.710344
3.933	-0.712042
3.936	-0.713686
3.939	-0.715315
3.942	-0.71697
3.945	-0.718688
3.948	-0.720501
3.951	-0.722431
3.954	-0.72449
3.957	-0.726677
3.96	-0.728976
3.963	-0.731358
3.966	-0.733783
3.969	-0.736204
3.972	-0.738576
3.975	-0.740859
3.978	-0.743023
3.981	-0.745051
3.984	-0.746942
3.987	-0.748705
3.99	-0.750363
3.993	-0.751945
3.996	-0.753487
3.999	-0.755026
4.002	-0.7566
4.005	-0.758243
4.008	-0.759986
4.011	-0.761849
4.014	-0.763842
4.017	-0.765962
4.02	-0.768192
4.023	-0.770504
4.026	-0.772858
4.029	-0.775208
4.032	-0.77751
4.035	-0.779724
4.038	-0.781822
4.041	-0.783785
4.044	-0.785612
4.047	-0.787311
4.05	-0.788903
4.053	-0.790417
4.056	-0.791884
4.059	-0.793342
4.062	-0.794825
4.065	-0.796367
4.068	-0.797994
4.071	-0.799727
4.074	-0.801575
4.077	-0.803536
4.08	-0.805594
4.083	-0.807724
4.086	-0.809888
4.089	-0.812047
4.092	-0.814158
4.095	-0.816187
4.098	-0.818106
4.101	-0.819901
4.104	-0.821569
4.107	-0.823118
4.11	-0.824566
4.113	-0.825938
4.116	-0.827264
4.119	-0.828577
4.122	-0.829908
4.125	-0.831288
4.128	-0.832742
4.131	-0.834287
4.134	-0.835935
4.137	-0.837682
4.14	-0.839518
4.143	-0.841417
4.146	-0.84335
4.149	-0.845278
4.152	-0.847167
4.155	-0.848984
4.158	-0.850706
4.161	-0.852319
4.164	-0.853824
4.167	-0.855227
4.17	-0.856547
4.173	-0.857807
4.176	-0.859035
4.179	-0.860262
4.182	-0.861518
4.185	-0.862831
4.188	-0.864223
4.191	-0.865711
4.194	-0.867305
4.197	-0.869
4.2	-0.870783
4.203	-0.872632
4.206	-0.874513
4.209	-0.876391
4.212	-0.878228
4.215	-0.879992
4.218	-0.881659
4.221	-0.883213
4.224	-0.88465
4.227	-0.885976
4.23	-0.887207
4.233	-0.888361
4.236	-0.889463
4.239	-0.89054
4.242	-0.89162
4.245	-0.892725
4.248	-0.893879
4.251	-0.895095
4.254	-0.896384
4.257	-0.897744
4.26	-0.899166
4.263	-0.900633
4.266	-0.90212
4.269	-0.903599
4.272	-0.90504
4.275	-0.906419
4.278	-0.907717
4.281	-0.908922
4.284	-0.910032
4.287	-0.911053
4.29	-0.912
4.293	-0.912889
4.296	-0.913746
4.299	-0.914597
4.302	-0.915468
4.305	-0.916388
4.308	-0.917385
4.311	-0.918482
4.314	-0.919696
4.317	-0.921037
4.32	-0.922503
4.323	-0.924079
4.326	-0.925737
4.329	-0.927439
4.332	-0.92914
4.335	-0.930796
4.338	-0.932365
4.341	-0.93382
4.344	-0.935142
4.347	-0.936328
4.35	-0.937385
4.353	-0.938328
4.356	-0.939178
4.359	-0.939959
4.362	-0.940695
4.365	-0.941412
4.368	-0.942133
4.371	-0.942878
4.374	-0.943664
4.377	-0.944503
4.38	-0.945401
4.383	-0.946359
4.386	-0.94737
4.389	-0.94842
4.392	-0.949492
4.395	-0.950565
4.398	-0.951617
4.401	-0.952629
4.404	-0.953589
4.407	-0.954486
4.41	-0.955319
4.413	-0.956092
4.416	-0.956815
4.419	-0.957498
4.422	-0.958158
4.425	-0.95881
4.428	-0.959471
4.431	-0.960157
4.434	-0.960878
4.437	-0.961646
4.44	-0.962465
4.443	-0.963334
4.446	-0.964248
4.449	-0.965193
4.452	-0.966154
4.455	-0.967112
4.458	-0.968049
4.461	-0.968948
4.464	-0.969796
4.467	-0.970586
4.47	-0.971316
4.473	-0.97199
4.476	-0.972613
4.479	-0.973198
4.482	-0.973756
4.485	-0.974302
4.488	-0.974848
4.491	-0.975409
4.494	-0.975995
4.497	-0.976613
4.5	-0.977269
4.503	-0.977961
4.506	-0.978687
4.509	-0.979436
4.512	-0.980195
4.515	-0.980951
4.518	-0.981688
4.521	-0.982393
4.524	-0.983056
4.527	-0.983671
4.53	-0.984235
4.533	-0.984751
4.536	-0.985225
4.539	-0.985663
4.542	-0.986076
4.545	-0.986473
4.548	-0.986865
4.551	-0.98726
4.554	-0.987667
4.557	-0.988093
4.56	-0.988539
4.563	-0.989007
4.566	-0.989495
4.569	-0.989995
4.572	-0.990501
4.575	-0.991002
4.578	-0.991488
4.581	-0.99195
4.584	-0.992381
4.587	-0.992777
4.59	-0.993136
4.593	-0.993459
4.596	-0.993748
4.599	-0.994008
4.602	-0.994245
4.605	-0.994462
4.608	-0.994668
4.611	-0.994865
4.614	-0.995061
4.617	-0.995257
4.62	-0.995457
4.623	-0.995662
4.626	-0.995871
4.629	-0.996084
4.632	-0.996296
4.635	-0.996506
4.638	-0.996709
4.641	-0.996902
4.644	-0.997084
4.647	-0.997253
4.65	-0.997408
4.653	-0.997551
4.656	-0.997684
4.659	-0.997808
4.662	-0.997927
4.665	-0.998043
4.668	-0.998159
4.671	-0.998278
4.674	-0.998403
4.677	-0.998534
4.68	-0.998673
4.683	-0.998819
4.686	-0.998971
4.689	-0.999126
4.692	-0.999282
4.695	-0.999435
4.698	-0.999581
4.701	-0.999715
4.704	-0.999836
4.707	-0.99994
4.71	-1.00003
4.713	-1.00009
4.716	-1.00014
4.719	-1.00017
4.722	-1.00018
4.725	-1.00016
4.728	-1.00013
4.731	-1.00008
4.734	-1
4.737	-0.999908
4.74	-0.999795
4.743	-0.999665
4.746	-0.99952
4.749	-0.999364
4.752	-0.999199
4.755	-0.999029
4.758	-0.998858
4.761	-0.998689
4.764	-0.998523
4.767	-0.998362
4.77	-0.998205
4.773	-0.998051
4.776	-0.997896
4.779	-0.997738
4.782	-0.997572
4.785	-0.997394
4.788	-0.997201
4.791	-0.996987
4.794	-0.996749
4.797	-0.996487
4.8	-0.996198
4.803	-0.995883
4.806	-0.995547
4.809	-0.995194
4.812	-0.99483
4.815	-0.994462
4.818	-0.994097
4.821	-0.993742
4.824	-0.9934
4.827	-0.993073
4.83	-0.992761
4.833	-0.99246
4.836	-0.992167
4.839	-0.991876
4.842	-0.991578
4.845	-0.991268
4.848	-0.990936
4.851	-0.990576
4.854	-0.990183
4.857	-0.989751
4.86	-0.98928
4.863	-0.98877
4.866	-0.988228
4.869	-0.987659
4.872	-0.987076
4.875	-0.986488
4.878	-0.985908
4.881	-0.985345
4.884	-0.984806
4.887	-0.984294
4.89	-0.98381
4.893	-0.983349
4.896	-0.982906
4.899	-0.982472
4.902	-0.982036
4.905	-0.981587
4.908	-0.981114
4.911	-0.980608
4.914	-0.98006
4.917	-0.979464
4.92	-0.978818
4.923	-0.978124
4.926	-0.977388
4.929	-0.976622
4.932	-0.97584
4.935	-0.975058
4.938	-0.974291
4.941	-0.973554
4.944	-0.972857
4.947	-0.972205
4.95	-0.971598
4.953	-0.971033
4.956	-0.9705
4.959	-0.969989
4.962	-0.969485
4.965	-0.968972
4.968	-0.968434
4.971	-0.967852
4.974	-0.967209
4.977	-0.966493
4.98	-0.965691
4.983	-0.964799
4.986	-0.963818
4.989	-0.96276
4.992	-0.961644
4.995	-0.960495
4.998	-0.959343
5.001	-0.958217
5.004	-0.957143
5.007	-0.956137
5.01	-0.955209
5.013	-0.95436
5.016	-0.953581
5.019	-0.952858
5.022	-0.952175
5.025	-0.951511
5.028	-0.950845
5.031	-0.950155
5.034	-0.949421
5.037	-0.948625
5.04	-0.947754
5.043	-0.946797
5.046	-0.945752
5.049	-0.94462
5.052	-0.943415
5.055	-0.942153
5.058	-0.940858
5.061	-0.939557
5.064	-0.938277
5.067	-0.937039
5.07	-0.935862
5.073	-0.934754
5.076	-0.933718
5.079	-0.932748
5.082	-0.931832
5.085	-0.930954
5.088	-0.930095
5.091	-0.929232
5.094	-0.928345
5.097	-0.927414
5.1	-0.926423
5.103	-0.925359
5.106	-0.924217
5.109	-0.922998
5.112	-0.921711
5.115	-0.920375
5.118	-0.91901
5.121	-0.917644
5.124	-0.916301
5.127	-0.915003
5.13	-0.913765
5.133	-0.912597
5.136	-0.911497
5.139	-0.910458
5.142	-0.909465
5.145	-0.908499
5.148	-0.907538
5.151	-0.906557
5.154	-0.905533
5.157	-0.904443
5.16	-0.903269
5.163	-0.901997
5.166	-0.900621
5.169	-0.899146
5.172	-0.897583
5.175	-0.895954
5.178	-0.894289
5.181	-0.892619
5.184	-0.890976
5.187	-0.88939
5.19	-0.88788
5.193	-0.886457
5.196	-0.885122
5.199	-0.883866
5.202	-0.882674
5.205	-0.881522
5.208	-0.880384
5.211	-0.879233
5.214	-0.878039
5.217	-0.876776
5.22	-0.875423
5.223	-0.873963
5.226	-0.87239
5.229	-0.870707
5.232	-0.868927
5.235	-0.867074
5.238	-0.86518
5.241	-0.863282
5.244	-0.861416
5.247	-0.859613
5.25	-0.857898
5.253	-0.856284
5.256	-0.854773
5.259	-0.853357
5.262	-0.852017
5.265	-0.850731
5.268	-0.849469
5.271	-0.848201
5.274	-0.846894
5.277	-0.845521
5.28	-0.844056
5.283	-0.842482
5.286	-0.84079
5.289	-0.838983
5.292	-0.837074
5.295	-0.835088
5.298	-0.83306
5.301	-0.831027
5.304	-0.82903
5.307	-0.827101
5.31	-0.825266
5.313	-0.823539
5.316	-0.821923
5.319	-0.820407
5.322	-0.818973
5.325	-0.817595
5.328	-0.816243
5.331	-0.814883
5.334	-0.813481
5.337	-0.812007
5.34	-0.810435
5.343	-0.808745
5.346	-0.806928
5.349	-0.804988
5.352	-0.802938
5.355	-0.800807
5.358	-0.79863
5.361	-0.79645
5.364	-0.794308
5.367	-0.792239
5.37	-0.790271
5.373	-0.788419
5.376	-0.786683
5.379	-0.785053
5.382	-0.783508
5.385	-0.78202
5.388	-0.780556
5.391	-0.779079
5.394	-0.777554
5.397	-0.775947
5.4	-0.77423
5.403	-0.772383
5.406	-0.770397
5.409	-0.768276
5.412	-0.766035
5.415	-0.763706
5.418	-0.761327
5.421	-0.758944
5.424	-0.756601
5.427	-0.754339
5.43	-0.752185
5.433	-0.750156
5.436	-0.748254
5.439	-0.746466
5.442	-0.744771
5.445	-0.743136
5.448	-0.741526
5.451	-0.7399
5.454	-0.738219
5.457	-0.736447
5.46	-0.734552
5.463	-0.732513
5.466	-0.73032
5.469	-0.727977
5.472	-0.725504
5.475	-0.722932
5.478	-0.720308
5.481	-0.717681
5.484	-0.715103
5.487	-0.712617
5.49	-0.710257
5.493	-0.708042
5.496	-0.705975
5.499	-0.704048
5.502	-0.702237
5.505	-0.700511
5.508	-0.698832
5.511	-0.69716
5.514	-0.695452
5.517	-0.693672
5.52	-0.691786
5.523	-0.689769
5.526	-0.687611
5.529	-0.685312
5.532	-0.682889
5.535	-0.680372
5.538	-0.677803
5.541	-0.675231
5.544	-0.672702
5.547	-0.670259
5.55	-0.667932
5.553	-0.665737
5.556	-0.663676
5.559	-0.661735
5.562	-0.659889
5.565	-0.658104
5.568	-0.65634
5.571	-0.654554
5.574	-0.652704
5.577	-0.65075
5.58	-0.64866
5.583	-0.646409
5.586	-0.643988
5.589	-0.641403
5.592	-0.638674
5.595	-0.63584
5.598	-0.632952
5.601	-0.630066
5.604	-0.627242
5.607	-0.62453
5.61	-0.62197
5.613	-0.619584
5.616	-0.617378
5.619	-0.615343
5.622	-0.613451
5.625	-0.611668
5.628	-0.609947
5.631	-0.608238
5.634	-0.606486
5.637	-0.604636
5.64	-0.602638
5.643	-0.600446
5.646	-0.598027
5.649	-0.595364
5.652	-0.592461
5.655	-0.589344
5.658	-0.586066
5.661	-0.582697
5.664	-0.579319
5.667	-0.576014
5.67	-0.572855
5.673	-0.569897
5.676	-0.567169
5.679	-0.56468
5.682	-0.562413
5.685	-0.560337
5.688	-0.558408
5.691	-0.556574
5.694	-0.554778
5.697	-0.552966
5.7	-0.551084
5.703	-0.549083
5.706	-0.546925
5.709	-0.544581
5.712	-0.542039
5.715	-0.539304
5.718	-0.536399
5.721	-0.533364
5.724	-0.530256
5.727	-0.527134
5.73	-0.524063
5.733	-0.521096
5.736	-0.518274
5.739	-0.51562
5.742	-0.513139
5.745	-0.510819
5.748	-0.508631
5.751	-0.506537
5.754	-0.504492
5.757	-0.502444
5.76	-0.500345
5.763	-0.498148
5.766	-0.495815
5.769	-0.493315
5.772	-0.490637
5.775	-0.487782
5.778	-0.484774
5.781	-0.481652
5.784	-0.478468
5.787	-0.475284
5.79	-0.47216
5.793	-0.46915
5.796	-0.466293
5.799	-0.46361
5.802	-0.461103
5.805	-0.458759
5.808	-0.456547
5.811	-0.454427
5.814	-0.45235
5.817	-0.450265
5.82	-0.448121
5.823	-0.44587
5.826	-0.443471
5.829	-0.440897
5.832	-0.438135
5.835	-0.435187
5.838	-0.432079
5.841	-0.428851
5.844	-0.425558
5.847	-0.422263
5.85	-0.419028
5.853	-0.415908
5.856	-0.412942
5.859	-0.410153
5.862	-0.407544
5.865	-0.4051
5.868	-0.40279
5.871	-0.400573
5.874	-0.398399
5.877	-0.396216
5.88	-0.393971
5.883	-0.391616
5.886	-0.389109
5.889	-0.386423
5.892	-0.383543
5.895	-0.380475
5.898	-0.377245
5.901	-0.373896
5.904	-0.370485
5.907	-0.367076
5.91	-0.363733
5.913	-0.360512
5.916	-0.357451
5.919	-0.354572
5.922	-0.351876
5.925	-0.349346
5.928	-0.346951
5.931	-0.344646
5.934	-0.34238
5.937	-0.3401
5.94	-0.337752
5.943	-0.335286
5.946	-0.332664
5.949	-0.329857
5.952	-0.326857
5.955	-0.323675
5.958	-0.320343
5.961	-0.316913
5.964	-0.313454
5.967	-0.310042
5.97	-0.306751
5.973	-0.303651
5.976	-0.300794
5.979	-0.298216
5.982	-0.295932
5.985	-0.293945
5.988	-0.292241
5.991	-0.290798
5.994	-0.289591
5.997	-0.288589
