 Location  Dispersion    Centroids   Volume
0.000399489   0.0402086   0.00184506   1.00002
0.0605972   0.0395022   0.060719   0.999981
0.120198   0.0398924   0.1199   1
0.17995   0.039803   0.178758   0.99999
0.239664   0.0398141   0.236764   0.999993
0.300014   0.0406607   0.296194   1.00001
0.365838   0.0403824   0.35728   1.00001
0.426105   0.0396147   0.413928   0.99999
0.485987   0.0400579   0.465533   1
0.545848   0.0401345   0.520303   1
0.606025   0.0400977   0.569313   1.00001
0.666032   0.0399217   0.619346   0.999999
0.726205   0.0399875   0.663912   1
0.786069   0.039997   0.708459   0.999996
0.845869   0.0397318   0.749056   0.999995
0.905845   0.0397708   0.785757   0.999994
0.965759   0.0401828   0.823964   1.00001
1.03179   0.0400324   0.857673   1
1.09188   0.0398193   0.887757   0.999998
1.15194   0.0399763   0.913354   1
1.21195   0.0398938   0.937262   1
1.27198   0.0398441   0.955732   0.999998
1.33196   0.0399307   0.971826   1
1.39201   0.039829   0.983664   0.999999
1.45199   0.039839   0.993296   1
1.51199   0.0398508   0.998079   1
1.57199   0.0398589   1.00024   1
1.63202   0.0398663   0.998976   1
1.698   0.0398622   0.992275   1
1.75798   0.039823   0.982829   0.999999
1.81803   0.0399018   0.971344   1
1.878   0.0399181   0.952868   1
1.93804   0.0398384   0.934144   0.999999
1.99805   0.0398846   0.909597   1
2.05806   0.0399112   0.88466   0.999998
2.11817   0.0401048   0.854129   1.00001
2.17819   0.0398654   0.82039   0.999998
2.2381   0.0396897   0.786365   0.999993
2.29822   0.0402694   0.746562   1
2.36401   0.0402337   0.702722   1
2.42441   0.0399842   0.65759   1
2.4842   0.03997   0.610848   0.999998
2.5443   0.0398846   0.561917   0.999998
2.60414   0.0399494   0.513009   0.999998
2.66413   0.0399702   0.458875   0.999999
2.72404   0.0400623   0.405312   0.999998
2.78401   0.0401114   0.350482   1
2.8441   0.0400476   0.292958   1
2.90405   0.0397396   0.234582   0.999996
2.96414   0.0401242   0.176163   0.999991
3.0297   0.0406453   0.113007   1.00001
3.08998   0.0399693   0.0504782   0.999996
3.14999   0.0400046   -0.00841534   1
3.20996   0.0401418   -0.0679152   0.999998
3.27008   0.0402935   -0.128432   1.00001
3.33018   0.0399475   -0.188047   0.999992
3.38999   0.0399258   -0.245417   0.999996
3.45008   0.0400957   -0.3035   1.00001
3.51004   0.0399131   -0.360466   0.999995
3.5699   0.0397586   -0.415165   0.999996
3.6302   0.0403691   -0.469826   1.00001
3.69575   0.0402365   -0.525763   0.999996
3.75601   0.0398605   -0.576701   1
3.81593   0.0399037   -0.624052   0.999995
3.87603   0.0401534   -0.670745   1.00001
3.936   0.0398752   -0.714179   0.999994
3.99595   0.0398212   -0.753448   0.999996
4.05588   0.0400641   -0.792036   1
4.1158   0.0399579   -0.827639   1
4.17604   0.0399954   -0.859004   1
4.23597   0.0399932   -0.890112   1
4.2962   0.039899   -0.914519   1
4.36203   0.0398178   -0.940582   0.999994
4.42202   0.0399059   -0.958326   1
4.48204   0.0398889   -0.974061   1
4.54206   0.0398329   -0.986445   1
4.60203   0.0398223   -0.994668   0.999999
4.66199   0.0398368   -0.997984   0.999999
4.72199   0.0398686   -1.00065   1
4.782   0.0398518   -0.997844   1
4.84202   0.039853   -0.991884   1
4.90201   0.0398068   -0.982332   0.999999
4.96196   0.0398314   -0.96932   0.999997
5.02792   0.0399736   -0.951835   1
5.08792   0.0398895   -0.930126   0.999999
5.14788   0.039811   -0.908019   0.999998
5.20804   0.0400181   -0.880786   1.00001
5.26812   0.0400192   -0.849542   1
5.32809   0.0397993   -0.816368   0.999994
5.38796   0.0398611   -0.780963   0.999997
5.44806   0.0401538   -0.74193   1.00001
5.50804   0.0399226   -0.698475   0.999997
5.56803   0.0397701   -0.657075   0.999996
5.62837   0.0404836   -0.608677   1.00001
5.69402   0.0400979   -0.555977   0.999994
5.75405   0.0396569   -0.504492   0.999992
5.81394   0.0400154   -0.45271   1
5.87395   0.0399682   -0.398574   0.999996
5.93354   0.0397338   -0.342859   0.999986
5.99368   0.0401477   -0.284314   1.00002
