 Location  Dispersion    Centroids   Volume
0.0024049   0.0499199   -0.0338268   1.00535
0.120458   0.0435994   0.101233   0.999065
0.246145   0.0408068   0.231828   0.998316
0.366083   0.0395173   0.353921   0.998077
0.491929   0.0389407   0.469306   0.997978
0.611908   0.0394508   0.577791   0.998518
0.731959   0.0397764   0.67706   0.998714
0.857862   0.0410098   0.766441   0.999464
0.977959   0.0418848   0.844894   1.00002
1.09814   0.0427876   0.910307   1.00037
1.22393   0.0441167   0.962721   1.00116
1.34411   0.044929   0.999413   1.00153
1.46995   0.0454698   1.02194   1.00191
1.5902   0.0455164   1.02798   1.00192
1.71041   0.0461363   1.01883   1.00214
1.83608   0.0457442   0.994242   1.00181
1.95646   0.045609   0.952268   1.00175
2.08219   0.0445841   0.897824   1.00103
2.20238   0.0437607   0.828796   1.00068
2.32256   0.0435056   0.748872   1.00046
2.4483   0.0417153   0.656451   0.999302
2.56847   0.0415582   0.554094   0.999401
2.69432   0.039896   0.44301   0.998299
2.81421   0.0394764   0.32901   0.99816
2.9342   0.0392166   0.208431   0.997992
3.06006   0.0385968   0.0845605   0.99757
3.18002   0.0391145   -0.0392492   0.998005
3.30007   0.0391647   -0.16318   0.99785
3.42605   0.0397231   -0.285601   0.998204
3.54605   0.0398505   -0.404466   0.998291
3.67187   0.0408114   -0.516446   0.998849
3.79182   0.0416578   -0.620108   0.999456
3.91193   0.0425919   -0.716083   0.99987
4.03784   0.0436211   -0.800952   1.0006
4.15809   0.0440665   -0.874849   1.00074
4.28369   0.0450645   -0.934092   1.00152
4.40381   0.0450078   -0.980272   1.00169
4.52428   0.0453373   -1.01037   1.00171
4.64994   0.0456461   -1.02524   1.00193
4.77019   0.0452859   -1.02494   1.00174
4.89599   0.0444755   -1.00803   1.00135
5.01616   0.0433655   -0.974774   1.00085
5.13628   0.0428038   -0.929406   1.00054
5.26208   0.0413325   -0.867866   0.999635
5.38216   0.0405136   -0.793082   0.999298
5.50222   0.0398533   -0.706754   0.998806
5.62822   0.0392261   -0.610359   0.998361
5.74832   0.0397216   -0.50083   0.998339
5.87428   0.040567   -0.383936   0.997971
5.99235   0.0467935   -0.257201   1.00336
