2.89735   5.00674   0.545527   0.538962   -0.434114   1
2.07974   -0.0326123   0.0863658   0.542712   -0.447177   1
0.0638594   5.11462   0.604257   0.483264   -1.78684   1
3.79085   4.5762   0.620248   0.574034   0.974138   1
5.58627   -0.0502072   0.544187   0.57154   -2.53608   1
2.15199   3.53108   0.51663   0.651144   -0.713149   1
3.38994   4.16694   0.749835   0.479201   0.941338   1
4.29769   0.181461   0.690075   0.461552   0.794518   1
2.37687   2.80832   0.330939   0.908492   -0.637784   1
5.01236   4.0622   0.595537   0.563872   0.0593036   1
3.57901   2.51394   0.00153352   0.697369   0.394597   1
5.31733   4.4068   0.619497   0.733637   -0.995254   1
2.71908   5.21069   0.530427   0.546731   0.0659918   1
0.503181   4.69457   0.62766   0.639174   1.20263   1
6.28026   5.38822   0.63192   0.763112   -0.0274484   1
1.49918   4.3997   0.608556   0.493913   1.68015   1
5.91071   1.02843   0.61937   0.549406   1.95112   1
5.84667   5.29755   0.606739   0.537124   -1.0522   1
5.25513   2.0258   0.526707   0.528799   0.00467942   1
2.48136   2.18638   0.0129587   0.0120833   1.06193   1
6.24304   0.698467   0.566568   0.556669   1.59489   1
1.79928   3.66443   0.548917   0.492624   -0.296871   1
4.6504   6.52378   0.657882   0.384   1.72891   1
0.852288   2.24447   0.70386   0.128689   -0.543323   1
5.34037   3.90995   0.507372   0.420239   0.462074   1
