6.03122   4.24606   0.267888   0.313943   -0.487179   1
4.21206   3.53257   0.0352578   0.0836799   -0.360529   1
1.56986   1.06798   0.419018   1.11278   0.410639   1
1.58251   4.77024   0.266983   0.266983   -0.352029   1
5.68177   1.79088   0.266983   0.266983   -0.307014   1
1.25703   2.83615   0.266979   0.266981   -0.262   1
1.81138   2.23801   0.330026   1.45677   -0.524682   1
5.35672   0.588222   0.266983   0.266983   -0.171971   1
3.85996   5.74917   0.266983   0.266983   -0.126957   1
3.99348   6.35901   0.266983   0.266983   -0.0819428   1
5.3739   3.80713   0.266984   0.266984   -0.0369286   1
4.30364   0.211473   0.266983   0.266983   0.00808578   1
2.50892   4.4272   0.266983   0.266983   0.0531001   1
5.58283   3.12185   0.266983   0.266983   0.0981144   1
4.33672   3.6348   0.122293   0.249233   0.145073   1
0.740759   5.73943   0.266983   0.266983   0.188143   1
0.000257747   2.78411   0.266983   0.266983   0.233157   1
4.84452   5.08609   1.13891   1.16389   -0.269851   1
4.02879   1.30175   0.266983   0.266983   0.323186   1
4.11363   4.30566   0.819613   0.543773   0.803185   1
3.68017   1.7457   0.266983   0.266983   0.413214   1
0.206769   6.06875   0.266983   0.266983   0.458229   1
2.32034   1.52563   0.134402   0.197509   0.502056   1
5.39641   6.25076   0.187165   0.0419748   0.50145   1
2.30795   3.22984   0.180939   0.143082   0.588569   1
