 Location  Dispersion    Centroids   Volume
6.31381e-05   0.0198731   0.00280747   1
0.0301785   0.0197315   0.0293069   0.999998
0.0600613   0.0198544   0.0614418   1
0.0900327   0.0197581   0.089439   0.999997
0.119954   0.0199009   0.120217   1
0.149956   0.0198198   0.14837   0.999999
0.180052   0.0199214   0.178695   1
0.210031   0.0197805   0.209291   0.999999
0.23985   0.019641   0.236446   0.999995
0.269739   0.0199977   0.265948   1
0.299876   0.020024   0.295362   1
0.329986   0.019838   0.323648   0.999998
0.359964   0.0199895   0.351861   1
0.390123   0.0199775   0.380271   1
0.420204   0.0198265   0.409242   0.999998
0.450019   0.0197949   0.434761   0.999998
0.480015   0.0197756   0.461147   1
0.510115   0.0198838   0.487775   1
0.540003   0.0198363   0.514681   0.999998
0.569912   0.0198408   0.539882   0.999998
0.599728   0.0198041   0.564012   0.999999
0.629774   0.0197847   0.587416   0.999999
0.659855   0.0200616   0.613447   1
0.689984   0.0199348   0.636907   1
0.720206   0.0200177   0.661345   1
0.756122   0.0199582   0.685623   1
0.786076   0.0196049   0.708582   0.999996
0.816025   0.0198996   0.728026   1
0.846001   0.0199353   0.748881   1
0.875943   0.0196887   0.76827   0.999998
0.905985   0.0198077   0.785273   0.999999
0.935914   0.0200061   0.806268   1
0.966075   0.0198295   0.822841   0.999999
0.996033   0.0198545   0.840131   1
1.02602   0.0197935   0.855689   0.999999
1.05599   0.0198093   0.869652   0.999999
1.08593   0.0198833   0.884588   1
1.11595   0.0197949   0.898634   0.999999
1.14594   0.0198105   0.910737   1
1.17594   0.0198321   0.922481   1
1.20592   0.0198177   0.93414   1
1.23593   0.0198537   0.943329   1
1.26599   0.0199144   0.954012   1
1.29605   0.0198561   0.964021   1
1.32603   0.0198225   0.97063   1
1.35602   0.0198085   0.97607   1
1.38601   0.019829   0.982504   1
1.41599   0.019813   0.98787   1
1.446   0.019829   0.991905   1
1.47599   0.019833   0.995079   1
1.506   0.019828   0.998122   1
1.536   0.0198258   0.998865   1
1.566   0.0198359   1.00007   1
1.59601   0.0198265   0.999278   1
1.626   0.0198224   0.998552   1
1.65602   0.0198484   0.997193   1
1.68602   0.0198364   0.992637   1
1.71603   0.0198293   0.988953   1
1.74602   0.0198299   0.984202   1
1.77605   0.0198399   0.979395   1
1.80603   0.019801   0.971762   1
1.836   0.0197918   0.966211   0.999999
1.86599   0.019854   0.957438   1
1.89602   0.0198573   0.9471   1
1.92601   0.0198079   0.937604   0.999999
1.95596   0.0197833   0.927218   1
1.98601   0.0198616   0.914806   1
2.01604   0.0199423   0.901984   1
2.04613   0.019808   0.888725   0.999999
2.07609   0.019842   0.875296   1
2.1061   0.0198891   0.859396   1
2.13609   0.0198198   0.844027   0.999999
2.16601   0.0197682   0.828093   0.999998
2.19591   0.0197994   0.811333   1
2.22602   0.0198775   0.792715   1
2.26189   0.0198152   0.771281   0.999998
2.29187   0.0198933   0.752967   1
2.32193   0.0200024   0.729741   1
2.35195   0.019696   0.710924   0.999996
2.38196   0.0199206   0.690506   1
2.41192   0.0199524   0.666438   1
2.44207   0.0199224   0.643544   1
2.47202   0.0197704   0.62101   0.999996
2.50191   0.0198725   0.597819   1
2.53204   0.0198979   0.571141   1
2.562   0.019878   0.547788   0.999999
2.59196   0.0199173   0.523577   1
2.62194   0.0198277   0.496818   1
2.65203   0.0198844   0.470314   1
2.68207   0.0199588   0.442072   1
2.71204   0.0198811   0.416574   0.999999
2.74203   0.019832   0.387819   1
2.77215   0.019986   0.362235   1
2.80204   0.0198174   0.331984   0.999998
2.832   0.019739   0.305268   0.999997
2.862   0.0200473   0.276627   1
2.89205   0.0197942   0.244777   0.999998
2.92197   0.0197617   0.218527   0.999998
2.95187   0.0198573   0.18912   1
2.98194   0.0199427   0.158987   1
3.01201   0.0199223   0.128894   1
3.04196   0.0198698   0.0993187   0.999999
3.07187   0.0198604   0.0702341   1
3.10191   0.0198765   0.0390915   1
3.13202   0.0200261   0.00933369   1
3.16203   0.0198495   -0.0216316   1
3.1922   0.0199216   -0.0493507   1
3.22201   0.0199342   -0.0814156   0.999998
3.25195   0.0197923   -0.110293   0.999999
3.28202   0.0198882   -0.139478   1
3.31211   0.0199908   -0.169297   1
3.342   0.0198926   -0.200227   1
3.37213   0.0198726   -0.228013   1
3.40202   0.0198144   -0.257143   0.999998
3.43197   0.0197826   -0.286651   0.999999
3.46185   0.019851   -0.313615   0.999999
3.49194   0.0199797   -0.342518   1
3.52204   0.0199622   -0.371672   1
3.55216   0.0198555   -0.399545   0.999999
3.58211   0.019901   -0.426431   1
3.61209   0.0199042   -0.453357   0.999999
3.64206   0.019903   -0.48008   1
3.67214   0.0198489   -0.505548   1
3.70208   0.0197309   -0.532403   0.999999
3.73217   0.0198984   -0.557975   0.999999
3.76791   0.0199698   -0.58501   1
3.79809   0.0198416   -0.609839   1
3.82797   0.0198151   -0.634164   0.999999
3.85798   0.0197755   -0.657124   1
3.88801   0.0198942   -0.679108   1
3.91803   0.0198328   -0.700608   1
3.94803   0.0198059   -0.722044   0.999999
3.97794   0.0198708   -0.741244   1
4.00803   0.0198562   -0.762298   1
4.03796   0.0198267   -0.780052   0.999999
4.06788   0.0198303   -0.79956   0.999999
4.09786   0.0198938   -0.81607   1
4.12793   0.0198582   -0.833114   1
4.15801   0.0199022   -0.850397   1
4.18794   0.0197766   -0.865951   0.999998
4.2179   0.0197602   -0.879732   1
4.24789   0.0198147   -0.893193   1
4.27791   0.0198649   -0.90635   1
4.30793   0.0198686   -0.918059   1
4.33797   0.0198113   -0.9301   1
4.36798   0.0198672   -0.942747   1
4.39801   0.0198449   -0.952703   1
4.42803   0.0198161   -0.959718   1
4.45801   0.019837   -0.967459   1
4.48803   0.0198265   -0.975316   1
4.51801   0.0197977   -0.981243   0.999999
4.54801   0.0198414   -0.986811   1
4.57804   0.0198575   -0.990808   1
4.60802   0.0198034   -0.996689   0.999999
4.638   0.019822   -0.99619   1
4.66799   0.0198186   -0.998195   1
4.698   0.0198416   -0.999797   1
4.72801   0.0198157   -0.998505   1
4.75799   0.0198346   -1.00015   1
4.78799   0.0198241   -0.99715   1
4.81804   0.0198396   -0.993892   1
4.84802   0.0198279   -0.989816   1
4.878   0.0198005   -0.987028   1
4.90799   0.0198298   -0.980715   1
4.938   0.0198559   -0.975528   1
4.96803   0.0198355   -0.966514   1
4.998   0.0197901   -0.958755   0.999999
5.02797   0.019811   -0.952048   1
5.05801   0.0198894   -0.940206   1
5.088   0.0198038   -0.930421   0.999999
5.11796   0.0198084   -0.918736   1
5.14798   0.0198366   -0.908329   1
5.17797   0.0197721   -0.893647   0.999998
5.2079   0.0198304   -0.880754   1
5.238   0.0199323   -0.865771   1
5.274   0.0199694   -0.84656   1
5.304   0.0197485   -0.830164   0.999998
5.33395   0.0197689   -0.813504   0.999999
5.364   0.019948   -0.795284   1
5.394   0.019876   -0.776487   1
5.42403   0.0198281   -0.756642   1
5.45398   0.0198169   -0.737843   0.999999
5.48402   0.0199112   -0.716715   1
5.51411   0.0199012   -0.694244   1
5.54414   0.0199373   -0.673426   1
5.57411   0.0198649   -0.650887   1
5.60411   0.0196694   -0.627708   0.999998
5.63395   0.0197449   -0.605378   0.999997
5.66387   0.0199555   -0.582118   1
5.69397   0.0199224   -0.554853   1
5.72406   0.0198451   -0.530093   0.999999
5.75401   0.019926   -0.504613   1
5.78396   0.0198055   -0.477733   0.999998
5.81396   0.0198592   -0.452804   1
5.84401   0.0198636   -0.425936   0.999999
5.87392   0.0198764   -0.398652   1
5.90399   0.0198697   -0.370124   1
5.9339   0.0197134   -0.343279   0.999996
5.96379   0.0198798   -0.313368   1
5.99388   0.0199664   -0.285004   1
