 Location  Dispersion    Centroids   Volume
-0.00108348   0.0387926   0.00206968   0.999953
0.0587244   0.040004   0.0548316   0.999996
0.121274   0.0436022   0.119999   1.00015
0.180436   0.0396546   0.174643   0.999882
0.239494   0.0393938   0.232763   0.999994
0.300081   0.0414262   0.296689   1.00004
0.365672   0.0398694   0.356924   0.999976
0.426435   0.0402406   0.413553   1.00002
0.485992   0.0400231   0.470938   1.00001
0.544947   0.0380798   0.519786   0.999906
0.605129   0.0411273   0.571934   1.00009
0.666319   0.0401064   0.617775   0.999991
0.725534   0.0390512   0.664238   0.999969
0.785716   0.0401495   0.703699   1.00001
0.845532   0.0409066   0.748606   1.00003
0.906319   0.0397675   0.793535   1.00001
0.96689   0.0403198   0.8215   0.999998
1.03198   0.0400456   0.863565   0.999995
1.09224   0.0395265   0.88759   0.999991
1.15178   0.0396549   0.912706   0.999999
1.21207   0.0397466   0.935159   0.999999
1.27207   0.040253   0.955537   1.00001
1.33194   0.0397146   0.968995   0.999991
1.39201   0.0397061   0.984595   1
1.45199   0.0398939   0.993592   1
1.51204   0.0399143   1   1
1.57196   0.0397782   0.997157   0.999993
1.63188   0.0399715   1.00032   1
1.69822   0.0402461   0.99295   1.00001
1.76219   0.0449759   0.985006   1.0002
1.84265   0.065065   0.962182   1.00213
1.89126   0.068807   0.933621   1.00525
1.93799   0.00290416   1.47657   0.98877
1.9608   0.0793639   0.904256   1.00344
2.05436   0.0453134   0.886593   1.0001
2.11884   0.0410468   0.855064   1.00005
2.17881   0.0398141   0.813718   0.999981
2.23824   0.0390378   0.787135   0.999963
2.29795   0.0401811   0.746272   1.00002
2.36353   0.0396193   0.701363   0.999971
2.42483   0.0425387   0.656059   1.00004
2.48141   0.0290449   0.612755   1.0002
2.90095   0.00217094   -0.360659   0.978339
2.59656   0.0599422   0.486998   1.00179
2.67615   0.0543104   0.467466   1.00087
2.74427   0.0691319   0.403632   1.00168
2.82199   0.0870321   0.350804   1.00448
2.86639   0.0719024   0.30778   1.00581
2.89487   0.0582175   0.253117   1.00454
2.9456   0.0565838   0.171653   1.00165
3.02228   0.0489351   0.115624   1.00029
3.08837   0.041831   0.0486323   1.00005
3.15053   0.0399257   -0.00887911   0.999997
3.20994   0.0403559   -0.0671772   0.999997
3.27014   0.0402111   -0.128228   1.00001
3.32994   0.0397009   -0.187515   0.999992
3.39077   0.0403685   -0.245471   1.00003
3.45016   0.0399577   -0.302648   0.999974
3.51001   0.0400655   -0.360695   1.00001
3.57076   0.0420759   -0.419391   1.00016
3.69419   0.0460987   -0.491456   1.00386
3.74301   0.041014   -0.610692   1.02736
3.86556   0.0136596   -0.674596   1.02996
3.88031   0.0159481   -0.461014   1.02329
3.72902   0.00145364   0.606544   0.874095
3.93167   0.000151596   -0.145542   1.01365
3.94266   -0.0020425   -0.765944   1.00763
3.98834   0.00764962   -0.807387   1.00825
4.10198   0.0246885   -0.821192   1.00224
4.1734   0.0358494   -0.860107   1.00033
4.2363   0.0395888   -0.887147   1
4.29555   0.0401213   -0.916228   1.00001
4.3618   0.0401817   -0.941614   1.00001
4.42244   0.0404327   -0.95668   1.00002
4.48225   0.039724   -0.980438   0.999986
4.54223   0.039855   -0.984804   1
4.60202   0.0397594   -0.995962   0.999993
4.66199   0.0398554   -0.999874   1
4.72199   0.0398796   -0.999704   1
4.78196   0.0397972   -0.997813   1
4.84203   0.0398145   -0.990571   0.999999
4.90205   0.0399845   -0.981751   1
4.96214   0.0399937   -0.969066   1
5.0282   0.0399288   -0.949785   1
5.08828   0.0397883   -0.931448   0.999997
5.14781   0.0395845   -0.90501   0.99998
5.20758   0.0398926   -0.881537   1.00001
5.26799   0.0402188   -0.850227   1.00001
5.32777   0.0397672   -0.8161   0.999995
5.38805   0.0399185   -0.783102   0.999993
5.44737   0.0401457   -0.741196   1
5.50821   0.0398401   -0.698525   1.00002
5.56843   0.0396601   -0.65266   0.999999
5.6287   0.040218   -0.609923   0.999999
5.69434   0.0404532   -0.557732   1.00001
5.75363   0.0393739   -0.501017   0.999948
5.81381   0.0409817   -0.452185   1.00005
5.87351   0.0390211   -0.397851   0.999978
5.93431   0.0388667   -0.350975   0.999997
5.99376   0.0403836   -0.284453   1.00001
