 Location  Dispersion    Centroids   Volume
-0.000389286   0.0299373   0.000789355   0.999984
0.029302   0.0305787   0.0691313   1.00001
0.0605678   0.0306569   0.101667   1.00001
0.0903977   0.0303337   0.18013   0.99999
0.119993   0.0303667   0.145323   0.999992
0.149927   0.0306004   0.225031   1.00002
0.180549   0.0297889   0.268792   0.999987
0.2099   0.0300816   0.25842   1
0.2404   0.0302127   0.320383   1
0.270002   0.030258   0.290903   0.999994
0.300359   0.0305091   0.348476   1.00002
0.330721   0.0298044   0.418826   0.999981
0.360273   0.0305458   0.361125   1.00002
0.390489   0.0297768   0.467541   0.999985
0.420024   0.0301903   0.466341   1
0.449979   0.0301543   0.480802   1
0.479886   0.0300126   0.486935   0.999997
0.509808   0.0300094   0.502036   1
0.539934   0.0300278   0.550008   0.999994
0.569547   0.0302773   0.587258   1
0.599823   0.0303049   0.633961   1.00001
0.629929   0.0301733   0.64643   1
0.660213   0.030262   0.701002   1.00001
0.690559   0.0302589   0.721285   1
0.720378   0.0299932   0.745656   0.999991
0.756222   0.0302145   0.762176   1
0.785695   0.0300169   0.717865   0.99999
0.815712   0.0303503   0.76861   1.00001
0.84631   0.0302558   0.76781   1.00001
0.876415   0.0297771   0.865722   0.999984
0.905829   0.0302519   0.852782   1.00001
0.936222   0.0301481   0.859922   1.00001
0.96621   0.0298941   0.895546   0.999989
0.995856   0.0302294   0.87812   1
1.02604   0.0301149   0.906826   0.999999
1.05598   0.0301319   0.911576   1
1.08631   0.0303283   0.912909   1.00001
1.11647   0.0302611   0.979549   0.999994
1.14586   0.030201   0.939542   0.999997
1.17624   0.0302539   0.96661   1.00001
1.20618   0.0300348   0.999613   0.999994
1.23602   0.030143   0.995737   1
1.26633   0.0303336   0.999559   1.00001
1.29586   0.02997   0.96963   0.999979
1.3254   0.0305246   1.038   1.00001
1.35615   0.0302631   1.03248   1
1.38617   0.0300975   1.00853   0.999998
1.41607   0.0300287   0.989591   0.999996
1.44565   0.0300894   0.996306   0.999988
1.47551   0.0306514   1.0631   1.00002
1.5061   0.0302088   1.02105   0.999997
1.53597   0.0303354   1.04779   1
1.56576   0.0300849   1.07654   0.999993
1.59606   0.0304204   1.03656   1.00001
1.62637   0.0303555   1.08223   1
1.65604   0.0301997   1.03588   0.999995
1.68611   0.0302082   1.04047   1
1.7161   0.0301152   1.01588   0.999997
1.74603   0.0300822   1.02774   1
1.77634   0.0301032   1.00928   1.00001
1.80616   0.029878   0.988658   0.999989
1.8359   0.0302292   1.01498   1
1.86605   0.0301531   1.00186   1
1.89611   0.0301264   0.991679   1
1.9265   0.0303932   0.985607   1.00001
1.95627   0.0298895   0.93163   0.999985
1.98583   0.0302164   0.988238   0.999997
2.01574   0.0304533   0.94027   1.00001
2.04603   0.030005   0.981359   0.999995
2.07543   0.0299217   0.97123   0.999985
2.10534   0.0305065   0.909166   1.00002
2.13599   0.0301181   0.876479   1
2.16598   0.0301241   0.879787   1
2.196   0.0301415   0.871453   1
2.22547   0.0297647   0.860431   0.999985
2.26143   0.0305323   0.798188   1.00001
2.29206   0.0301869   0.795506   0.999999
2.32198   0.0302206   0.742964   1
2.35205   0.030285   0.756613   1
2.38196   0.0300875   0.77989   0.999994
2.41183   0.0302899   0.752886   0.999997
2.4421   0.0306592   0.67879   1.00002
2.47248   0.0297148   0.637548   0.999982
2.50124   0.029699   0.683546   0.999981
2.53167   0.0308029   0.64211   1.00003
2.5625   0.0304025   0.591543   1.00001
2.59239   0.0299545   0.534797   0.999989
2.62206   0.030124   0.530766   1
2.65192   0.030033   0.537105   0.999999
2.68218   0.0302049   0.507163   1
2.71193   0.0301026   0.446118   0.999998
2.74217   0.0301699   0.422701   1
2.77192   0.0299602   0.434993   0.999989
2.80137   0.0301081   0.415423   0.999994
2.83153   0.0304132   0.387406   1.00001
2.86173   0.0303422   0.316563   1
2.89213   0.030159   0.30578   1.00001
2.92225   0.0299567   0.277052   0.999994
2.95216   0.0302509   0.275251   1.00001
2.98218   0.0300469   0.211926   0.999995
3.01173   0.0300097   0.216759   0.999989
3.04153   0.0304448   0.165267   1.00001
3.07203   0.0305854   0.106361   1.00001
3.10198   0.0302108   0.137242   0.999982
3.13215   0.0312549   0.0587257   1.00004
3.16294   0.0294171   -0.0186518   0.999969
3.19207   0.0302237   0.0156203   1.00001
3.22248   0.0301737   -0.0560804   1
3.25162   0.0298326   -0.0333766   0.999982
3.28213   0.0306395   -0.0994069   1.00003
3.31256   0.0300725   -0.141508   0.999996
3.34237   0.0299208   -0.177414   0.999991
3.37262   0.030591   -0.199431   1.00002
3.40272   0.0300619   -0.243728   0.999992
3.43253   0.0300734   -0.263427   0.999996
3.46213   0.0300869   -0.279873   0.999995
3.49192   0.0300914   -0.279353   0.999996
3.52199   0.0303725   -0.345391   1.00001
3.55249   0.0299409   -0.377888   0.999997
3.58225   0.0300209   -0.410084   0.999995
3.61213   0.0302306   -0.412417   1
3.64138   0.0297646   -0.393782   0.999988
3.67182   0.0301639   -0.465972   1.00001
3.7021   0.0301763   -0.466389   1
3.73218   0.0302012   -0.512172   1
3.76881   0.0305432   -0.503737   1.00002
3.79852   0.0298474   -0.58956   0.99998
3.82798   0.0301508   -0.587506   1
3.85816   0.0302287   -0.584761   1
3.88825   0.0301588   -0.631219   1
3.91817   0.0300975   -0.65428   0.999997
3.94816   0.0302261   -0.66137   1
3.97815   0.0302946   -0.687441   1
4.00802   0.029957   -0.676601   0.99999
4.03729   0.0299605   -0.690326   0.999987
4.06733   0.0304831   -0.743786   1.00002
4.09801   0.0301814   -0.748965   1
4.12861   0.0305301   -0.763811   1.00001
4.15855   0.0305412   -0.837352   1
4.1879   0.0299578   -0.769299   0.999986
4.21772   0.0300815   -0.794795   1
4.24765   0.030201   -0.826423   0.999995
4.27751   0.0304047   -0.874865   1.00001
4.30839   0.0305747   -0.853269   1
4.33739   0.030243   -0.926757   0.999983
4.36802   0.0309938   -0.882077   1.00003
4.39786   0.0298946   -0.94878   0.999975
4.42766   0.0304478   -0.918661   1.00001
4.45858   0.0305575   -0.906285   1.00001
4.48799   0.030249   -0.97075   0.99999
4.51789   0.0302297   -0.943041   1
4.54839   0.0304241   -0.942913   1.00001
4.57771   0.0298632   -0.893876   0.999974
4.60741   0.0306744   -0.965583   1.00002
4.63798   0.0299921   -0.972434   0.999994
4.66789   0.0301413   -0.952309   1
4.69809   0.0302049   -0.945596   1
4.72833   0.0302476   -0.903488   0.999995
4.75755   0.0302438   -0.993657   1
4.7881   0.0299652   -0.905803   1
4.81776   0.0300318   -0.973069   0.999993
4.84777   0.0303497   -0.930117   1.00001
4.87818   0.0303033   -0.941217   1.00001
4.90795   0.0298578   -0.912809   0.999986
4.93736   0.0299982   -0.972676   0.999991
4.9673   0.0305477   -0.925488   1.00001
4.99793   0.030243   -0.904496   1
5.02891   0.0305957   -0.899038   1.00002
5.05855   0.0296126   -0.843215   0.999967
5.08821   0.0306489   -0.880464   1.00002
5.11831   0.0300011   -0.833865   0.999988
5.14791   0.0299917   -0.857678   0.999997
5.17795   0.0301459   -0.834432   1
5.2081   0.0301888   -0.823428   1
5.23807   0.0301943   -0.784981   0.999996
5.27406   0.0305148   -0.829442   1
5.30391   0.030317   -0.735005   0.999998
5.33422   0.0302985   -0.732971   1
5.36447   0.0302949   -0.769275   1.00001
5.39491   0.0297574   -0.678892   0.999981
5.42336   0.030016   -0.727813   0.999988
5.45364   0.0303063   -0.689195   1.00001
5.48398   0.0301931   -0.688983   0.999994
5.51362   0.0304483   -0.612927   1.00001
5.54402   0.0301086   -0.610541   1
5.57352   0.0297331   -0.64117   0.999985
5.60388   0.0303605   -0.606234   1.00003
5.63464   0.0298088   -0.523263   0.999991
5.66412   0.0301147   -0.506607   0.999999
5.69398   0.0301573   -0.529214   0.999989
5.72344   0.0304418   -0.452431   1.00001
5.75397   0.0302135   -0.462775   1
5.78391   0.030079   -0.476087   0.999989
5.81336   0.0303896   -0.413792   1
5.84349   0.030127   -0.387121   0.999994
5.87351   0.0303869   -0.341895   1.00001
5.90368   0.0300017   -0.329494   0.999991
5.93365   0.0303087   -0.254661   1.00001
5.96397   0.0301577   -0.257707   1
5.99398   0.0301546   -0.264106   1
