 x  	 F(x)  
0	0.0850888
0.003	0.085602
0.006	0.0861689
0.009	0.0867902
0.012	0.087467
0.015	0.0882
0.018	0.0889902
0.021	0.0898383
0.024	0.0907452
0.027	0.0917117
0.03	0.0927385
0.033	0.0938264
0.036	0.0949762
0.039	0.0961884
0.042	0.0974639
0.045	0.0988032
0.048	0.100207
0.051	0.101676
0.054	0.10321
0.057	0.10481
0.06	0.106477
0.063	0.108211
0.066	0.110012
0.069	0.111881
0.072	0.113818
0.075	0.115822
0.078	0.117895
0.081	0.120037
0.084	0.122246
0.087	0.124524
0.09	0.126871
0.093	0.129286
0.096	0.131768
0.099	0.134319
0.102	0.136937
0.105	0.139621
0.108	0.142372
0.111	0.14519
0.114	0.148072
0.117	0.151019
0.12	0.154029
0.123	0.157103
0.126	0.160238
0.129	0.163434
0.132	0.16669
0.135	0.170004
0.138	0.173376
0.141	0.176803
0.144	0.180284
0.147	0.183818
0.15	0.187404
0.153	0.191038
0.156	0.194721
0.159	0.198448
0.162	0.20222
0.165	0.206033
0.168	0.209886
0.171	0.213776
0.174	0.2177
0.177	0.221658
0.18	0.225646
0.183	0.229661
0.186	0.233702
0.189	0.237765
0.192	0.241848
0.195	0.245948
0.198	0.250062
0.201	0.254188
0.204	0.258323
0.207	0.262464
0.21	0.266608
0.213	0.270751
0.216	0.274892
0.219	0.279027
0.222	0.283153
0.225	0.287267
0.228	0.291367
0.231	0.295448
0.234	0.29951
0.237	0.303547
0.24	0.307558
0.243	0.31154
0.246	0.31549
0.249	0.319405
0.252	0.323283
0.255	0.32712
0.258	0.330915
0.261	0.334665
0.264	0.338368
0.267	0.34202
0.27	0.345621
0.273	0.349168
0.276	0.352658
0.279	0.356091
0.282	0.359464
0.285	0.362776
0.288	0.366025
0.291	0.369209
0.294	0.372329
0.297	0.375381
0.3	0.378367
0.303	0.381283
0.306	0.384131
0.309	0.38691
0.312	0.389619
0.315	0.392257
0.318	0.394826
0.321	0.397325
0.324	0.399754
0.327	0.402114
0.33	0.404405
0.333	0.406629
0.336	0.408786
0.339	0.410877
0.342	0.412903
0.345	0.414866
0.348	0.416768
0.351	0.41861
0.354	0.420394
0.357	0.422121
0.36	0.423795
0.363	0.425417
0.366	0.426989
0.369	0.428515
0.372	0.429996
0.375	0.431436
0.378	0.432837
0.381	0.434202
0.384	0.435534
0.387	0.436837
0.39	0.438112
0.393	0.439365
0.396	0.440597
0.399	0.441812
0.402	0.443014
0.405	0.444205
0.408	0.44539
0.411	0.446572
0.414	0.447753
0.417	0.448938
0.42	0.45013
0.423	0.451332
0.426	0.452547
0.429	0.45378
0.432	0.455032
0.435	0.456308
0.438	0.45761
0.441	0.458941
0.444	0.460305
0.447	0.461703
0.45	0.46314
0.453	0.464617
0.456	0.466137
0.459	0.467703
0.462	0.469317
0.465	0.47098
0.468	0.472695
0.471	0.474464
0.474	0.476289
0.477	0.478171
0.48	0.480111
0.483	0.482111
0.486	0.484172
0.489	0.486294
0.492	0.48848
0.495	0.490728
0.498	0.49304
0.501	0.495417
0.504	0.497857
0.507	0.500362
0.51	0.50293
0.513	0.505562
0.516	0.508258
0.519	0.511016
0.522	0.513836
0.525	0.516716
0.528	0.519657
0.531	0.522656
0.534	0.525713
0.537	0.528825
0.54	0.531992
0.543	0.535212
0.546	0.538483
0.549	0.541803
0.552	0.54517
0.555	0.548582
0.558	0.552038
0.561	0.555535
0.564	0.55907
0.567	0.562642
0.57	0.566247
0.573	0.569885
0.576	0.573552
0.579	0.577245
0.582	0.580963
0.585	0.584703
0.588	0.588462
0.591	0.592238
0.594	0.596028
0.597	0.599829
0.6	0.60364
0.603	0.607458
0.606	0.611279
0.609	0.615102
0.612	0.618925
0.615	0.622744
0.618	0.626557
0.621	0.630363
0.624	0.634158
0.627	0.637941
0.63	0.641709
0.633	0.64546
0.636	0.649193
0.639	0.652904
0.642	0.656592
0.645	0.660256
0.648	0.663892
0.651	0.6675
0.654	0.671077
0.657	0.674623
0.66	0.678134
0.663	0.681611
0.666	0.685051
0.669	0.688452
0.672	0.691815
0.675	0.695136
0.678	0.698416
0.681	0.701653
0.684	0.704845
0.687	0.707993
0.69	0.711094
0.693	0.714149
0.696	0.717156
0.699	0.720115
0.702	0.723024
0.705	0.725884
0.708	0.728694
0.711	0.731454
0.714	0.734162
0.717	0.736819
0.72	0.739425
0.723	0.741978
0.726	0.74448
0.729	0.74693
0.732	0.749328
0.735	0.751675
0.738	0.753969
0.741	0.756211
0.744	0.758402
0.747	0.760542
0.75	0.762631
0.753	0.76467
0.756	0.766658
0.759	0.768597
0.762	0.770487
0.765	0.772328
0.768	0.774121
0.771	0.775867
0.774	0.777567
0.777	0.779221
0.78	0.78083
0.783	0.782395
0.786	0.783916
0.789	0.785396
0.792	0.786834
0.795	0.788232
0.798	0.789591
0.801	0.790912
0.804	0.792195
0.807	0.793443
0.81	0.794657
0.813	0.795837
0.816	0.796985
0.819	0.798102
0.822	0.79919
0.825	0.800249
0.828	0.801282
0.831	0.80229
0.834	0.803274
0.837	0.804235
0.84	0.805176
0.843	0.806097
0.846	0.807
0.849	0.807886
0.852	0.808758
0.855	0.809616
0.858	0.810463
0.861	0.8113
0.864	0.812128
0.867	0.812949
0.87	0.813764
0.873	0.814576
0.876	0.815385
0.879	0.816194
0.882	0.817003
0.885	0.817815
0.888	0.818631
0.891	0.819453
0.894	0.820281
0.897	0.821118
0.9	0.821965
0.903	0.822824
0.906	0.823695
0.909	0.82458
0.912	0.825481
0.915	0.826399
0.918	0.827335
0.921	0.828291
0.924	0.829267
0.927	0.830265
0.93	0.831286
0.933	0.83233
0.936	0.8334
0.939	0.834495
0.942	0.835617
0.945	0.836767
0.948	0.837945
0.951	0.839152
0.954	0.840389
0.957	0.841656
0.96	0.842954
0.963	0.844283
0.966	0.845643
0.969	0.847036
0.972	0.848461
0.975	0.849919
0.978	0.851408
0.981	0.852931
0.984	0.854486
0.987	0.856073
0.99	0.857693
0.993	0.859344
0.996	0.861028
0.999	0.862742
1.002	0.864488
1.005	0.866264
1.008	0.86807
1.011	0.869905
1.014	0.871769
1.017	0.87366
1.02	0.875579
1.023	0.877523
1.026	0.879493
1.029	0.881488
1.032	0.883505
1.035	0.885545
1.038	0.887607
1.041	0.889688
1.044	0.891788
1.047	0.893906
1.05	0.896041
1.053	0.898191
1.056	0.900355
1.059	0.902532
1.062	0.904721
1.065	0.906919
1.068	0.909126
1.071	0.911341
1.074	0.913562
1.077	0.915787
1.08	0.918016
1.083	0.920247
1.086	0.922478
1.089	0.924709
1.092	0.926937
1.095	0.929162
1.098	0.931382
1.101	0.933596
1.104	0.935802
1.107	0.938
1.11	0.940187
1.113	0.942363
1.116	0.944527
1.119	0.946676
1.122	0.948811
1.125	0.950929
1.128	0.95303
1.131	0.955112
1.134	0.957175
1.137	0.959217
1.14	0.961237
1.143	0.963235
1.146	0.965209
1.149	0.967158
1.152	0.969082
1.155	0.970979
1.158	0.97285
1.161	0.974692
1.164	0.976505
1.167	0.978289
1.17	0.980042
1.173	0.981765
1.176	0.983456
1.179	0.985115
1.182	0.986741
1.185	0.988334
1.188	0.989893
1.191	0.991418
1.194	0.992909
1.197	0.994365
1.2	0.995785
1.203	0.99717
1.206	0.998518
1.209	0.999831
1.212	1.00111
1.215	1.00235
1.218	1.00355
1.221	1.00472
1.224	1.00585
1.227	1.00694
1.23	1.008
1.233	1.00902
1.236	1.01
1.239	1.01095
1.242	1.01185
1.245	1.01273
1.248	1.01357
1.251	1.01437
1.254	1.01513
1.257	1.01586
1.26	1.01656
1.263	1.01722
1.266	1.01785
1.269	1.01844
1.272	1.019
1.275	1.01953
1.278	1.02002
1.281	1.02048
1.284	1.02091
1.287	1.02132
1.29	1.02169
1.293	1.02203
1.296	1.02234
1.299	1.02262
1.302	1.02288
1.305	1.02311
1.308	1.02331
1.311	1.02349
1.314	1.02365
1.317	1.02378
1.32	1.02389
1.323	1.02398
1.326	1.02405
1.329	1.02409
1.332	1.02412
1.335	1.02413
1.338	1.02412
1.341	1.0241
1.344	1.02406
1.347	1.02401
1.35	1.02395
1.353	1.02387
1.356	1.02378
1.359	1.02369
1.362	1.02358
1.365	1.02347
1.368	1.02335
1.371	1.02322
1.374	1.02309
1.377	1.02296
1.38	1.02282
1.383	1.02268
1.386	1.02254
1.389	1.02241
1.392	1.02227
1.395	1.02214
1.398	1.02201
1.401	1.02188
1.404	1.02176
1.407	1.02165
1.41	1.02155
1.413	1.02145
1.416	1.02136
1.419	1.02129
1.422	1.02122
1.425	1.02116
1.428	1.02112
1.431	1.02109
1.434	1.02108
1.437	1.02108
1.44	1.0211
1.443	1.02113
1.446	1.02117
1.449	1.02124
1.452	1.02132
1.455	1.02142
1.458	1.02154
1.461	1.02168
1.464	1.02183
1.467	1.02201
1.47	1.0222
1.473	1.02241
1.476	1.02265
1.479	1.0229
1.482	1.02317
1.485	1.02346
1.488	1.02378
1.491	1.02411
1.494	1.02446
1.497	1.02483
1.5	1.02522
1.503	1.02563
1.506	1.02605
1.509	1.0265
1.512	1.02696
1.515	1.02744
1.518	1.02794
1.521	1.02845
1.524	1.02898
1.527	1.02952
1.53	1.03008
1.533	1.03065
1.536	1.03124
1.539	1.03184
1.542	1.03244
1.545	1.03306
1.548	1.03369
1.551	1.03433
1.554	1.03498
1.557	1.03564
1.56	1.0363
1.563	1.03697
1.566	1.03764
1.569	1.03832
1.572	1.039
1.575	1.03968
1.578	1.04036
1.581	1.04104
1.584	1.04172
1.587	1.0424
1.59	1.04308
1.593	1.04375
1.596	1.04442
1.599	1.04508
1.602	1.04574
1.605	1.04639
1.608	1.04703
1.611	1.04766
1.614	1.04827
1.617	1.04888
1.62	1.04947
1.623	1.05005
1.626	1.05062
1.629	1.05117
1.632	1.0517
1.635	1.05222
1.638	1.05272
1.641	1.0532
1.644	1.05366
1.647	1.05409
1.65	1.05451
1.653	1.0549
1.656	1.05527
1.659	1.05562
1.662	1.05594
1.665	1.05624
1.668	1.05651
1.671	1.05675
1.674	1.05697
1.677	1.05715
1.68	1.05731
1.683	1.05744
1.686	1.05754
1.689	1.05761
1.692	1.05765
1.695	1.05765
1.698	1.05763
1.701	1.05757
1.704	1.05748
1.707	1.05735
1.71	1.05719
1.713	1.057
1.716	1.05677
1.719	1.05651
1.722	1.05622
1.725	1.05589
1.728	1.05552
1.731	1.05512
1.734	1.05468
1.737	1.05421
1.74	1.0537
1.743	1.05315
1.746	1.05257
1.749	1.05195
1.752	1.0513
1.755	1.05061
1.758	1.04989
1.761	1.04913
1.764	1.04834
1.767	1.04751
1.77	1.04664
1.773	1.04574
1.776	1.04481
1.779	1.04384
1.782	1.04284
1.785	1.04181
1.788	1.04074
1.791	1.03965
1.794	1.03852
1.797	1.03735
1.8	1.03616
1.803	1.03494
1.806	1.03369
1.809	1.03241
1.812	1.0311
1.815	1.02977
1.818	1.02841
1.821	1.02702
1.824	1.02561
1.827	1.02417
1.83	1.02271
1.833	1.02123
1.836	1.01973
1.839	1.01821
1.842	1.01667
1.845	1.01511
1.848	1.01353
1.851	1.01194
1.854	1.01033
1.857	1.00871
1.86	1.00707
1.863	1.00543
1.866	1.00377
1.869	1.0021
1.872	1.00043
1.875	0.998751
1.878	0.997065
1.881	0.995375
1.884	0.993682
1.887	0.991987
1.89	0.990292
1.893	0.988597
1.896	0.986904
1.899	0.985214
1.902	0.983528
1.905	0.981848
1.908	0.980175
1.911	0.97851
1.914	0.976854
1.917	0.975208
1.92	0.973574
1.923	0.971952
1.926	0.970343
1.929	0.96875
1.932	0.967172
1.935	0.965611
1.938	0.964067
1.941	0.962543
1.944	0.961037
1.947	0.959552
1.95	0.958088
1.953	0.956646
1.956	0.955227
1.959	0.95383
1.962	0.952458
1.965	0.95111
1.968	0.949787
1.971	0.948489
1.974	0.947217
1.977	0.945971
1.98	0.944752
1.983	0.943559
1.986	0.942392
1.989	0.941253
1.992	0.940141
1.995	0.939055
1.998	0.937996
2.001	0.936964
2.004	0.935958
2.007	0.934978
2.01	0.934024
2.013	0.933095
2.016	0.932192
2.019	0.931313
2.022	0.930458
2.025	0.929626
2.028	0.928817
2.031	0.928029
2.034	0.927263
2.037	0.926517
2.04	0.925791
2.043	0.925083
2.046	0.924393
2.049	0.923719
2.052	0.92306
2.055	0.922416
2.058	0.921786
2.061	0.921167
2.064	0.920559
2.067	0.919961
2.07	0.919372
2.073	0.918789
2.076	0.918213
2.079	0.917641
2.082	0.917072
2.085	0.916504
2.088	0.915938
2.091	0.91537
2.094	0.9148
2.097	0.914226
2.1	0.913647
2.103	0.913061
2.106	0.912468
2.109	0.911864
2.112	0.91125
2.115	0.910624
2.118	0.909984
2.121	0.909329
2.124	0.908657
2.127	0.907968
2.13	0.907259
2.133	0.90653
2.136	0.905779
2.139	0.905005
2.142	0.904206
2.145	0.903382
2.148	0.90253
2.151	0.901651
2.154	0.900742
2.157	0.899803
2.16	0.898832
2.163	0.897829
2.166	0.896792
2.169	0.89572
2.172	0.894613
2.175	0.893468
2.178	0.892286
2.181	0.891066
2.184	0.889807
2.187	0.888507
2.19	0.887167
2.193	0.885785
2.196	0.884361
2.199	0.882895
2.202	0.881385
2.205	0.879831
2.208	0.878233
2.211	0.87659
2.214	0.874902
2.217	0.873169
2.22	0.87139
2.223	0.869565
2.226	0.867694
2.229	0.865776
2.232	0.863813
2.235	0.861803
2.238	0.859748
2.241	0.857646
2.244	0.855498
2.247	0.853304
2.25	0.851065
2.253	0.848781
2.256	0.846452
2.259	0.844079
2.262	0.841662
2.265	0.839202
2.268	0.836699
2.271	0.834154
2.274	0.831568
2.277	0.828942
2.28	0.826276
2.283	0.823571
2.286	0.820829
2.289	0.81805
2.292	0.815235
2.295	0.812386
2.298	0.809504
2.301	0.80659
2.304	0.803645
2.307	0.80067
2.31	0.797668
2.313	0.794639
2.316	0.791585
2.319	0.788507
2.322	0.785408
2.325	0.782289
2.328	0.77915
2.331	0.775996
2.334	0.772826
2.337	0.769642
2.34	0.766448
2.343	0.763243
2.346	0.760032
2.349	0.756814
2.352	0.753593
2.355	0.750369
2.358	0.747146
2.361	0.743925
2.364	0.740709
2.367	0.737498
2.37	0.734296
2.373	0.731103
2.376	0.727923
2.379	0.724758
2.382	0.721608
2.385	0.718477
2.388	0.715365
2.391	0.712276
2.394	0.70921
2.397	0.706171
2.4	0.703159
2.403	0.700176
2.406	0.697224
2.409	0.694305
2.412	0.69142
2.415	0.688571
2.418	0.685759
2.421	0.682986
2.424	0.680253
2.427	0.677561
2.43	0.674911
2.433	0.672305
2.436	0.669744
2.439	0.667227
2.442	0.664757
2.445	0.662333
2.448	0.659957
2.451	0.657628
2.454	0.655348
2.457	0.653116
2.46	0.650932
2.463	0.648797
2.466	0.646711
2.469	0.644672
2.472	0.642682
2.475	0.640739
2.478	0.638842
2.481	0.636992
2.484	0.635188
2.487	0.633427
2.49	0.631711
2.493	0.630036
2.496	0.628403
2.499	0.626809
2.502	0.625254
2.505	0.623736
2.508	0.622252
2.511	0.620802
2.514	0.619384
2.517	0.617996
2.52	0.616635
2.523	0.615299
2.526	0.613988
2.529	0.612697
2.532	0.611426
2.535	0.610172
2.538	0.608932
2.541	0.607704
2.544	0.606486
2.547	0.605275
2.55	0.604069
2.553	0.602865
2.556	0.601661
2.559	0.600454
2.562	0.599242
2.565	0.598022
2.568	0.596792
2.571	0.595548
2.574	0.59429
2.577	0.593013
2.58	0.591717
2.583	0.590398
2.586	0.589054
2.589	0.587682
2.592	0.586282
2.595	0.584849
2.598	0.583383
2.601	0.581881
2.604	0.58034
2.607	0.578761
2.61	0.577139
2.613	0.575474
2.616	0.573763
2.619	0.572006
2.622	0.5702
2.625	0.568345
2.628	0.566438
2.631	0.564479
2.634	0.562466
2.637	0.560398
2.64	0.558274
2.643	0.556094
2.646	0.553856
2.649	0.55156
2.652	0.549206
2.655	0.546792
2.658	0.544318
2.661	0.541784
2.664	0.539191
2.667	0.536537
2.67	0.533823
2.673	0.531049
2.676	0.528214
2.679	0.525321
2.682	0.522368
2.685	0.519357
2.688	0.516287
2.691	0.51316
2.694	0.509977
2.697	0.506738
2.7	0.503445
2.703	0.500098
2.706	0.496698
2.709	0.493248
2.712	0.489748
2.715	0.486199
2.718	0.482603
2.721	0.478963
2.724	0.475278
2.727	0.471552
2.73	0.467785
2.733	0.463981
2.736	0.46014
2.739	0.456265
2.742	0.452357
2.745	0.448419
2.748	0.444454
2.751	0.440463
2.754	0.436448
2.757	0.432412
2.76	0.428357
2.763	0.424285
2.766	0.4202
2.769	0.416103
2.772	0.411997
2.775	0.407884
2.778	0.403767
2.781	0.399649
2.784	0.395532
2.787	0.391417
2.79	0.387309
2.793	0.38321
2.796	0.379121
2.799	0.375047
2.802	0.370988
2.805	0.366948
2.808	0.362928
2.811	0.358932
2.814	0.354963
2.817	0.351021
2.82	0.347109
2.823	0.343231
2.826	0.339387
2.829	0.335581
2.832	0.331813
2.835	0.328087
2.838	0.324404
2.841	0.320766
2.844	0.317175
2.847	0.313632
2.85	0.31014
2.853	0.306699
2.856	0.303312
2.859	0.299979
2.862	0.296702
2.865	0.293481
2.868	0.290319
2.871	0.287215
2.874	0.284172
2.877	0.281188
2.88	0.278266
2.883	0.275404
2.886	0.272605
2.889	0.269868
2.892	0.267192
2.895	0.264579
2.898	0.262027
2.901	0.259537
2.904	0.257108
2.907	0.254739
2.91	0.25243
2.913	0.25018
2.916	0.247988
2.919	0.245853
2.922	0.243774
2.925	0.241749
2.928	0.239778
2.931	0.237857
2.934	0.235987
2.937	0.234164
2.94	0.232387
2.943	0.230655
2.946	0.228964
2.949	0.227313
2.952	0.225699
2.955	0.22412
2.958	0.222574
2.961	0.221058
2.964	0.219569
2.967	0.218105
2.97	0.216662
2.973	0.215239
2.976	0.213831
2.979	0.212437
2.982	0.211053
2.985	0.209677
2.988	0.208304
2.991	0.206933
2.994	0.20556
2.997	0.204182
3	0.202796
3.003	0.201399
3.006	0.199988
3.009	0.19856
3.012	0.197111
3.015	0.19564
3.018	0.194143
3.021	0.192617
3.024	0.191059
3.027	0.189468
3.03	0.187839
3.033	0.18617
3.036	0.184459
3.039	0.182703
3.042	0.180901
3.045	0.179049
3.048	0.177145
3.051	0.175188
3.054	0.173175
3.057	0.171105
3.06	0.168975
3.063	0.166784
3.066	0.164531
3.069	0.162214
3.072	0.159832
3.075	0.157383
3.078	0.154867
3.081	0.152283
3.084	0.14963
3.087	0.146906
3.09	0.144113
3.093	0.141249
3.096	0.138314
3.099	0.135308
3.102	0.13223
3.105	0.129082
3.108	0.125863
3.111	0.122574
3.114	0.119216
3.117	0.115788
3.12	0.112292
3.123	0.108728
3.126	0.105098
3.129	0.101403
3.132	0.0976438
3.135	0.093822
3.138	0.0899389
3.141	0.0859963
3.144	0.0819957
3.147	0.077939
3.15	0.073828
3.153	0.0696647
3.156	0.0654511
3.159	0.0611894
3.162	0.0568817
3.165	0.0525303
3.168	0.0481377
3.171	0.0437062
3.174	0.0392383
3.177	0.0347365
3.18	0.0302035
3.183	0.0256419
3.186	0.0210543
3.189	0.0164435
3.192	0.0118122
3.195	0.00716328
3.198	0.00249948
3.201	-0.00217636
3.204	-0.0068614
3.207	-0.0115528
3.21	-0.0162476
3.213	-0.0209431
3.216	-0.0256363
3.219	-0.0303244
3.222	-0.0350046
3.225	-0.0396741
3.228	-0.04433
3.231	-0.0489695
3.234	-0.05359
3.237	-0.0581888
3.24	-0.0627631
3.243	-0.0673103
3.246	-0.0718279
3.249	-0.0763133
3.252	-0.0807641
3.255	-0.0851778
3.258	-0.0895521
3.261	-0.0938847
3.264	-0.0981734
3.267	-0.102416
3.27	-0.106611
3.273	-0.110755
3.276	-0.114848
3.279	-0.118886
3.282	-0.122869
3.285	-0.126795
3.288	-0.130663
3.291	-0.13447
3.294	-0.138215
3.297	-0.141898
3.3	-0.145517
3.303	-0.149071
3.306	-0.152559
3.309	-0.155981
3.312	-0.159335
3.315	-0.162622
3.318	-0.16584
3.321	-0.168989
3.324	-0.172069
3.327	-0.17508
3.33	-0.178022
3.333	-0.180895
3.336	-0.183699
3.339	-0.186435
3.342	-0.189102
3.345	-0.191703
3.348	-0.194236
3.351	-0.196703
3.354	-0.199106
3.357	-0.201444
3.36	-0.20372
3.363	-0.205934
3.366	-0.208088
3.369	-0.210183
3.372	-0.212221
3.375	-0.214204
3.378	-0.216133
3.381	-0.21801
3.384	-0.219837
3.387	-0.221616
3.39	-0.22335
3.393	-0.22504
3.396	-0.226689
3.399	-0.228299
3.402	-0.229873
3.405	-0.231413
3.408	-0.232922
3.411	-0.234402
3.414	-0.235856
3.417	-0.237287
3.42	-0.238698
3.423	-0.24009
3.426	-0.241468
3.429	-0.242834
3.432	-0.24419
3.435	-0.245541
3.438	-0.246887
3.441	-0.248233
3.444	-0.249582
3.447	-0.250935
3.45	-0.252296
3.453	-0.253668
3.456	-0.255054
3.459	-0.256456
3.462	-0.257876
3.465	-0.259318
3.468	-0.260785
3.471	-0.262278
3.474	-0.2638
3.477	-0.265353
3.48	-0.266941
3.483	-0.268564
3.486	-0.270225
3.489	-0.271927
3.492	-0.273671
3.495	-0.275459
3.498	-0.277292
3.501	-0.279173
3.504	-0.281102
3.507	-0.283082
3.51	-0.285114
3.513	-0.287198
3.516	-0.289336
3.519	-0.291529
3.522	-0.293777
3.525	-0.296082
3.528	-0.298443
3.531	-0.300861
3.534	-0.303337
3.537	-0.30587
3.54	-0.308461
3.543	-0.31111
3.546	-0.313815
3.549	-0.316578
3.552	-0.319398
3.555	-0.322273
3.558	-0.325203
3.561	-0.328188
3.564	-0.331226
3.567	-0.334317
3.57	-0.337459
3.573	-0.340651
3.576	-0.343891
3.579	-0.347179
3.582	-0.350513
3.585	-0.35389
3.588	-0.35731
3.591	-0.36077
3.594	-0.364269
3.597	-0.367804
3.6	-0.371374
3.603	-0.374977
3.606	-0.37861
3.609	-0.382272
3.612	-0.38596
3.615	-0.389671
3.618	-0.393404
3.621	-0.397157
3.624	-0.400926
3.627	-0.404709
3.63	-0.408505
3.633	-0.41231
3.636	-0.416123
3.639	-0.419941
3.642	-0.423761
3.645	-0.427581
3.648	-0.431399
3.651	-0.435212
3.654	-0.439018
3.657	-0.442815
3.66	-0.4466
3.663	-0.450371
3.666	-0.454125
3.669	-0.457862
3.672	-0.461578
3.675	-0.465271
3.678	-0.46894
3.681	-0.472582
3.684	-0.476195
3.687	-0.479778
3.69	-0.483328
3.693	-0.486844
3.696	-0.490324
3.699	-0.493767
3.702	-0.497171
3.705	-0.500533
3.708	-0.503854
3.711	-0.507132
3.714	-0.510364
3.717	-0.513551
3.72	-0.51669
3.723	-0.519782
3.726	-0.522824
3.729	-0.525816
3.732	-0.528758
3.735	-0.531647
3.738	-0.534485
3.741	-0.53727
3.744	-0.540001
3.747	-0.542678
3.75	-0.545302
3.753	-0.547871
3.756	-0.550386
3.759	-0.552846
3.762	-0.555251
3.765	-0.557602
3.768	-0.559899
3.771	-0.562142
3.774	-0.56433
3.777	-0.566466
3.78	-0.568549
3.783	-0.570579
3.786	-0.572557
3.789	-0.574485
3.792	-0.576362
3.795	-0.57819
3.798	-0.57997
3.801	-0.581702
3.804	-0.583388
3.807	-0.585028
3.81	-0.586625
3.813	-0.588179
3.816	-0.589691
3.819	-0.591163
3.822	-0.592597
3.825	-0.593993
3.828	-0.595354
3.831	-0.596681
3.834	-0.597975
3.837	-0.599239
3.84	-0.600474
3.843	-0.601681
3.846	-0.602863
3.849	-0.604022
3.852	-0.605159
3.855	-0.606276
3.858	-0.607376
3.861	-0.608459
3.864	-0.609529
3.867	-0.610586
3.87	-0.611634
3.873	-0.612673
3.876	-0.613707
3.879	-0.614737
3.882	-0.615765
3.885	-0.616792
3.888	-0.617822
3.891	-0.618856
3.894	-0.619896
3.897	-0.620944
3.9	-0.622002
3.903	-0.623071
3.906	-0.624154
3.909	-0.625253
3.912	-0.626368
3.915	-0.627503
3.918	-0.628658
3.921	-0.629835
3.924	-0.631037
3.927	-0.632264
3.93	-0.633517
3.933	-0.6348
3.936	-0.636111
3.939	-0.637454
3.942	-0.638829
3.945	-0.640237
3.948	-0.64168
3.951	-0.643158
3.954	-0.644673
3.957	-0.646225
3.96	-0.647814
3.963	-0.649443
3.966	-0.65111
3.969	-0.652817
3.972	-0.654565
3.975	-0.656353
3.978	-0.658181
3.981	-0.660051
3.984	-0.661961
3.987	-0.663913
3.99	-0.665905
3.993	-0.667938
3.996	-0.670011
3.999	-0.672124
4.002	-0.674277
4.005	-0.676469
4.008	-0.678699
4.011	-0.680968
4.014	-0.683273
4.017	-0.685614
4.02	-0.68799
4.023	-0.690401
4.026	-0.692845
4.029	-0.695321
4.032	-0.697828
4.035	-0.700365
4.038	-0.70293
4.041	-0.705522
4.044	-0.70814
4.047	-0.710782
4.05	-0.713447
4.053	-0.716134
4.056	-0.71884
4.059	-0.721564
4.062	-0.724305
4.065	-0.727061
4.068	-0.72983
4.071	-0.732611
4.074	-0.735401
4.077	-0.7382
4.08	-0.741005
4.083	-0.743815
4.086	-0.746628
4.089	-0.749442
4.092	-0.752256
4.095	-0.755068
4.098	-0.757875
4.101	-0.760678
4.104	-0.763473
4.107	-0.766259
4.11	-0.769035
4.113	-0.771798
4.116	-0.774548
4.119	-0.777283
4.122	-0.780001
4.125	-0.7827
4.128	-0.78538
4.131	-0.788038
4.134	-0.790674
4.137	-0.793286
4.14	-0.795873
4.143	-0.798433
4.146	-0.800965
4.149	-0.803469
4.152	-0.805942
4.155	-0.808384
4.158	-0.810793
4.161	-0.813169
4.164	-0.815511
4.167	-0.817818
4.17	-0.820089
4.173	-0.822322
4.176	-0.824518
4.179	-0.826676
4.182	-0.828795
4.185	-0.830874
4.188	-0.832912
4.191	-0.83491
4.194	-0.836867
4.197	-0.838782
4.2	-0.840655
4.203	-0.842486
4.206	-0.844274
4.209	-0.846019
4.212	-0.847721
4.215	-0.849381
4.218	-0.850996
4.221	-0.852569
4.224	-0.854099
4.227	-0.855585
4.23	-0.857029
4.233	-0.858429
4.236	-0.859787
4.239	-0.861103
4.242	-0.862376
4.245	-0.863608
4.248	-0.864798
4.251	-0.865948
4.254	-0.867057
4.257	-0.868126
4.26	-0.869155
4.263	-0.870146
4.266	-0.871098
4.269	-0.872013
4.272	-0.872892
4.275	-0.873734
4.278	-0.87454
4.281	-0.875313
4.284	-0.876051
4.287	-0.876757
4.29	-0.87743
4.293	-0.878073
4.296	-0.878686
4.299	-0.87927
4.302	-0.879825
4.305	-0.880354
4.308	-0.880857
4.311	-0.881335
4.314	-0.881789
4.317	-0.88222
4.32	-0.882631
4.323	-0.88302
4.326	-0.883391
4.329	-0.883744
4.332	-0.88408
4.335	-0.884401
4.338	-0.884707
4.341	-0.885001
4.344	-0.885283
4.347	-0.885554
4.35	-0.885816
4.353	-0.88607
4.356	-0.886317
4.359	-0.886559
4.362	-0.886797
4.365	-0.887031
4.368	-0.887264
4.371	-0.887496
4.374	-0.887729
4.377	-0.887964
4.38	-0.888202
4.383	-0.888444
4.386	-0.888692
4.389	-0.888946
4.392	-0.889208
4.395	-0.889478
4.398	-0.889758
4.401	-0.890049
4.404	-0.890352
4.407	-0.890667
4.41	-0.890996
4.413	-0.891339
4.416	-0.891698
4.419	-0.892073
4.422	-0.892464
4.425	-0.892873
4.428	-0.893301
4.431	-0.893747
4.434	-0.894213
4.437	-0.894699
4.44	-0.895205
4.443	-0.895732
4.446	-0.896281
4.449	-0.896851
4.452	-0.897443
4.455	-0.898057
4.458	-0.898693
4.461	-0.899352
4.464	-0.900033
4.467	-0.900737
4.47	-0.901462
4.473	-0.902211
4.476	-0.902981
4.479	-0.903773
4.482	-0.904587
4.485	-0.905423
4.488	-0.906279
4.491	-0.907156
4.494	-0.908053
4.497	-0.908969
4.5	-0.909905
4.503	-0.910859
4.506	-0.911831
4.509	-0.912821
4.512	-0.913826
4.515	-0.914847
4.518	-0.915884
4.521	-0.916934
4.524	-0.917997
4.527	-0.919073
4.53	-0.92016
4.533	-0.921258
4.536	-0.922365
4.539	-0.92348
4.542	-0.924603
4.545	-0.925733
4.548	-0.926868
4.551	-0.928007
4.554	-0.929149
4.557	-0.930294
4.56	-0.931439
4.563	-0.932585
4.566	-0.93373
4.569	-0.934872
4.572	-0.936011
4.575	-0.937146
4.578	-0.938275
4.581	-0.939398
4.584	-0.940513
4.587	-0.941619
4.59	-0.942715
4.593	-0.943801
4.596	-0.944875
4.599	-0.945935
4.602	-0.946982
4.605	-0.948014
4.608	-0.94903
4.611	-0.95003
4.614	-0.951011
4.617	-0.951974
4.62	-0.952918
4.623	-0.953841
4.626	-0.954743
4.629	-0.955622
4.632	-0.956479
4.635	-0.957312
4.638	-0.958121
4.641	-0.958905
4.644	-0.959663
4.647	-0.960395
4.65	-0.9611
4.653	-0.961777
4.656	-0.962426
4.659	-0.963046
4.662	-0.963637
4.665	-0.964198
4.668	-0.964729
4.671	-0.965229
4.674	-0.965698
4.677	-0.966136
4.68	-0.966541
4.683	-0.966915
4.686	-0.967256
4.689	-0.967565
4.692	-0.967841
4.695	-0.968083
4.698	-0.968292
4.701	-0.968468
4.704	-0.96861
4.707	-0.968719
4.71	-0.968793
4.713	-0.968834
4.716	-0.968841
4.719	-0.968813
4.722	-0.968752
4.725	-0.968658
4.728	-0.968529
4.731	-0.968367
4.734	-0.968171
4.737	-0.967942
4.74	-0.967679
4.743	-0.967384
4.746	-0.967055
4.749	-0.966695
4.752	-0.966301
4.755	-0.965876
4.758	-0.965419
4.761	-0.964931
4.764	-0.964412
4.767	-0.963862
4.77	-0.963282
4.773	-0.962672
4.776	-0.962032
4.779	-0.961364
4.782	-0.960667
4.785	-0.959943
4.788	-0.959191
4.791	-0.958412
4.794	-0.957607
4.797	-0.956777
4.8	-0.955921
4.803	-0.955041
4.806	-0.954137
4.809	-0.953211
4.812	-0.952261
4.815	-0.951291
4.818	-0.950299
4.821	-0.949288
4.824	-0.948257
4.827	-0.947207
4.83	-0.94614
4.833	-0.945055
4.836	-0.943955
4.839	-0.94284
4.842	-0.94171
4.845	-0.940567
4.848	-0.939411
4.851	-0.938244
4.854	-0.937066
4.857	-0.935878
4.86	-0.934682
4.863	-0.933477
4.866	-0.932266
4.869	-0.931049
4.872	-0.929828
4.875	-0.928602
4.878	-0.927373
4.881	-0.926143
4.884	-0.924912
4.887	-0.923681
4.89	-0.922451
4.893	-0.921223
4.896	-0.919998
4.899	-0.918777
4.902	-0.917562
4.905	-0.916352
4.908	-0.91515
4.911	-0.913955
4.914	-0.912769
4.917	-0.911594
4.92	-0.910428
4.923	-0.909275
4.926	-0.908133
4.929	-0.907005
4.932	-0.905891
4.935	-0.904792
4.938	-0.903708
4.941	-0.90264
4.944	-0.90159
4.947	-0.900557
4.95	-0.899542
4.953	-0.898545
4.956	-0.897568
4.959	-0.89661
4.962	-0.895673
4.965	-0.894756
4.968	-0.89386
4.971	-0.892985
4.974	-0.892132
4.977	-0.8913
4.98	-0.890489
4.983	-0.889701
4.986	-0.888934
4.989	-0.888189
4.992	-0.887466
4.995	-0.886765
4.998	-0.886085
5.001	-0.885427
5.004	-0.884789
5.007	-0.884172
5.01	-0.883576
5.013	-0.882999
5.016	-0.882442
5.019	-0.881904
5.022	-0.881384
5.025	-0.880882
5.028	-0.880397
5.031	-0.879928
5.034	-0.879475
5.037	-0.879037
5.04	-0.878612
5.043	-0.878201
5.046	-0.877802
5.049	-0.877414
5.052	-0.877037
5.055	-0.876669
5.058	-0.876309
5.061	-0.875957
5.064	-0.875611
5.067	-0.87527
5.07	-0.874933
5.073	-0.874598
5.076	-0.874266
5.079	-0.873934
5.082	-0.873601
5.085	-0.873267
5.088	-0.87293
5.091	-0.872588
5.094	-0.872241
5.097	-0.871888
5.1	-0.871527
5.103	-0.871157
5.106	-0.870777
5.109	-0.870386
5.112	-0.869983
5.115	-0.869566
5.118	-0.869134
5.121	-0.868687
5.124	-0.868223
5.127	-0.867741
5.13	-0.867239
5.133	-0.866718
5.136	-0.866175
5.139	-0.865611
5.142	-0.865023
5.145	-0.864411
5.148	-0.863774
5.151	-0.863111
5.154	-0.862421
5.157	-0.861704
5.16	-0.860958
5.163	-0.860183
5.166	-0.859377
5.169	-0.858541
5.172	-0.857673
5.175	-0.856772
5.178	-0.855839
5.181	-0.854872
5.184	-0.85387
5.187	-0.852834
5.19	-0.851763
5.193	-0.850655
5.196	-0.849512
5.199	-0.848331
5.202	-0.847114
5.205	-0.845858
5.208	-0.844565
5.211	-0.843234
5.214	-0.841864
5.217	-0.840455
5.22	-0.839007
5.223	-0.83752
5.226	-0.835994
5.229	-0.834429
5.232	-0.832824
5.235	-0.831179
5.238	-0.829495
5.241	-0.827771
5.244	-0.826008
5.247	-0.824206
5.25	-0.822365
5.253	-0.820484
5.256	-0.818565
5.259	-0.816608
5.262	-0.814612
5.265	-0.812578
5.268	-0.810507
5.271	-0.808399
5.274	-0.806255
5.277	-0.804074
5.28	-0.801858
5.283	-0.799607
5.286	-0.797321
5.289	-0.795002
5.292	-0.79265
5.295	-0.790266
5.298	-0.787851
5.301	-0.785405
5.304	-0.782929
5.307	-0.780425
5.31	-0.777892
5.313	-0.775333
5.316	-0.772749
5.319	-0.77014
5.322	-0.767507
5.325	-0.764852
5.328	-0.762176
5.331	-0.75948
5.334	-0.756766
5.337	-0.754035
5.34	-0.751288
5.343	-0.748526
5.346	-0.745752
5.349	-0.742966
5.352	-0.740171
5.355	-0.737367
5.358	-0.734557
5.361	-0.731741
5.364	-0.728922
5.367	-0.726101
5.37	-0.72328
5.373	-0.720461
5.376	-0.717645
5.379	-0.714834
5.382	-0.71203
5.385	-0.709235
5.388	-0.70645
5.391	-0.703677
5.394	-0.700918
5.397	-0.698174
5.4	-0.695448
5.403	-0.692741
5.406	-0.690055
5.409	-0.687391
5.412	-0.684751
5.415	-0.682138
5.418	-0.679551
5.421	-0.676994
5.424	-0.674467
5.427	-0.671971
5.43	-0.66951
5.433	-0.667082
5.436	-0.664691
5.439	-0.662337
5.442	-0.660022
5.445	-0.657746
5.448	-0.65551
5.451	-0.653315
5.454	-0.651163
5.457	-0.649054
5.46	-0.646988
5.463	-0.644967
5.466	-0.64299
5.469	-0.641058
5.472	-0.639172
5.475	-0.637331
5.478	-0.635535
5.481	-0.633785
5.484	-0.632079
5.487	-0.630419
5.49	-0.628803
5.493	-0.627232
5.496	-0.625704
5.499	-0.624218
5.502	-0.622774
5.505	-0.621371
5.508	-0.620008
5.511	-0.618684
5.514	-0.617397
5.517	-0.616146
5.52	-0.61493
5.523	-0.613746
5.526	-0.612594
5.529	-0.611472
5.532	-0.610378
5.535	-0.609309
5.538	-0.608265
5.541	-0.607242
5.544	-0.606239
5.547	-0.605254
5.55	-0.604284
5.553	-0.603328
5.556	-0.602382
5.559	-0.601445
5.562	-0.600513
5.565	-0.599585
5.568	-0.598659
5.571	-0.597731
5.574	-0.596799
5.577	-0.595861
5.58	-0.594915
5.583	-0.593957
5.586	-0.592985
5.589	-0.591997
5.592	-0.590991
5.595	-0.589964
5.598	-0.588913
5.601	-0.587836
5.604	-0.586732
5.607	-0.585597
5.61	-0.584429
5.613	-0.583227
5.616	-0.581988
5.619	-0.580711
5.622	-0.579392
5.625	-0.578031
5.628	-0.576626
5.631	-0.575175
5.634	-0.573675
5.637	-0.572127
5.64	-0.570527
5.643	-0.568875
5.646	-0.56717
5.649	-0.56541
5.652	-0.563595
5.655	-0.561722
5.658	-0.559792
5.661	-0.557804
5.664	-0.555756
5.667	-0.553649
5.67	-0.551481
5.673	-0.549253
5.676	-0.546964
5.679	-0.544615
5.682	-0.542205
5.685	-0.539733
5.688	-0.537202
5.691	-0.53461
5.694	-0.531958
5.697	-0.529247
5.7	-0.526478
5.703	-0.52365
5.706	-0.520766
5.709	-0.517826
5.712	-0.51483
5.715	-0.511781
5.718	-0.50868
5.721	-0.505527
5.724	-0.502325
5.727	-0.499075
5.73	-0.495778
5.733	-0.492437
5.736	-0.489053
5.739	-0.485628
5.742	-0.482164
5.745	-0.478663
5.748	-0.475127
5.751	-0.471559
5.754	-0.46796
5.757	-0.464333
5.76	-0.460681
5.763	-0.457005
5.766	-0.453308
5.769	-0.449593
5.772	-0.445861
5.775	-0.442117
5.778	-0.438361
5.781	-0.434598
5.784	-0.430828
5.787	-0.427056
5.79	-0.423283
5.793	-0.419512
5.796	-0.415746
5.799	-0.411987
5.802	-0.408238
5.805	-0.404501
5.808	-0.40078
5.811	-0.397075
5.814	-0.393391
5.817	-0.389728
5.82	-0.38609
5.823	-0.38248
5.826	-0.378898
5.829	-0.375347
5.832	-0.371831
5.835	-0.36835
5.838	-0.364906
5.841	-0.361502
5.844	-0.35814
5.847	-0.354821
5.85	-0.351548
5.853	-0.348321
5.856	-0.345143
5.859	-0.342014
5.862	-0.338938
5.865	-0.335914
5.868	-0.332944
5.871	-0.330029
5.874	-0.327171
5.877	-0.32437
5.88	-0.321628
5.883	-0.318945
5.886	-0.316323
5.889	-0.313761
5.892	-0.311261
5.895	-0.308823
5.898	-0.306448
5.901	-0.304136
5.904	-0.301887
5.907	-0.299701
5.91	-0.29758
5.913	-0.295523
5.916	-0.293529
5.919	-0.2916
5.922	-0.289735
5.925	-0.287933
5.928	-0.286195
5.931	-0.284521
5.934	-0.28291
5.937	-0.281361
5.94	-0.279875
5.943	-0.27845
5.946	-0.277087
5.949	-0.275785
5.952	-0.274544
5.955	-0.273361
5.958	-0.272238
5.961	-0.271173
5.964	-0.270165
5.967	-0.269215
5.97	-0.26832
5.973	-0.26748
5.976	-0.266695
5.979	-0.265964
5.982	-0.265284
5.985	-0.264657
5.988	-0.26408
5.991	-0.263553
5.994	-0.263075
5.997	-0.262645
