 Location  Dispersion    Centroids   Volume
0.00324777   0.165398   0.00209792   1.03189
0.423057   0.123994   0.427735   0.913528
0.857132   0.158543   0.82348   0.993163
1.28561   0.183758   1.08996   1.0515
1.71526   0.198171   1.14824   1.079
2.14404   0.179287   0.963512   1.02448
2.56861   0.146061   0.619499   0.947189
2.99811   0.140472   0.22044   0.923869
3.42777   0.145045   -0.25363   0.944407
3.85283   0.162936   -0.639633   0.988981
4.28898   0.186753   -0.951974   1.0408
4.71253   0.19859   -1.05587   1.07806
5.13328   0.162213   -0.904887   1.00169
5.56718   0.127675   -0.597694   0.940046
5.99085   0.154296   -0.198921   1.02088
