 Location  Dispersion    Centroids   Volume
-0.000178878   0.0299671   0.000906179   0.999999
0.0301199   0.0301937   0.0306481   1
0.0606695   0.0310155   0.0507028   1.00001
0.0902757   0.0299491   0.124326   0.999989
0.120202   0.0302652   0.120346   1
0.150253   0.0301086   0.144059   1.00001
0.18041   0.0298806   0.178507   0.999991
0.209979   0.0299764   0.205048   1
0.239902   0.0300952   0.231126   0.999999
0.269928   0.0302273   0.263619   1
0.30006   0.0303279   0.295783   1
0.330061   0.0301257   0.330153   1
0.36013   0.0301089   0.34968   0.999999
0.390174   0.0302564   0.379539   1
0.420138   0.0301092   0.421544   0.999998
0.45007   0.0300616   0.434806   0.999999
0.480123   0.0301625   0.464421   1
0.510132   0.0302452   0.488493   1
0.540059   0.0299287   0.524554   0.999998
0.569924   0.0299771   0.540255   0.999996
0.59977   0.030223   0.565947   1
0.629889   0.0301765   0.582137   1
0.659934   0.0301715   0.613259   1
0.689895   0.0301035   0.635288   0.999999
0.719943   0.0301249   0.653661   1
0.755836   0.0301833   0.686732   1
0.785936   0.0301211   0.700791   1
0.815944   0.0302361   0.727944   1
0.845983   0.0301577   0.748795   1
0.876051   0.0301609   0.769078   1
0.906052   0.0301966   0.795123   1
0.936056   0.0301219   0.809927   0.999999
0.966026   0.0300648   0.822129   0.999999
0.995987   0.0300892   0.839741   1
1.02595   0.0301178   0.85479   1
1.05594   0.0301471   0.867978   1
1.08595   0.0301782   0.885193   1
1.11599   0.0301529   0.898483   1
1.14602   0.0301481   0.910398   1
1.17599   0.0301267   0.921931   0.999999
1.20601   0.0301163   0.935868   1
1.23599   0.030144   0.94274   1
1.26601   0.0301423   0.953968   1
1.29622   0.0302813   0.964552   1
1.32587   0.0298325   0.936181   0.99999
1.3557   0.0303894   0.977969   1.00001
1.38592   0.0302196   0.983605   1
1.416   0.0301315   0.987781   1
1.446   0.0301364   0.992929   1
1.476   0.0301336   0.992955   1
1.50599   0.030142   0.998296   1
1.53604   0.0301879   0.999997   1
1.56624   0.0303089   0.999429   1.00001
1.59606   0.0298236   1.03051   0.99999
1.62577   0.0303143   0.998344   1
1.65597   0.0301862   0.996888   1
1.68601   0.0301422   0.992365   1
1.71601   0.030136   0.989022   1
1.74601   0.0301263   0.982404   1
1.776   0.0301295   0.979018   1
1.806   0.0301392   0.973813   1
1.836   0.0301515   0.962843   1
1.86599   0.0301255   0.957668   1
1.89624   0.0304255   0.942813   1
1.92633   0.0302556   0.940832   1.00001
1.95675   0.0297385   0.931925   0.999988
1.98617   0.0298561   0.914844   0.999999
2.01604   0.0301159   0.90371   1
2.04601   0.0301256   0.888727   1
2.07598   0.0300964   0.878186   1
2.10598   0.0301258   0.857914   1
2.13594   0.0301093   0.853413   0.999999
2.16598   0.0302024   0.827977   1
2.19597   0.030173   0.806141   1
2.22599   0.0300795   0.792905   0.999999
2.26201   0.0301755   0.7745   1
2.29195   0.030227   0.747061   1
2.32214   0.030261   0.729967   1
2.35246   0.0304598   0.710798   1.00001
2.38231   0.0299005   0.659411   0.999991
2.41201   0.0300905   0.666807   1
2.44204   0.0300537   0.644201   0.999999
2.47205   0.0301804   0.621879   1
2.50059   0.0281125   0.597394   0.999992
2.53021   0.0292942   0.564588   0.999946
2.55935   0.0315151   0.542684   1.00006
2.59134   0.031107   0.525707   1
2.62199   0.0302362   0.496784   1
2.65204   0.0302215   0.469875   1
2.68219   0.0301773   0.43944   1
2.71216   0.0301452   0.41691   0.999999
2.74217   0.030045   0.387883   0.999999
2.77195   0.0299753   0.358498   0.999999
2.80204   0.0300665   0.331273   1
2.83164   0.0298178   0.341901   0.999988
2.8614   0.0306481   0.271939   1.00001
2.89187   0.0303196   0.245373   1
2.92197   0.0300802   0.217081   1
2.95202   0.0301463   0.187495   0.999999
2.98196   0.0301971   0.159155   1
3.01203   0.0301172   0.129622   1
3.04198   0.030072   0.0995631   0.999998
3.07195   0.0301355   0.0739366   0.999999
3.10191   0.0301559   0.0399601   1
3.13194   0.0300943   0.00842846   0.999998
3.16186   0.030083   -0.0191484   1
3.19187   0.0301278   -0.0413793   0.999999
3.22188   0.0302441   -0.0793102   1
3.25197   0.0302065   -0.109965   1
3.28199   0.030128   -0.140159   1
3.31202   0.0301139   -0.169434   1
3.34197   0.0301162   -0.19699   1
3.37196   0.0301328   -0.22808   1
3.4021   0.0302674   -0.257096   1
3.43197   0.0301236   -0.286294   0.999999
3.46212   0.0300606   -0.313667   0.999999
3.49205   0.0302432   -0.340895   1
3.52208   0.0301075   -0.380716   0.999999
3.55203   0.0300806   -0.397563   0.999999
3.5821   0.0302205   -0.425665   1
3.612   0.0301502   -0.453283   1
3.6421   0.0300183   -0.479394   0.999999
3.672   0.0301256   -0.505831   1
3.70196   0.0301302   -0.530774   1
3.73195   0.0300589   -0.558566   1
3.76796   0.030149   -0.584154   0.999998
3.79804   0.0304364   -0.610711   1
3.82795   0.0301027   -0.633655   0.999998
3.85825   0.0302436   -0.647636   0.999999
3.88684   0.0218397   -0.669537   1.00002
3.92264   0.0225616   -0.450132   1.00014
3.95823   0.0140542   -0.709652   0.999848
3.98096   0.0227992   -0.741666   0.999991
4.0077   0.0302929   -0.763134   1
4.03793   0.0301392   -0.771786   0.999999
4.06789   0.0301646   -0.800465   1
4.09813   0.0303569   -0.811134   1
4.12857   0.0306862   -0.83232   1.00001
4.15807   0.0294379   -0.89141   0.999982
4.18784   0.0302271   -0.864833   1.00001
4.21819   0.0299498   -0.879237   0.999997
4.24797   0.0301278   -0.891994   1
4.27797   0.030136   -0.90565   1
4.30795   0.0301173   -0.919965   1
4.33797   0.0301256   -0.9303   1
4.36796   0.0301718   -0.943609   1
4.39796   0.030104   -0.940534   0.999999
4.42792   0.0301967   -0.960054   1
4.45797   0.0301468   -0.967575   1
4.48799   0.0301368   -0.973508   1
4.51799   0.0301461   -0.981595   1
4.548   0.0301413   -0.986183   1
4.57799   0.030129   -0.991177   1
4.60799   0.0301233   -0.991767   1
4.63796   0.0301529   -0.996021   1
4.66798   0.0301484   -1.00124   1
4.698   0.0301379   -1.00064   1
4.728   0.0301382   -0.998038   1
4.758   0.0301348   -1.00013   1
4.788   0.0301319   -0.997546   1
4.818   0.0301406   -0.995058   1
4.84801   0.0301581   -0.989995   1
4.87801   0.030134   -0.979981   1
4.90802   0.030149   -0.980992   1
4.93801   0.0301429   -0.973546   1
4.96802   0.0301207   -0.965051   1
4.998   0.0301242   -0.960652   1
5.02801   0.0301366   -0.94814   1
5.05799   0.030131   -0.944244   1
5.08801   0.030132   -0.930267   1
5.11804   0.030188   -0.919086   1
5.14811   0.0302231   -0.90585   1
5.17807   0.0300556   -0.877085   0.999998
5.20797   0.0301108   -0.883353   1
5.23802   0.0301256   -0.865811   1
5.27397   0.0301774   -0.846347   1
5.30402   0.0301207   -0.829609   1
5.33402   0.0301342   -0.814081   1
5.364   0.030128   -0.795319   1
5.39401   0.0301366   -0.77669   1
5.42414   0.0303335   -0.75788   1
5.45438   0.0303894   -0.736465   1.00001
5.48437   0.029832   -0.689194   0.99999
5.5139   0.0300685   -0.702923   1
5.544   0.0300419   -0.671321   1
5.57394   0.0301743   -0.652203   1
5.60392   0.0301288   -0.63061   1
5.63395   0.0301003   -0.602763   0.999999
5.66387   0.0300922   -0.592635   0.999998
5.69391   0.0302573   -0.556281   1
5.72399   0.0302129   -0.529128   1
5.75386   0.0299623   -0.501478   0.999997
5.78397   0.0300817   -0.47995   1
5.81384   0.0303274   -0.452872   1
5.84406   0.0302506   -0.426483   1
5.87412   0.0301555   -0.396284   1
5.90404   0.030028   -0.370246   0.999996
5.93414   0.0301883   -0.352802   1
5.96388   0.0301893   -0.313954   0.999999
5.99407   0.0300491   -0.285259   1
