 Location  Dispersion    Centroids   Volume
0.000222963   0.020587   0.0114214   1.00027
0.0580634   0.0265694   0.0748745   1.00066
0.120513   0.0331207   0.146727   1.00218
0.180257   0.0219432   0.187494   0.999093
0.238458   0.0270231   0.256951   1.00103
0.299683   0.0286004   0.320355   1.00097
0.365355   0.0263619   0.376195   1.0006
0.42541   0.0273283   0.436563   1.00098
0.485846   0.027197   0.487462   1.00122
0.544983   0.0233654   0.535364   1.00025
0.604361   0.0320621   0.590107   1.0026
0.666444   0.0291624   0.62946   1.00135
0.725914   0.0296055   0.675784   1.00181
0.785515   0.0318501   0.719046   1.00242
0.845997   0.0330705   0.755909   1.0025
0.906   0.0341266   0.802268   1.00325
0.96707   0.0359542   0.830026   1.00354
1.03227   0.0370299   0.868694   1.00417
1.09245   0.0374655   0.896201   1.00433
1.15233   0.0383764   0.915524   1.0047
1.21253   0.0395052   0.943701   1.00526
1.27251   0.0406423   0.960478   1.00565
1.33295   0.041656   0.966194   1.00578
1.39263   0.0426632   0.991876   1.00657
1.45281   0.0432826   0.995719   1.0067
1.51284   0.0435152   0.999531   1.00681
1.57295   0.0428193   1.00048   1.0067
1.63241   0.0411074   0.996821   1.00645
1.69716   0.0369048   0.988466   1.00491
1.7571   0.0316501   0.980681   1.00274
1.81821   0.037405   0.946524   1.00257
1.89171   0.107421   0.806959   1.03239
1.938   -0.146081   1.30338   0.955897
1.99283   0.0864026   0.768316   1.03091
2.05686   0.0489557   0.824211   1.00764
2.1185   0.0370722   0.822671   1.00429
2.17875   0.0378652   0.798474   1.00468
2.23858   0.0378614   0.794932   1.00479
2.29884   0.0364082   0.777937   1.00482
2.36313   0.0403818   0.729918   1.00336
2.4438   0.134149   0.809021   1.04493
2.48789   -0.0157411   0.661232   1.00154
2.58866   0.141009   0.209278   0.895782
2.59602   0.0227221   0.654246   1.0171
2.64541   0.125109   0.654265   1.04607
2.72437   0.0322792   0.400569   1.00158
2.78464   0.0369767   0.344371   1.00356
2.8471   0.0461476   0.334331   1.0054
2.90619   0.0477416   0.28472   1.00729
2.96739   0.0520587   0.248871   1.01018
3.03273   0.0585348   0.215696   1.01411
3.09388   0.0606584   0.152277   1.01483
3.15459   0.0643537   0.0852935   1.01567
3.21648   0.0854813   0.0370677   1.02096
3.28165   0.115283   -0.028092   1.03284
3.34884   0.128869   -0.0996654   1.04933
3.4172   0.124867   -0.173782   1.06384
3.49242   0.107233   -0.229073   1.08196
3.57651   0.0898549   -0.500208   0.990102
3.89374   0.00284836   -0.902682   0.764295
3.88704   -8.45868e-06   -0.984847   0.95437
3.88709   -5.08787e-05   -1.02421   0.798198
3.86634   -8.80747e-05   -1.0165   1.04659
3.50774   1.23241   1.25717   -0.327249
3.8322   7.47299e-05   1.14498   1.72067
4.64117   -0.543408   2.78983   0.54423
3.96813   -4.57179e-05   -1.0277   1.03455
3.999   0.000173951   -1.23471   1.19007
3.98762   -8.88412e-05   -1.30626   1.19028
3.96131   0.00300534   -1.18111   1.12807
4.01644   0.0133106   -1.24153   1.20361
4.15354   0.0393926   -1.36244   1.18566
4.32761   0.0707761   -1.26171   1.11557
4.40047   0.0831453   -1.24153   1.10206
4.50095   0.0999045   -1.29026   1.10775
4.52609   0.104048   -1.31605   1.11296
4.61284   0.118134   -1.38329   1.11023
4.6552   0.124473   -1.38384   1.10711
4.71799   0.134935   -1.38965   1.10811
4.76039   0.140113   -1.38047   1.1049
4.83677   0.118001   -1.26404   1.05134
4.90353   0.114672   -1.23574   1.04551
4.95587   0.111769   -1.22773   1.04732
5.02942   0.080368   -1.15453   1.02664
5.09018   0.073862   -1.12085   1.02277
5.14913   0.0677812   -1.07708   1.01864
5.21038   0.0689714   -1.05715   1.02017
5.27099   0.0640594   -1.01109   1.0167
5.33112   0.0601759   -0.967735   1.01467
5.39097   0.0573696   -0.921255   1.0129
5.45117   0.0531766   -0.872032   1.01115
5.51212   0.0508934   -0.819149   1.00989
5.57181   0.0479801   -0.75934   1.0078
5.63192   0.0490967   -0.715239   1.00826
5.69677   0.0456679   -0.653925   1.00675
5.75524   0.0368122   -0.575278   1.00358
5.8168   0.0399415   -0.529312   1.00493
5.87711   0.0373613   -0.468729   1.00371
5.9388   0.0355283   -0.406336   1.00382
5.9922   0.0223867   -0.33051   1.00071
