 Location  Dispersion    Centroids   Volume
0.00730481   0.176319   -0.0431682   1.05663
0.430437   0.12804   0.413874   0.919101
0.861661   0.148008   0.7851   0.973764
1.28739   0.179522   1.04571   1.04371
1.71377   0.19351   1.09999   1.06966
2.14521   0.179996   0.916305   1.03157
2.5718   0.154612   0.562258   0.969639
3.0044   0.136913   0.134819   0.929988
3.43022   0.138888   -0.302892   0.93632
3.85575   0.156894   -0.70346   0.977432
4.28588   0.181982   -1.00002   1.04067
4.71164   0.189768   -1.10453   1.06439
5.13678   0.168398   -0.960826   1.02164
5.56884   0.1217   -0.651398   0.925078
5.99167   0.155842   -0.255005   1.0201
