 Location  Dispersion    Centroids   Volume
-2.16844e-07   0.0301355   -2.02654e-06   1
0.03   0.0301353   0.0299956   1
0.0599999   0.0301353   0.0599642   1
0.0899999   0.0301353   0.0898789   1
0.12   0.0301353   0.119713   1
0.15   0.0301353   0.149439   1
0.18   0.0301353   0.17903   1
0.21   0.0301353   0.208461   1
0.24   0.0301353   0.237704   1
0.27   0.0301353   0.266732   1
0.3   0.0301353   0.295521   1
0.33   0.0301353   0.324044   1
0.359999   0.0301353   0.352276   1
0.389999   0.0301353   0.38019   1
0.419999   0.0301353   0.407762   1
0.449999   0.0301353   0.434967   1
0.479999   0.0301354   0.461781   1
0.509999   0.0301354   0.488179   1
0.539999   0.0301354   0.514138   1
0.569999   0.0301354   0.539634   1
0.599999   0.0301354   0.564645   1
0.629999   0.0301354   0.589147   1
0.659999   0.0301354   0.613119   1
0.689999   0.0301355   0.636539   1
0.720003   0.0301395   0.659448   1
0.755995   0.03014   0.685961   1
0.785999   0.0301355   0.707535   1
0.815999   0.0301355   0.728414   1
0.845999   0.0301355   0.748637   1
0.875999   0.0301355   0.768187   1
0.905999   0.0301355   0.787046   1
0.935999   0.0301355   0.805196   1
0.965999   0.0301356   0.822621   1
0.995999   0.0301356   0.839306   1
1.026   0.0301356   0.855236   1
1.056   0.0301356   0.870396   1
1.086   0.0301356   0.884773   1
1.116   0.0301356   0.898354   1
1.146   0.0301356   0.911126   1
1.176   0.0301356   0.923079   1
1.206   0.0301356   0.9342   1
1.236   0.0301356   0.944481   1
1.266   0.0301357   0.953912   1
1.296   0.0301357   0.962484   1
1.326   0.0301357   0.970191   1
1.356   0.0301357   0.977024   1
1.386   0.0301357   0.982978   1
1.416   0.0301357   0.988047   1
1.446   0.0301357   0.992227   1
1.476   0.0301357   0.995514   1
1.506   0.0301357   0.997905   1
1.536   0.0301357   0.999399   1
1.566   0.0301357   0.999992   1
1.596   0.0301357   0.999686   1
1.626   0.0301357   0.998481   1
1.656   0.0301357   0.996376   1
1.686   0.0301357   0.993375   1
1.716   0.0301357   0.98948   1
1.746   0.0301357   0.984695   1
1.776   0.0301357   0.979023   1
1.806   0.0301357   0.972471   1
1.836   0.0301357   0.965043   1
1.866   0.0301357   0.956747   1
1.896   0.0301356   0.947589   1
1.926   0.0301356   0.937579   1
1.956   0.0301356   0.926726   1
1.986   0.0301356   0.915038   1
2.016   0.0301356   0.902527   1
2.046   0.0301356   0.889203   1
2.076   0.0301356   0.875079   1
2.106   0.0301356   0.860168   1
2.136   0.0301356   0.844483   1
2.166   0.0301356   0.828038   1
2.196   0.0301356   0.810847   1
2.226   0.0301388   0.792878   1
2.262   0.0301383   0.770533   1
2.292   0.0301356   0.751014   1
2.322   0.0301355   0.730871   1
2.352   0.0301355   0.710069   1
2.382   0.0301355   0.688629   1
2.412   0.0301355   0.666569   1
2.442   0.0301354   0.643909   1
2.472   0.0301354   0.620669   1
2.502   0.0301354   0.596871   1
2.532   0.0301354   0.572536   1
2.562   0.0301354   0.547685   1
2.592   0.0301354   0.522342   1
2.622   0.0301354   0.496529   1
2.652   0.0301354   0.470268   1
2.682   0.0301353   0.443585   1
2.712   0.0301353   0.416502   1
2.742   0.0301353   0.389045   1
2.772   0.0301353   0.361237   1
2.802   0.0301353   0.333104   1
2.832   0.0301353   0.304672   1
2.862   0.0301353   0.275965   1
2.892   0.0301353   0.24701   1
2.922   0.0301353   0.217833   1
2.952   0.0301353   0.18846   1
2.982   0.0301353   0.158917   1
3.012   0.0301353   0.129231   1
3.042   0.0301353   0.0994285   1
3.072   0.0301353   0.0695368   1
3.102   0.0301353   0.0395825   1
3.132   0.0301353   0.00959254   1
3.162   0.0301353   -0.020406   1
3.192   0.0301353   -0.0503862   1
3.222   0.0301353   -0.080321   1
3.252   0.0301353   -0.110184   1
3.282   0.0301353   -0.139947   1
3.312   0.0301353   -0.169584   1
3.342   0.0301353   -0.199069   1
3.372   0.0301353   -0.228375   1
3.402   0.0301353   -0.257475   1
3.432   0.0301353   -0.286344   1
3.462   0.0301353   -0.314954   1
3.492   0.0301353   -0.343282   1
3.522   0.0301353   -0.3713   1
3.552   0.0301353   -0.398984   1
3.582   0.0301353   -0.42631   1
3.612   0.0301354   -0.453251   1
3.642   0.0301354   -0.479785   1
3.672   0.0301354   -0.505887   1
3.702   0.0301355   -0.531533   1
3.732   0.0301404   -0.556768   1
3.76799   0.0301409   -0.586175   1
3.798   0.0301355   -0.610277   1
3.828   0.0301354   -0.633765   1
3.858   0.0301354   -0.656682   1
3.888   0.0301355   -0.679008   1
3.918   0.0301355   -0.700724   1
3.948   0.0301355   -0.721808   1
3.978   0.0301355   -0.742243   1
4.008   0.0301355   -0.76201   1
4.038   0.0301355   -0.781092   1
4.068   0.0301355   -0.79947   1
4.098   0.0301355   -0.817129   1
4.128   0.0301356   -0.834053   1
4.158   0.0301356   -0.850226   1
4.188   0.0301356   -0.865633   1
4.218   0.0301356   -0.880262   1
4.248   0.0301356   -0.894099   1
4.278   0.0301356   -0.907131   1
4.308   0.0301356   -0.919347   1
4.338   0.0301356   -0.930735   1
4.368   0.0301356   -0.941286   1
4.398   0.0301357   -0.950989   1
4.428   0.0301357   -0.959837   1
4.458   0.0301357   -0.967821   1
4.488   0.0301357   -0.974934   1
4.518   0.0301357   -0.98117   1
4.548   0.0301357   -0.986522   1
4.578   0.0301357   -0.990987   1
4.608   0.0301357   -0.99456   1
4.638   0.0301357   -0.997238   1
4.668   0.0301357   -0.999019   1
4.698   0.0301357   -0.9999   1
4.728   0.0301357   -0.999882   1
4.758   0.0301357   -0.998964   1
4.788   0.0301357   -0.997147   1
4.818   0.0301357   -0.994432   1
4.848   0.0301357   -0.990823   1
4.878   0.0301357   -0.986322   1
4.908   0.0301357   -0.980933   1
4.938   0.0301357   -0.974661   1
4.968   0.0301357   -0.967513   1
4.998   0.0301357   -0.959493   1
5.028   0.0301357   -0.950611   1
5.058   0.0301356   -0.940872   1
5.088   0.0301356   -0.930287   1
5.118   0.0301356   -0.918865   1
5.148   0.0301356   -0.906616   1
5.178   0.0301356   -0.893551   1
5.208   0.0301356   -0.879682   1
5.238   0.0301379   -0.864981   1
5.274   0.0301374   -0.846444   1
5.304   0.0301356   -0.830046   1
5.334   0.0301355   -0.812945   1
5.364   0.0301355   -0.795111   1
5.394   0.0301355   -0.776562   1
5.424   0.0301355   -0.757314   1
5.454   0.0301355   -0.737384   1
5.484   0.0301355   -0.716791   1
5.514   0.0301355   -0.695553   1
5.544   0.0301355   -0.673689   1
5.574   0.0301354   -0.651218   1
5.604   0.0301354   -0.628162   1
5.634   0.0301354   -0.60454   1
5.664   0.0301354   -0.580374   1
5.694   0.0301354   -0.555686   1
5.724   0.0301354   -0.530498   1
5.754   0.0301354   -0.504832   1
5.784   0.0301354   -0.478712   1
5.814   0.0301354   -0.452162   1
5.844   0.0301353   -0.425204   1
5.874   0.0301353   -0.397864   1
5.904   0.0301353   -0.370165   1
5.934   0.0301353   -0.342134   1
5.964   0.0301353   -0.313794   1
5.994   0.0301354   -0.28517   1
