 Location  Dispersion    Centroids   Volume
0.000903153   0.140434   0.011294   0.999344
0.202148   0.149109   0.286417   1.00156
0.418183   0.129549   0.443313   0.999404
0.626488   0.138329   0.640709   0.99987
0.829322   0.143985   0.791608   1.00053
1.03513   0.131095   0.91903   0.999197
1.23992   0.134056   0.99315   0.999761
1.4432   0.136713   1.03827   1.00011
1.65391   0.13685   1.04838   1.00012
1.85749   0.134388   1.01851   0.999653
2.06193   0.139597   0.940518   1.00039
2.28316   0.148811   0.81138   1.0014
2.48246   0.135887   0.656498   0.999074
2.68919   0.132088   0.492078   0.998544
2.88141   0.138374   0.304242   1.00105
3.09576   0.123717   0.114285   0.998235
3.30303   0.153256   -0.102858   1.00199
3.51092   0.143481   -0.337775   0.999888
3.71913   0.130279   -0.494302   0.999305
3.92272   0.138834   -0.637904   0.999318
4.13086   0.150636   -0.787372   1.00205
4.34097   0.133025   -0.895189   0.999309
4.54981   0.134111   -0.946144   0.999906
4.75225   0.136177   -0.942208   0.999983
4.96728   0.141545   -0.938107   1.00075
5.16777   0.131148   -0.828048   0.999291
5.36927   0.125884   -0.743978   0.998274
5.57273   0.149025   -0.609657   1.00131
5.77577   0.137338   -0.419473   0.999369
5.99093   0.136006   -0.243729   1.00099
