 x  	 F(x)  
0	0.215594
0.003	0.21702
0.006	0.21845
0.009	0.219886
0.012	0.221326
0.015	0.222771
0.018	0.224221
0.021	0.225675
0.024	0.227135
0.027	0.228599
0.03	0.230067
0.033	0.23154
0.036	0.233018
0.039	0.2345
0.042	0.235987
0.045	0.237478
0.048	0.238974
0.051	0.240474
0.054	0.241979
0.057	0.243488
0.06	0.245001
0.063	0.246519
0.066	0.248041
0.069	0.249567
0.072	0.251097
0.075	0.252632
0.078	0.254171
0.081	0.255714
0.084	0.257261
0.087	0.258812
0.09	0.260367
0.093	0.261926
0.096	0.26349
0.099	0.265057
0.102	0.266628
0.105	0.268203
0.108	0.269781
0.111	0.271364
0.114	0.27295
0.117	0.274541
0.12	0.276134
0.123	0.277732
0.126	0.279333
0.129	0.280938
0.132	0.282546
0.135	0.284158
0.138	0.285773
0.141	0.287392
0.144	0.289015
0.147	0.29064
0.15	0.29227
0.153	0.293902
0.156	0.295538
0.159	0.297177
0.162	0.298819
0.165	0.300465
0.168	0.302113
0.171	0.303765
0.174	0.30542
0.177	0.307078
0.18	0.308739
0.183	0.310403
0.186	0.31207
0.189	0.31374
0.192	0.315413
0.195	0.317089
0.198	0.318767
0.201	0.320449
0.204	0.322133
0.207	0.323819
0.21	0.325509
0.213	0.327201
0.216	0.328896
0.219	0.330593
0.222	0.332293
0.225	0.333995
0.228	0.3357
0.231	0.337408
0.234	0.339118
0.237	0.34083
0.24	0.342544
0.243	0.344261
0.246	0.34598
0.249	0.347702
0.252	0.349425
0.255	0.351151
0.258	0.352879
0.261	0.354609
0.264	0.356341
0.267	0.358075
0.27	0.359811
0.273	0.36155
0.276	0.36329
0.279	0.365032
0.282	0.366776
0.285	0.368522
0.288	0.370269
0.291	0.372019
0.294	0.37377
0.297	0.375523
0.3	0.377278
0.303	0.379034
0.306	0.380792
0.309	0.382551
0.312	0.384313
0.315	0.386075
0.318	0.38784
0.321	0.389605
0.324	0.391373
0.327	0.393141
0.33	0.394911
0.333	0.396683
0.336	0.398456
0.339	0.40023
0.342	0.402005
0.345	0.403782
0.348	0.40556
0.351	0.407339
0.354	0.409119
0.357	0.410901
0.36	0.412683
0.363	0.414467
0.366	0.416252
0.369	0.418038
0.372	0.419825
0.375	0.421613
0.378	0.423401
0.381	0.425191
0.384	0.426982
0.387	0.428774
0.39	0.430566
0.393	0.432359
0.396	0.434154
0.399	0.435949
0.402	0.437744
0.405	0.439541
0.408	0.441338
0.411	0.443136
0.414	0.444935
0.417	0.446734
0.42	0.448534
0.423	0.450334
0.426	0.452136
0.429	0.453937
0.432	0.45574
0.435	0.457543
0.438	0.459346
0.441	0.46115
0.444	0.462954
0.447	0.464759
0.45	0.466564
0.453	0.46837
0.456	0.470176
0.459	0.471982
0.462	0.473789
0.465	0.475596
0.468	0.477403
0.471	0.479211
0.474	0.481019
0.477	0.482827
0.48	0.484636
0.483	0.486444
0.486	0.488253
0.489	0.490062
0.492	0.491872
0.495	0.493681
0.498	0.495491
0.501	0.4973
0.504	0.49911
0.507	0.50092
0.51	0.50273
0.513	0.50454
0.516	0.50635
0.519	0.508161
0.522	0.509971
0.525	0.511781
0.528	0.513591
0.531	0.515401
0.534	0.517211
0.537	0.519021
0.54	0.520831
0.543	0.522641
0.546	0.524451
0.549	0.526261
0.552	0.52807
0.555	0.52988
0.558	0.531689
0.561	0.533498
0.564	0.535307
0.567	0.537116
0.57	0.538924
0.573	0.540732
0.576	0.54254
0.579	0.544348
0.582	0.546156
0.585	0.547963
0.588	0.54977
0.591	0.551577
0.594	0.553383
0.597	0.55519
0.6	0.556995
0.603	0.558801
0.606	0.560606
0.609	0.562411
0.612	0.564215
0.615	0.566019
0.618	0.567822
0.621	0.569626
0.624	0.571428
0.627	0.573231
0.63	0.575033
0.633	0.576834
0.636	0.578635
0.639	0.580435
0.642	0.582235
0.645	0.584035
0.648	0.585834
0.651	0.587632
0.654	0.58943
0.657	0.591227
0.66	0.593024
0.663	0.59482
0.666	0.596616
0.669	0.598411
0.672	0.600205
0.675	0.601999
0.678	0.603792
0.681	0.605585
0.684	0.607377
0.687	0.609168
0.69	0.610958
0.693	0.612748
0.696	0.614537
0.699	0.616326
0.702	0.618113
0.705	0.6199
0.708	0.621686
0.711	0.623472
0.714	0.625256
0.717	0.62704
0.72	0.628823
0.723	0.630605
0.726	0.632387
0.729	0.634167
0.732	0.635947
0.735	0.637725
0.738	0.639503
0.741	0.64128
0.744	0.643056
0.747	0.644831
0.75	0.646605
0.753	0.648379
0.756	0.650151
0.759	0.651922
0.762	0.653692
0.765	0.655461
0.768	0.657229
0.771	0.658996
0.774	0.660762
0.777	0.662527
0.78	0.66429
0.783	0.666053
0.786	0.667814
0.789	0.669574
0.792	0.671333
0.795	0.673091
0.798	0.674848
0.801	0.676603
0.804	0.678357
0.807	0.68011
0.81	0.681861
0.813	0.683611
0.816	0.68536
0.819	0.687107
0.822	0.688853
0.825	0.690598
0.828	0.692341
0.831	0.694082
0.834	0.695823
0.837	0.697561
0.84	0.699298
0.843	0.701034
0.846	0.702768
0.849	0.7045
0.852	0.706231
0.855	0.70796
0.858	0.709687
0.861	0.711413
0.864	0.713137
0.867	0.714859
0.87	0.716579
0.873	0.718298
0.876	0.720014
0.879	0.721729
0.882	0.723442
0.885	0.725153
0.888	0.726862
0.891	0.728569
0.894	0.730274
0.897	0.731977
0.9	0.733678
0.903	0.735376
0.906	0.737073
0.909	0.738767
0.912	0.740459
0.915	0.742149
0.918	0.743836
0.921	0.745522
0.924	0.747204
0.927	0.748885
0.93	0.750563
0.933	0.752238
0.936	0.753911
0.939	0.755582
0.942	0.75725
0.945	0.758915
0.948	0.760578
0.951	0.762237
0.954	0.763895
0.957	0.765549
0.96	0.7672
0.963	0.768849
0.966	0.770495
0.969	0.772138
0.972	0.773777
0.975	0.775414
0.978	0.777048
0.981	0.778679
0.984	0.780306
0.987	0.78193
0.99	0.783551
0.993	0.785169
0.996	0.786783
0.999	0.788394
1.002	0.790001
1.005	0.791605
1.008	0.793205
1.011	0.794802
1.014	0.796395
1.017	0.797985
1.02	0.799571
1.023	0.801153
1.026	0.802731
1.029	0.804305
1.032	0.805875
1.035	0.807441
1.038	0.809003
1.041	0.810562
1.044	0.812115
1.047	0.813665
1.05	0.815211
1.053	0.816752
1.056	0.818288
1.059	0.819821
1.062	0.821349
1.065	0.822872
1.068	0.824391
1.071	0.825905
1.074	0.827414
1.077	0.828918
1.08	0.830418
1.083	0.831913
1.086	0.833403
1.089	0.834887
1.092	0.836367
1.095	0.837842
1.098	0.839311
1.101	0.840775
1.104	0.842234
1.107	0.843688
1.11	0.845136
1.113	0.846578
1.116	0.848015
1.119	0.849447
1.122	0.850872
1.125	0.852292
1.128	0.853706
1.131	0.855115
1.134	0.856517
1.137	0.857913
1.14	0.859303
1.143	0.860687
1.146	0.862065
1.149	0.863437
1.152	0.864802
1.155	0.866161
1.158	0.867513
1.161	0.868859
1.164	0.870199
1.167	0.871531
1.17	0.872857
1.173	0.874176
1.176	0.875488
1.179	0.876794
1.182	0.878092
1.185	0.879383
1.188	0.880668
1.191	0.881945
1.194	0.883214
1.197	0.884477
1.2	0.885732
1.203	0.886979
1.206	0.888219
1.209	0.889452
1.212	0.890676
1.215	0.891894
1.218	0.893103
1.221	0.894304
1.224	0.895498
1.227	0.896683
1.23	0.897861
1.233	0.89903
1.236	0.900191
1.239	0.901344
1.242	0.902489
1.245	0.903625
1.248	0.904753
1.251	0.905872
1.254	0.906982
1.257	0.908084
1.26	0.909178
1.263	0.910262
1.266	0.911338
1.269	0.912405
1.272	0.913463
1.275	0.914512
1.278	0.915551
1.281	0.916582
1.284	0.917603
1.287	0.918615
1.29	0.919618
1.293	0.920612
1.296	0.921596
1.299	0.92257
1.302	0.923535
1.305	0.92449
1.308	0.925436
1.311	0.926372
1.314	0.927298
1.317	0.928214
1.32	0.92912
1.323	0.930016
1.326	0.930902
1.329	0.931779
1.332	0.932645
1.335	0.9335
1.338	0.934346
1.341	0.935181
1.344	0.936006
1.347	0.936821
1.35	0.937625
1.353	0.938419
1.356	0.939202
1.359	0.939974
1.362	0.940736
1.365	0.941487
1.368	0.942228
1.371	0.942957
1.374	0.943676
1.377	0.944384
1.38	0.945081
1.383	0.945767
1.386	0.946442
1.389	0.947106
1.392	0.947759
1.395	0.948401
1.398	0.949032
1.401	0.949651
1.404	0.950259
1.407	0.950856
1.41	0.951442
1.413	0.952016
1.416	0.952579
1.419	0.953131
1.422	0.953671
1.425	0.9542
1.428	0.954717
1.431	0.955222
1.434	0.955716
1.437	0.956199
1.44	0.95667
1.443	0.957129
1.446	0.957577
1.449	0.958013
1.452	0.958437
1.455	0.95885
1.458	0.95925
1.461	0.959639
1.464	0.960017
1.467	0.960382
1.47	0.960736
1.473	0.961077
1.476	0.961407
1.479	0.961726
1.482	0.962032
1.485	0.962326
1.488	0.962609
1.491	0.962879
1.494	0.963138
1.497	0.963385
1.5	0.963619
1.503	0.963842
1.506	0.964053
1.509	0.964252
1.512	0.964439
1.515	0.964615
1.518	0.964778
1.521	0.964929
1.524	0.965068
1.527	0.965196
1.53	0.965311
1.533	0.965415
1.536	0.965507
1.539	0.965586
1.542	0.965654
1.545	0.96571
1.548	0.965754
1.551	0.965786
1.554	0.965807
1.557	0.965815
1.56	0.965812
1.563	0.965797
1.566	0.96577
1.569	0.965731
1.572	0.96568
1.575	0.965618
1.578	0.965544
1.581	0.965458
1.584	0.965361
1.587	0.965252
1.59	0.965131
1.593	0.964999
1.596	0.964855
1.599	0.964699
1.602	0.964532
1.605	0.964354
1.608	0.964164
1.611	0.963962
1.614	0.963749
1.617	0.963525
1.62	0.963289
1.623	0.963042
1.626	0.962784
1.629	0.962514
1.632	0.962233
1.635	0.961941
1.638	0.961638
1.641	0.961324
1.644	0.960999
1.647	0.960662
1.65	0.960315
1.653	0.959957
1.656	0.959587
1.659	0.959207
1.662	0.958816
1.665	0.958415
1.668	0.958002
1.671	0.957579
1.674	0.957145
1.677	0.956701
1.68	0.956246
1.683	0.95578
1.686	0.955304
1.689	0.954818
1.692	0.954321
1.695	0.953814
1.698	0.953296
1.701	0.952769
1.704	0.952231
1.707	0.951683
1.71	0.951125
1.713	0.950557
1.716	0.949979
1.719	0.949392
1.722	0.948794
1.725	0.948186
1.728	0.947569
1.731	0.946942
1.734	0.946306
1.737	0.945659
1.74	0.945004
1.743	0.944339
1.746	0.943664
1.749	0.94298
1.752	0.942287
1.755	0.941584
1.758	0.940873
1.761	0.940152
1.764	0.939422
1.767	0.938683
1.77	0.937935
1.773	0.937178
1.776	0.936413
1.779	0.935638
1.782	0.934855
1.785	0.934063
1.788	0.933263
1.791	0.932454
1.794	0.931637
1.797	0.930811
1.8	0.929977
1.803	0.929134
1.806	0.928283
1.809	0.927424
1.812	0.926557
1.815	0.925682
1.818	0.924799
1.821	0.923907
1.824	0.923008
1.827	0.922101
1.83	0.921187
1.833	0.920264
1.836	0.919334
1.839	0.918396
1.842	0.917451
1.845	0.916498
1.848	0.915538
1.851	0.914571
1.854	0.913596
1.857	0.912613
1.86	0.911624
1.863	0.910628
1.866	0.909624
1.869	0.908613
1.872	0.907596
1.875	0.906571
1.878	0.90554
1.881	0.904502
1.884	0.903457
1.887	0.902405
1.89	0.901347
1.893	0.900282
1.896	0.89921
1.899	0.898132
1.902	0.897048
1.905	0.895957
1.908	0.89486
1.911	0.893757
1.914	0.892647
1.917	0.891531
1.92	0.890409
1.923	0.889281
1.926	0.888147
1.929	0.887007
1.932	0.885861
1.935	0.88471
1.938	0.883552
1.941	0.882389
1.944	0.881219
1.947	0.880045
1.95	0.878864
1.953	0.877678
1.956	0.876486
1.959	0.875289
1.962	0.874087
1.965	0.872878
1.968	0.871665
1.971	0.870446
1.974	0.869222
1.977	0.867993
1.98	0.866758
1.983	0.865519
1.986	0.864274
1.989	0.863024
1.992	0.861769
1.995	0.860509
1.998	0.859244
2.001	0.857974
2.004	0.856699
2.007	0.85542
2.01	0.854135
2.013	0.852846
2.016	0.851552
2.019	0.850253
2.022	0.848949
2.025	0.847641
2.028	0.846328
2.031	0.845011
2.034	0.843689
2.037	0.842362
2.04	0.841031
2.043	0.839696
2.046	0.838356
2.049	0.837011
2.052	0.835662
2.055	0.834309
2.058	0.832952
2.061	0.83159
2.064	0.830224
2.067	0.828853
2.07	0.827478
2.073	0.826099
2.076	0.824716
2.079	0.823329
2.082	0.821937
2.085	0.820541
2.088	0.819141
2.091	0.817738
2.094	0.816329
2.097	0.814917
2.1	0.813501
2.103	0.812081
2.106	0.810657
2.109	0.809228
2.112	0.807796
2.115	0.80636
2.118	0.804919
2.121	0.803475
2.124	0.802027
2.127	0.800575
2.13	0.799119
2.133	0.797659
2.136	0.796195
2.139	0.794727
2.142	0.793256
2.145	0.79178
2.148	0.790301
2.151	0.788817
2.154	0.78733
2.157	0.785839
2.16	0.784344
2.163	0.782846
2.166	0.781343
2.169	0.779837
2.172	0.778327
2.175	0.776813
2.178	0.775295
2.181	0.773773
2.184	0.772248
2.187	0.770718
2.19	0.769185
2.193	0.767648
2.196	0.766107
2.199	0.764562
2.202	0.763014
2.205	0.761461
2.208	0.759905
2.211	0.758345
2.214	0.756781
2.217	0.755213
2.22	0.753642
2.223	0.752066
2.226	0.750487
2.229	0.748904
2.232	0.747316
2.235	0.745725
2.238	0.74413
2.241	0.742531
2.244	0.740929
2.247	0.739322
2.25	0.737711
2.253	0.736096
2.256	0.734478
2.259	0.732855
2.262	0.731228
2.265	0.729598
2.268	0.727963
2.271	0.726324
2.274	0.724682
2.277	0.723035
2.28	0.721384
2.283	0.719729
2.286	0.71807
2.289	0.716407
2.292	0.71474
2.295	0.713068
2.298	0.711392
2.301	0.709713
2.304	0.708029
2.307	0.70634
2.31	0.704648
2.313	0.702951
2.316	0.70125
2.319	0.699545
2.322	0.697835
2.325	0.696121
2.328	0.694403
2.331	0.69268
2.334	0.690953
2.337	0.689222
2.34	0.687486
2.343	0.685745
2.346	0.684001
2.349	0.682251
2.352	0.680497
2.355	0.678739
2.358	0.676976
2.361	0.675209
2.364	0.673436
2.367	0.67166
2.37	0.669878
2.373	0.668092
2.376	0.666301
2.379	0.664506
2.382	0.662706
2.385	0.6609
2.388	0.659091
2.391	0.657276
2.394	0.655457
2.397	0.653632
2.4	0.651803
2.403	0.649969
2.406	0.64813
2.409	0.646286
2.412	0.644437
2.415	0.642583
2.418	0.640723
2.421	0.638859
2.424	0.63699
2.427	0.635116
2.43	0.633236
2.433	0.631352
2.436	0.629462
2.439	0.627567
2.442	0.625667
2.445	0.623761
2.448	0.62185
2.451	0.619934
2.454	0.618013
2.457	0.616086
2.46	0.614154
2.463	0.612216
2.466	0.610273
2.469	0.608325
2.472	0.606371
2.475	0.604411
2.478	0.602446
2.481	0.600476
2.484	0.5985
2.487	0.596518
2.49	0.594531
2.493	0.592538
2.496	0.590539
2.499	0.588535
2.502	0.586525
2.505	0.584509
2.508	0.582487
2.511	0.58046
2.514	0.578427
2.517	0.576388
2.52	0.574343
2.523	0.572293
2.526	0.570236
2.529	0.568174
2.532	0.566105
2.535	0.564031
2.538	0.561951
2.541	0.559864
2.544	0.557772
2.547	0.555674
2.55	0.553569
2.553	0.551459
2.556	0.549342
2.559	0.54722
2.562	0.545091
2.565	0.542956
2.568	0.540815
2.571	0.538668
2.574	0.536515
2.577	0.534355
2.58	0.53219
2.583	0.530018
2.586	0.527839
2.589	0.525655
2.592	0.523464
2.595	0.521267
2.598	0.519064
2.601	0.516854
2.604	0.514639
2.607	0.512416
2.61	0.510188
2.613	0.507953
2.616	0.505712
2.619	0.503464
2.622	0.50121
2.625	0.49895
2.628	0.496683
2.631	0.49441
2.634	0.492131
2.637	0.489845
2.64	0.487553
2.643	0.485254
2.646	0.482949
2.649	0.480638
2.652	0.47832
2.655	0.475995
2.658	0.473665
2.661	0.471327
2.664	0.468984
2.667	0.466634
2.67	0.464278
2.673	0.461915
2.676	0.459546
2.679	0.45717
2.682	0.454788
2.685	0.4524
2.688	0.450005
2.691	0.447604
2.694	0.445196
2.697	0.442782
2.7	0.440362
2.703	0.437935
2.706	0.435502
2.709	0.433063
2.712	0.430618
2.715	0.428166
2.718	0.425707
2.721	0.423243
2.724	0.420772
2.727	0.418295
2.73	0.415812
2.733	0.413323
2.736	0.410827
2.739	0.408325
2.742	0.405817
2.745	0.403303
2.748	0.400783
2.751	0.398256
2.754	0.395724
2.757	0.393185
2.76	0.390641
2.763	0.38809
2.766	0.385534
2.769	0.382971
2.772	0.380403
2.775	0.377829
2.778	0.375249
2.781	0.372663
2.784	0.370071
2.787	0.367473
2.79	0.36487
2.793	0.362261
2.796	0.359646
2.799	0.357025
2.802	0.354399
2.805	0.351768
2.808	0.349131
2.811	0.346488
2.814	0.34384
2.817	0.341186
2.82	0.338527
2.823	0.335863
2.826	0.333193
2.829	0.330518
2.832	0.327838
2.835	0.325153
2.838	0.322462
2.841	0.319766
2.844	0.317066
2.847	0.31436
2.85	0.311649
2.853	0.308934
2.856	0.306213
2.859	0.303488
2.862	0.300758
2.865	0.298023
2.868	0.295284
2.871	0.29254
2.874	0.289791
2.877	0.287038
2.88	0.284281
2.883	0.281519
2.886	0.278753
2.889	0.275982
2.892	0.273207
2.895	0.270428
2.898	0.267645
2.901	0.264858
2.904	0.262067
2.907	0.259272
2.91	0.256473
2.913	0.25367
2.916	0.250863
2.919	0.248053
2.922	0.245239
2.925	0.242422
2.928	0.239601
2.931	0.236776
2.934	0.233948
2.937	0.231117
2.94	0.228283
2.943	0.225445
2.946	0.222604
2.949	0.21976
2.952	0.216914
2.955	0.214064
2.958	0.211211
2.961	0.208356
2.964	0.205498
2.967	0.202637
2.97	0.199774
2.973	0.196908
2.976	0.19404
2.979	0.191169
2.982	0.188296
2.985	0.185421
2.988	0.182544
2.991	0.179664
2.994	0.176783
2.997	0.1739
3	0.171014
3.003	0.168127
3.006	0.165239
3.009	0.162348
3.012	0.159456
3.015	0.156563
3.018	0.153668
3.021	0.150771
3.024	0.147874
3.027	0.144975
3.03	0.142075
3.033	0.139174
3.036	0.136272
3.039	0.133369
3.042	0.130465
3.045	0.127561
3.048	0.124656
3.051	0.12175
3.054	0.118843
3.057	0.115936
3.06	0.113029
3.063	0.110121
3.066	0.107214
3.069	0.104305
3.072	0.101397
3.075	0.098489
3.078	0.0955808
3.081	0.0926727
3.084	0.0897647
3.087	0.086857
3.09	0.0839497
3.093	0.0810427
3.096	0.0781362
3.099	0.0752302
3.102	0.0723249
3.105	0.0694202
3.108	0.0665163
3.111	0.0636131
3.114	0.0607109
3.117	0.0578096
3.12	0.0549094
3.123	0.0520102
3.126	0.0491122
3.129	0.0462155
3.132	0.04332
3.135	0.0404259
3.138	0.0375332
3.141	0.0346421
3.144	0.0317525
3.147	0.0288645
3.15	0.0259782
3.153	0.0230937
3.156	0.020211
3.159	0.0173302
3.162	0.0144513
3.165	0.0115745
3.168	0.0086997
3.171	0.00582706
3.174	0.00295661
3.177	8.84289e-05
3.18	-0.00277744
3.183	-0.00564093
3.186	-0.00850199
3.189	-0.0113606
3.192	-0.0142166
3.195	-0.01707
3.198	-0.0199207
3.201	-0.0227688
3.204	-0.025614
3.207	-0.0284565
3.21	-0.031296
3.213	-0.0341326
3.216	-0.0369663
3.219	-0.0397969
3.222	-0.0426244
3.225	-0.0454487
3.228	-0.0482699
3.231	-0.0510879
3.234	-0.0539025
3.237	-0.0567138
3.24	-0.0595218
3.243	-0.0623263
3.246	-0.0651274
3.249	-0.0679249
3.252	-0.0707189
3.255	-0.0735092
3.258	-0.076296
3.261	-0.079079
3.264	-0.0818583
3.267	-0.0846339
3.27	-0.0874056
3.273	-0.0901735
3.276	-0.0929375
3.279	-0.0956976
3.282	-0.0984538
3.285	-0.101206
3.288	-0.103954
3.291	-0.106698
3.294	-0.109438
3.297	-0.112174
3.3	-0.114906
3.303	-0.117633
3.306	-0.120356
3.309	-0.123075
3.312	-0.12579
3.315	-0.1285
3.318	-0.131207
3.321	-0.133908
3.324	-0.136606
3.327	-0.139299
3.33	-0.141987
3.333	-0.144671
3.336	-0.147351
3.339	-0.150026
3.342	-0.152696
3.345	-0.155362
3.348	-0.158024
3.351	-0.16068
3.354	-0.163333
3.357	-0.16598
3.36	-0.168623
3.363	-0.171261
3.366	-0.173895
3.369	-0.176524
3.372	-0.179148
3.375	-0.181768
3.378	-0.184383
3.381	-0.186993
3.384	-0.189598
3.387	-0.192199
3.39	-0.194795
3.393	-0.197386
3.396	-0.199972
3.399	-0.202553
3.402	-0.20513
3.405	-0.207702
3.408	-0.210269
3.411	-0.212831
3.414	-0.215389
3.417	-0.217941
3.42	-0.220489
3.423	-0.223032
3.426	-0.22557
3.429	-0.228104
3.432	-0.230632
3.435	-0.233156
3.438	-0.235675
3.441	-0.238189
3.444	-0.240698
3.447	-0.243202
3.45	-0.245702
3.453	-0.248196
3.456	-0.250686
3.459	-0.253171
3.462	-0.255651
3.465	-0.258127
3.468	-0.260598
3.471	-0.263064
3.474	-0.265525
3.477	-0.267981
3.48	-0.270433
3.483	-0.272879
3.486	-0.275321
3.489	-0.277759
3.492	-0.280191
3.495	-0.282619
3.498	-0.285043
3.501	-0.287461
3.504	-0.289875
3.507	-0.292284
3.51	-0.294689
3.513	-0.297089
3.516	-0.299484
3.519	-0.301874
3.522	-0.304261
3.525	-0.306642
3.528	-0.309019
3.531	-0.311391
3.534	-0.313759
3.537	-0.316122
3.54	-0.318481
3.543	-0.320835
3.546	-0.323185
3.549	-0.325531
3.552	-0.327872
3.555	-0.330208
3.558	-0.33254
3.561	-0.334868
3.564	-0.337191
3.567	-0.33951
3.57	-0.341825
3.573	-0.344136
3.576	-0.346442
3.579	-0.348744
3.582	-0.351041
3.585	-0.353335
3.588	-0.355624
3.591	-0.357909
3.594	-0.36019
3.597	-0.362466
3.6	-0.364739
3.603	-0.367007
3.606	-0.369272
3.609	-0.371532
3.612	-0.373789
3.615	-0.376041
3.618	-0.378289
3.621	-0.380534
3.624	-0.382774
3.627	-0.385011
3.63	-0.387243
3.633	-0.389472
3.636	-0.391697
3.639	-0.393918
3.642	-0.396135
3.645	-0.398349
3.648	-0.400558
3.651	-0.402764
3.654	-0.404966
3.657	-0.407165
3.66	-0.40936
3.663	-0.411551
3.666	-0.413738
3.669	-0.415922
3.672	-0.418103
3.675	-0.42028
3.678	-0.422453
3.681	-0.424623
3.684	-0.426789
3.687	-0.428952
3.69	-0.431111
3.693	-0.433267
3.696	-0.435419
3.699	-0.437568
3.702	-0.439714
3.705	-0.441856
3.708	-0.443996
3.711	-0.446131
3.714	-0.448264
3.717	-0.450393
3.72	-0.452519
3.723	-0.454642
3.726	-0.456761
3.729	-0.458877
3.732	-0.460991
3.735	-0.463101
3.738	-0.465208
3.741	-0.467311
3.744	-0.469412
3.747	-0.47151
3.75	-0.473604
3.753	-0.475696
3.756	-0.477784
3.759	-0.47987
3.762	-0.481953
3.765	-0.484032
3.768	-0.486109
3.771	-0.488182
3.774	-0.490253
3.777	-0.492321
3.78	-0.494386
3.783	-0.496448
3.786	-0.498507
3.789	-0.500564
3.792	-0.502617
3.795	-0.504668
3.798	-0.506716
3.801	-0.508761
3.804	-0.510804
3.807	-0.512843
3.81	-0.51488
3.813	-0.516914
3.816	-0.518945
3.819	-0.520974
3.822	-0.523
3.825	-0.525023
3.828	-0.527044
3.831	-0.529061
3.834	-0.531076
3.837	-0.533089
3.84	-0.535099
3.843	-0.537106
3.846	-0.53911
3.849	-0.541112
3.852	-0.543111
3.855	-0.545107
3.858	-0.547101
3.861	-0.549092
3.864	-0.551081
3.867	-0.553067
3.87	-0.55505
3.873	-0.557031
3.876	-0.559009
3.879	-0.560984
3.882	-0.562957
3.885	-0.564927
3.888	-0.566894
3.891	-0.568859
3.894	-0.570821
3.897	-0.572781
3.9	-0.574738
3.903	-0.576692
3.906	-0.578644
3.909	-0.580593
3.912	-0.582539
3.915	-0.584482
3.918	-0.586423
3.921	-0.588361
3.924	-0.590297
3.927	-0.59223
3.93	-0.59416
3.933	-0.596087
3.936	-0.598012
3.939	-0.599933
3.942	-0.601852
3.945	-0.603769
3.948	-0.605682
3.951	-0.607593
3.954	-0.609501
3.957	-0.611406
3.96	-0.613308
3.963	-0.615207
3.966	-0.617104
3.969	-0.618997
3.972	-0.620888
3.975	-0.622775
3.978	-0.62466
3.981	-0.626542
3.984	-0.62842
3.987	-0.630296
3.99	-0.632168
3.993	-0.634038
3.996	-0.635904
3.999	-0.637768
4.002	-0.639628
4.005	-0.641485
4.008	-0.643338
4.011	-0.645189
4.014	-0.647036
4.017	-0.64888
4.02	-0.650721
4.023	-0.652558
4.026	-0.654392
4.029	-0.656222
4.032	-0.658049
4.035	-0.659873
4.038	-0.661693
4.041	-0.66351
4.044	-0.665322
4.047	-0.667132
4.05	-0.668938
4.053	-0.67074
4.056	-0.672538
4.059	-0.674332
4.062	-0.676123
4.065	-0.67791
4.068	-0.679693
4.071	-0.681472
4.074	-0.683247
4.077	-0.685018
4.08	-0.686785
4.083	-0.688549
4.086	-0.690307
4.089	-0.692062
4.092	-0.693813
4.095	-0.695559
4.098	-0.697301
4.101	-0.699038
4.104	-0.700772
4.107	-0.7025
4.11	-0.704225
4.113	-0.705944
4.116	-0.70766
4.119	-0.70937
4.122	-0.711076
4.125	-0.712777
4.128	-0.714473
4.131	-0.716165
4.134	-0.717851
4.137	-0.719533
4.14	-0.721209
4.143	-0.722881
4.146	-0.724547
4.149	-0.726209
4.152	-0.727865
4.155	-0.729516
4.158	-0.731161
4.161	-0.732801
4.164	-0.734436
4.167	-0.736065
4.17	-0.737689
4.173	-0.739307
4.176	-0.740919
4.179	-0.742526
4.182	-0.744126
4.185	-0.745721
4.188	-0.747311
4.191	-0.748894
4.194	-0.750471
4.197	-0.752042
4.2	-0.753607
4.203	-0.755166
4.206	-0.756718
4.209	-0.758264
4.212	-0.759804
4.215	-0.761337
4.218	-0.762864
4.221	-0.764384
4.224	-0.765898
4.227	-0.767405
4.23	-0.768905
4.233	-0.770399
4.236	-0.771885
4.239	-0.773365
4.242	-0.774837
4.245	-0.776303
4.248	-0.777761
4.251	-0.779213
4.254	-0.780657
4.257	-0.782093
4.26	-0.783523
4.263	-0.784945
4.266	-0.786359
4.269	-0.787766
4.272	-0.789165
4.275	-0.790557
4.278	-0.79194
4.281	-0.793316
4.284	-0.794685
4.287	-0.796045
4.29	-0.797397
4.293	-0.798741
4.296	-0.800077
4.299	-0.801405
4.302	-0.802725
4.305	-0.804036
4.308	-0.805339
4.311	-0.806634
4.314	-0.80792
4.317	-0.809198
4.32	-0.810467
4.323	-0.811727
4.326	-0.812979
4.329	-0.814222
4.332	-0.815456
4.335	-0.816681
4.338	-0.817897
4.341	-0.819104
4.344	-0.820303
4.347	-0.821492
4.35	-0.822672
4.353	-0.823843
4.356	-0.825004
4.359	-0.826156
4.362	-0.827299
4.365	-0.828433
4.368	-0.829557
4.371	-0.830671
4.374	-0.831776
4.377	-0.832871
4.38	-0.833957
4.383	-0.835033
4.386	-0.836099
4.389	-0.837155
4.392	-0.838201
4.395	-0.839238
4.398	-0.840265
4.401	-0.841281
4.404	-0.842288
4.407	-0.843284
4.41	-0.844271
4.413	-0.845247
4.416	-0.846213
4.419	-0.847168
4.422	-0.848114
4.425	-0.849049
4.428	-0.849974
4.431	-0.850888
4.434	-0.851792
4.437	-0.852686
4.44	-0.853568
4.443	-0.854441
4.446	-0.855303
4.449	-0.856154
4.452	-0.856995
4.455	-0.857825
4.458	-0.858644
4.461	-0.859453
4.464	-0.860251
4.467	-0.861038
4.47	-0.861814
4.473	-0.862579
4.476	-0.863334
4.479	-0.864078
4.482	-0.864811
4.485	-0.865533
4.488	-0.866244
4.491	-0.866944
4.494	-0.867633
4.497	-0.868312
4.5	-0.868979
4.503	-0.869635
4.506	-0.87028
4.509	-0.870915
4.512	-0.871538
4.515	-0.87215
4.518	-0.872751
4.521	-0.873341
4.524	-0.87392
4.527	-0.874488
4.53	-0.875045
4.533	-0.875591
4.536	-0.876125
4.539	-0.876649
4.542	-0.877161
4.545	-0.877663
4.548	-0.878153
4.551	-0.878632
4.554	-0.8791
4.557	-0.879557
4.56	-0.880003
4.563	-0.880438
4.566	-0.880862
4.569	-0.881275
4.572	-0.881676
4.575	-0.882067
4.578	-0.882447
4.581	-0.882815
4.584	-0.883173
4.587	-0.88352
4.59	-0.883855
4.593	-0.88418
4.596	-0.884494
4.599	-0.884797
4.602	-0.885089
4.605	-0.88537
4.608	-0.88564
4.611	-0.885899
4.614	-0.886148
4.617	-0.886386
4.62	-0.886613
4.623	-0.886829
4.626	-0.887035
4.629	-0.887229
4.632	-0.887414
4.635	-0.887587
4.638	-0.88775
4.641	-0.887903
4.644	-0.888044
4.647	-0.888176
4.65	-0.888297
4.653	-0.888407
4.656	-0.888507
4.659	-0.888597
4.662	-0.888676
4.665	-0.888745
4.668	-0.888804
4.671	-0.888852
4.674	-0.888891
4.677	-0.888919
4.68	-0.888937
4.683	-0.888945
4.686	-0.888943
4.689	-0.888931
4.692	-0.888909
4.695	-0.888877
4.698	-0.888835
4.701	-0.888784
4.704	-0.888723
4.707	-0.888652
4.71	-0.888571
4.713	-0.888481
4.716	-0.888381
4.719	-0.888272
4.722	-0.888153
4.725	-0.888025
4.728	-0.887887
4.731	-0.88774
4.734	-0.887584
4.737	-0.887418
4.74	-0.887244
4.743	-0.88706
4.746	-0.886867
4.749	-0.886665
4.752	-0.886454
4.755	-0.886235
4.758	-0.886006
4.761	-0.885769
4.764	-0.885523
4.767	-0.885268
4.77	-0.885005
4.773	-0.884733
4.776	-0.884452
4.779	-0.884163
4.782	-0.883866
4.785	-0.88356
4.788	-0.883246
4.791	-0.882924
4.794	-0.882593
4.797	-0.882255
4.8	-0.881908
4.803	-0.881554
4.806	-0.881191
4.809	-0.880821
4.812	-0.880442
4.815	-0.880056
4.818	-0.879662
4.821	-0.879261
4.824	-0.878852
4.827	-0.878435
4.83	-0.878011
4.833	-0.87758
4.836	-0.877141
4.839	-0.876695
4.842	-0.876242
4.845	-0.875781
4.848	-0.875314
4.851	-0.874839
4.854	-0.874357
4.857	-0.873869
4.86	-0.873373
4.863	-0.872871
4.866	-0.872362
4.869	-0.871846
4.872	-0.871324
4.875	-0.870795
4.878	-0.870259
4.881	-0.869717
4.884	-0.869169
4.887	-0.868614
4.89	-0.868053
4.893	-0.867486
4.896	-0.866912
4.899	-0.866332
4.902	-0.865747
4.905	-0.865155
4.908	-0.864558
4.911	-0.863954
4.914	-0.863345
4.917	-0.86273
4.92	-0.862109
4.923	-0.861482
4.926	-0.86085
4.929	-0.860213
4.932	-0.85957
4.935	-0.858921
4.938	-0.858267
4.941	-0.857608
4.944	-0.856943
4.947	-0.856274
4.95	-0.855599
4.953	-0.854919
4.956	-0.854233
4.959	-0.853543
4.962	-0.852848
4.965	-0.852148
4.968	-0.851444
4.971	-0.850734
4.974	-0.85002
4.977	-0.849301
4.98	-0.848577
4.983	-0.847849
4.986	-0.847116
4.989	-0.846378
4.992	-0.845637
4.995	-0.84489
4.998	-0.84414
5.001	-0.843385
5.004	-0.842626
5.007	-0.841863
5.01	-0.841095
5.013	-0.840324
5.016	-0.839548
5.019	-0.838769
5.022	-0.837985
5.025	-0.837198
5.028	-0.836406
5.031	-0.835611
5.034	-0.834812
5.037	-0.834009
5.04	-0.833203
5.043	-0.832393
5.046	-0.831579
5.049	-0.830762
5.052	-0.829941
5.055	-0.829117
5.058	-0.828289
5.061	-0.827458
5.064	-0.826623
5.067	-0.825785
5.07	-0.824944
5.073	-0.8241
5.076	-0.823252
5.079	-0.822401
5.082	-0.821547
5.085	-0.82069
5.088	-0.81983
5.091	-0.818967
5.094	-0.818101
5.097	-0.817232
5.1	-0.81636
5.103	-0.815485
5.106	-0.814607
5.109	-0.813727
5.112	-0.812843
5.115	-0.811957
5.118	-0.811068
5.121	-0.810177
5.124	-0.809283
5.127	-0.808386
5.13	-0.807487
5.133	-0.806585
5.136	-0.805681
5.139	-0.804774
5.142	-0.803864
5.145	-0.802953
5.148	-0.802038
5.151	-0.801122
5.154	-0.800203
5.157	-0.799282
5.16	-0.798358
5.163	-0.797433
5.166	-0.796505
5.169	-0.795575
5.172	-0.794642
5.175	-0.793708
5.178	-0.792771
5.181	-0.791832
5.184	-0.790892
5.187	-0.789949
5.19	-0.789004
5.193	-0.788057
5.196	-0.787108
5.199	-0.786157
5.202	-0.785204
5.205	-0.78425
5.208	-0.783293
5.211	-0.782335
5.214	-0.781375
5.217	-0.780412
5.22	-0.779449
5.223	-0.778483
5.226	-0.777515
5.229	-0.776546
5.232	-0.775575
5.235	-0.774603
5.238	-0.773629
5.241	-0.772653
5.244	-0.771675
5.247	-0.770696
5.25	-0.769715
5.253	-0.768733
5.256	-0.767749
5.259	-0.766764
5.262	-0.765777
5.265	-0.764788
5.268	-0.763798
5.271	-0.762807
5.274	-0.761814
5.277	-0.760819
5.28	-0.759823
5.283	-0.758826
5.286	-0.757828
5.289	-0.756828
5.292	-0.755826
5.295	-0.754824
5.298	-0.753819
5.301	-0.752814
5.304	-0.751807
5.307	-0.750799
5.31	-0.74979
5.313	-0.74878
5.316	-0.747768
5.319	-0.746755
5.322	-0.745741
5.325	-0.744725
5.328	-0.743709
5.331	-0.742691
5.334	-0.741672
5.337	-0.740652
5.34	-0.73963
5.343	-0.738608
5.346	-0.737584
5.349	-0.73656
5.352	-0.735534
5.355	-0.734507
5.358	-0.733479
5.361	-0.73245
5.364	-0.73142
5.367	-0.730389
5.37	-0.729357
5.373	-0.728324
5.376	-0.72729
5.379	-0.726254
5.382	-0.725218
5.385	-0.724181
5.388	-0.723143
5.391	-0.722104
5.394	-0.721064
5.397	-0.720023
5.4	-0.718982
5.403	-0.717939
5.406	-0.716895
5.409	-0.715851
5.412	-0.714805
5.415	-0.713759
5.418	-0.712712
5.421	-0.711664
5.424	-0.710615
5.427	-0.709566
5.43	-0.708515
5.433	-0.707464
5.436	-0.706412
5.439	-0.705359
5.442	-0.704306
5.445	-0.703251
5.448	-0.702196
5.451	-0.70114
5.454	-0.700084
5.457	-0.699026
5.46	-0.697968
5.463	-0.69691
5.466	-0.69585
5.469	-0.69479
5.472	-0.693729
5.475	-0.692668
5.478	-0.691605
5.481	-0.690543
5.484	-0.689479
5.487	-0.688415
5.49	-0.68735
5.493	-0.686285
5.496	-0.685219
5.499	-0.684153
5.502	-0.683086
5.505	-0.682018
5.508	-0.68095
5.511	-0.679881
5.514	-0.678812
5.517	-0.677742
5.52	-0.676671
5.523	-0.675601
5.526	-0.674529
5.529	-0.673458
5.532	-0.672385
5.535	-0.671313
5.538	-0.670239
5.541	-0.669166
5.544	-0.668092
5.547	-0.667017
5.55	-0.665942
5.553	-0.664867
5.556	-0.663791
5.559	-0.662715
5.562	-0.661639
5.565	-0.660562
5.568	-0.659485
5.571	-0.658408
5.574	-0.65733
5.577	-0.656252
5.58	-0.655174
5.583	-0.654095
5.586	-0.653017
5.589	-0.651937
5.592	-0.650858
5.595	-0.649779
5.598	-0.648699
5.601	-0.647619
5.604	-0.646539
5.607	-0.645459
5.61	-0.644378
5.613	-0.643298
5.616	-0.642217
5.619	-0.641136
5.622	-0.640055
5.625	-0.638974
5.628	-0.637893
5.631	-0.636812
5.634	-0.635731
5.637	-0.63465
5.64	-0.633569
5.643	-0.632487
5.646	-0.631406
5.649	-0.630325
5.652	-0.629244
5.655	-0.628163
5.658	-0.627082
5.661	-0.626001
5.664	-0.62492
5.667	-0.62384
5.67	-0.622759
5.673	-0.621679
5.676	-0.620599
5.679	-0.619519
5.682	-0.618439
5.685	-0.617359
5.688	-0.61628
5.691	-0.615201
5.694	-0.614122
5.697	-0.613044
5.7	-0.611965
5.703	-0.610888
5.706	-0.60981
5.709	-0.608733
5.712	-0.607656
5.715	-0.60658
5.718	-0.605504
5.721	-0.604428
5.724	-0.603353
5.727	-0.602279
5.73	-0.601205
5.733	-0.600131
5.736	-0.599058
5.739	-0.597985
5.742	-0.596913
5.745	-0.595842
5.748	-0.594771
5.751	-0.593701
5.754	-0.592632
5.757	-0.591563
5.76	-0.590495
5.763	-0.589427
5.766	-0.58836
5.769	-0.587294
5.772	-0.586229
5.775	-0.585165
5.778	-0.584101
5.781	-0.583038
5.784	-0.581976
5.787	-0.580915
5.79	-0.579855
5.793	-0.578795
5.796	-0.577737
5.799	-0.57668
5.802	-0.575623
5.805	-0.574568
5.808	-0.573513
5.811	-0.57246
5.814	-0.571407
5.817	-0.570356
5.82	-0.569306
5.823	-0.568257
5.826	-0.567209
5.829	-0.566162
5.832	-0.565116
5.835	-0.564072
5.838	-0.563029
5.841	-0.561987
5.844	-0.560946
5.847	-0.559907
5.85	-0.558869
5.853	-0.557832
5.856	-0.556797
5.859	-0.555763
5.862	-0.55473
5.865	-0.553699
5.868	-0.552669
5.871	-0.551641
5.874	-0.550614
5.877	-0.549589
5.88	-0.548565
5.883	-0.547543
5.886	-0.546523
5.889	-0.545504
5.892	-0.544486
5.895	-0.543471
5.898	-0.542457
5.901	-0.541445
5.904	-0.540434
5.907	-0.539425
5.91	-0.538418
5.913	-0.537413
5.916	-0.536409
5.919	-0.535408
5.922	-0.534408
5.925	-0.53341
5.928	-0.532414
5.931	-0.53142
5.934	-0.530428
5.937	-0.529437
5.94	-0.528449
5.943	-0.527463
5.946	-0.526479
5.949	-0.525496
5.952	-0.524516
5.955	-0.523538
5.958	-0.522562
5.961	-0.521589
5.964	-0.520617
5.967	-0.519648
5.97	-0.51868
5.973	-0.517715
5.976	-0.516753
5.979	-0.515792
5.982	-0.514834
5.985	-0.513878
5.988	-0.512924
5.991	-0.511973
5.994	-0.511024
5.997	-0.510078
