 x 	V[Y|X = x] 
0	0.0163131
0.003	0.0165882
0.006	0.0168629
0.009	0.0171368
0.012	0.0174093
0.015	0.0176802
0.018	0.0179489
0.021	0.0182151
0.024	0.0184784
0.027	0.0187384
0.03	0.0189948
0.033	0.0192473
0.036	0.0194956
0.039	0.0197395
0.042	0.0199786
0.045	0.0202127
0.048	0.0204418
0.051	0.0206655
0.054	0.0208839
0.057	0.0210967
0.06	0.0213039
0.063	0.0215055
0.066	0.0217013
0.069	0.0218915
0.072	0.022076
0.075	0.0222549
0.078	0.0224282
0.081	0.0225959
0.084	0.0227583
0.087	0.0229153
0.09	0.0230671
0.093	0.0232139
0.096	0.0233557
0.099	0.0234928
0.102	0.0236252
0.105	0.0237531
0.108	0.0238767
0.111	0.0239962
0.114	0.0241117
0.117	0.0242233
0.12	0.0243313
0.123	0.0244358
0.126	0.0245369
0.129	0.0246348
0.132	0.0247295
0.135	0.0248214
0.138	0.0249103
0.141	0.0249965
0.144	0.0250801
0.147	0.0251611
0.15	0.0252395
0.153	0.0253155
0.156	0.025389
0.159	0.0254601
0.162	0.0255289
0.165	0.0255951
0.168	0.0256589
0.171	0.0257202
0.174	0.0257789
0.177	0.025835
0.18	0.0258883
0.183	0.0259388
0.186	0.0259863
0.189	0.0260307
0.192	0.0260718
0.195	0.0261095
0.198	0.0261437
0.201	0.0261741
0.204	0.0262006
0.207	0.0262231
0.21	0.0262414
0.213	0.0262553
0.216	0.0262647
0.219	0.0262695
0.222	0.0262695
0.225	0.0262647
0.228	0.0262549
0.231	0.0262402
0.234	0.0262204
0.237	0.0261956
0.24	0.0261658
0.243	0.026131
0.246	0.0260913
0.249	0.0260469
0.252	0.0259978
0.255	0.0259443
0.258	0.0258865
0.261	0.0258247
0.264	0.025759
0.267	0.0256898
0.27	0.0256174
0.273	0.025542
0.276	0.025464
0.279	0.0253837
0.282	0.0253014
0.285	0.0252175
0.288	0.0251323
0.291	0.0250462
0.294	0.0249594
0.297	0.0248724
0.3	0.0247855
0.303	0.0246989
0.306	0.0246129
0.309	0.0245279
0.312	0.0244441
0.315	0.0243618
0.318	0.0242811
0.321	0.0242024
0.324	0.0241257
0.327	0.0240513
0.33	0.0239793
0.333	0.0239098
0.336	0.023843
0.339	0.023779
0.342	0.0237178
0.345	0.0236595
0.348	0.0236041
0.351	0.0235518
0.354	0.0235025
0.357	0.0234561
0.36	0.0234128
0.363	0.0233725
0.366	0.0233351
0.369	0.0233006
0.372	0.0232689
0.375	0.0232401
0.378	0.0232139
0.381	0.0231904
0.384	0.0231694
0.387	0.0231508
0.39	0.0231346
0.393	0.0231205
0.396	0.0231086
0.399	0.0230985
0.402	0.0230903
0.405	0.0230837
0.408	0.0230785
0.411	0.0230746
0.414	0.0230719
0.417	0.0230701
0.42	0.023069
0.423	0.0230684
0.426	0.0230682
0.429	0.023068
0.432	0.0230677
0.435	0.023067
0.438	0.0230658
0.441	0.0230637
0.444	0.0230605
0.447	0.0230559
0.45	0.0230499
0.453	0.023042
0.456	0.0230321
0.459	0.02302
0.462	0.0230054
0.465	0.0229881
0.468	0.0229681
0.471	0.0229449
0.474	0.0229187
0.477	0.0228891
0.48	0.0228561
0.483	0.0228197
0.486	0.0227797
0.489	0.0227361
0.492	0.0226889
0.495	0.0226381
0.498	0.0225839
0.501	0.0225261
0.504	0.0224651
0.507	0.0224009
0.51	0.0223336
0.513	0.0222634
0.516	0.0221905
0.519	0.0221152
0.522	0.0220377
0.525	0.0219582
0.528	0.0218769
0.531	0.0217942
0.534	0.0217103
0.537	0.0216254
0.54	0.0215399
0.543	0.021454
0.546	0.021368
0.549	0.021282
0.552	0.0211965
0.555	0.0211115
0.558	0.0210273
0.561	0.0209441
0.564	0.0208621
0.567	0.0207815
0.57	0.0207024
0.573	0.0206249
0.576	0.0205492
0.579	0.0204754
0.582	0.0204035
0.585	0.0203337
0.588	0.0202659
0.591	0.0202003
0.594	0.0201368
0.597	0.0200754
0.6	0.0200162
0.603	0.019959
0.606	0.019904
0.609	0.019851
0.612	0.0198
0.615	0.0197509
0.618	0.0197036
0.621	0.0196582
0.624	0.0196144
0.627	0.0195722
0.63	0.0195315
0.633	0.0194922
0.636	0.0194542
0.639	0.0194173
0.642	0.0193815
0.645	0.0193465
0.648	0.0193123
0.651	0.0192788
0.654	0.0192458
0.657	0.0192131
0.66	0.0191807
0.663	0.0191483
0.666	0.0191158
0.669	0.0190831
0.672	0.01905
0.675	0.0190164
0.678	0.0189821
0.681	0.018947
0.684	0.0189109
0.687	0.0188737
0.69	0.0188352
0.693	0.0187953
0.696	0.0187539
0.699	0.0187108
0.702	0.018666
0.705	0.0186194
0.708	0.0185707
0.711	0.01852
0.714	0.0184672
0.717	0.0184123
0.72	0.0183551
0.723	0.0182957
0.726	0.018234
0.729	0.0181701
0.732	0.018104
0.735	0.0180357
0.738	0.0179653
0.741	0.0178929
0.744	0.0178186
0.747	0.0177424
0.75	0.0176645
0.753	0.0175851
0.756	0.0175042
0.759	0.0174221
0.762	0.017339
0.765	0.0172549
0.768	0.0171702
0.771	0.017085
0.774	0.0169995
0.777	0.0169138
0.78	0.0168283
0.783	0.016743
0.786	0.0166582
0.789	0.0165741
0.792	0.0164908
0.795	0.0164084
0.798	0.0163273
0.801	0.0162474
0.804	0.0161689
0.807	0.0160919
0.81	0.0160166
0.813	0.0159431
0.816	0.0158713
0.819	0.0158014
0.822	0.0157335
0.825	0.0156675
0.828	0.0156035
0.831	0.0155415
0.834	0.0154815
0.837	0.0154235
0.84	0.0153675
0.843	0.0153134
0.846	0.0152613
0.849	0.015211
0.852	0.0151625
0.855	0.0151157
0.858	0.0150706
0.861	0.0150271
0.864	0.0149851
0.867	0.0149445
0.87	0.0149053
0.873	0.0148672
0.876	0.0148303
0.879	0.0147945
0.882	0.0147595
0.885	0.0147253
0.888	0.0146919
0.891	0.014659
0.894	0.0146265
0.897	0.0145944
0.9	0.0145625
0.903	0.0145308
0.906	0.014499
0.909	0.014467
0.912	0.0144348
0.915	0.0144022
0.918	0.014369
0.921	0.0143353
0.924	0.0143007
0.927	0.0142653
0.93	0.014229
0.933	0.0141915
0.936	0.0141528
0.939	0.0141129
0.942	0.0140715
0.945	0.0140287
0.948	0.0139843
0.951	0.0139382
0.954	0.0138905
0.957	0.013841
0.96	0.0137898
0.963	0.0137367
0.966	0.0136817
0.969	0.013625
0.972	0.0135664
0.975	0.0135059
0.978	0.0134437
0.981	0.0133798
0.984	0.0133141
0.987	0.0132469
0.99	0.0131782
0.993	0.0131081
0.996	0.0130367
0.999	0.0129641
1.002	0.0128905
1.005	0.0128159
1.008	0.0127407
1.011	0.0126648
1.014	0.0125885
1.017	0.0125119
1.02	0.0124352
1.023	0.0123585
1.026	0.0122821
1.029	0.012206
1.032	0.0121305
1.035	0.0120556
1.038	0.0119815
1.041	0.0119084
1.044	0.0118363
1.047	0.0117654
1.05	0.0116958
1.053	0.0116276
1.056	0.0115608
1.059	0.0114956
1.062	0.011432
1.065	0.01137
1.068	0.0113097
1.071	0.0112511
1.074	0.0111943
1.077	0.0111392
1.08	0.0110858
1.083	0.0110342
1.086	0.0109843
1.089	0.0109361
1.092	0.0108895
1.095	0.0108446
1.098	0.0108013
1.101	0.0107594
1.104	0.0107191
1.107	0.0106801
1.11	0.0106425
1.113	0.0106062
1.116	0.010571
1.119	0.0105371
1.122	0.0105041
1.125	0.0104722
1.128	0.0104411
1.131	0.0104109
1.134	0.0103814
1.137	0.0103526
1.14	0.0103244
1.143	0.0102966
1.146	0.0102693
1.149	0.0102423
1.152	0.0102156
1.155	0.0101891
1.158	0.0101626
1.161	0.0101362
1.164	0.0101097
1.167	0.0100831
1.17	0.0100563
1.173	0.0100293
1.176	0.0100019
1.179	0.00997408
1.182	0.00994583
1.185	0.00991708
1.188	0.00988776
1.191	0.00985783
1.194	0.00982725
1.197	0.00979598
1.2	0.00976397
1.203	0.00973122
1.206	0.00969769
1.209	0.00966337
1.212	0.00962825
1.215	0.00959233
1.218	0.00955562
1.221	0.00951812
1.224	0.00947986
1.227	0.00944085
1.23	0.00940114
1.233	0.00936076
1.236	0.00931976
1.239	0.00927819
1.242	0.0092361
1.245	0.00919357
1.248	0.00915064
1.251	0.00910741
1.254	0.00906393
1.257	0.0090203
1.26	0.00897658
1.263	0.00893286
1.266	0.00888922
1.269	0.00884574
1.272	0.0088025
1.275	0.00875959
1.278	0.00871706
1.281	0.00867501
1.284	0.0086335
1.287	0.00859259
1.29	0.00855234
1.293	0.00851282
1.296	0.00847408
1.299	0.00843615
1.302	0.00839909
1.305	0.00836293
1.308	0.00832769
1.311	0.0082934
1.314	0.00826008
1.317	0.00822774
1.32	0.0081964
1.323	0.00816605
1.326	0.00813669
1.329	0.00810831
1.332	0.00808091
1.335	0.00805447
1.338	0.00802898
1.341	0.0080044
1.344	0.00798073
1.347	0.00795793
1.35	0.00793597
1.353	0.00791483
1.356	0.00789446
1.359	0.00787485
1.362	0.00785594
1.365	0.00783772
1.368	0.00782013
1.371	0.00780315
1.374	0.00778673
1.377	0.00777085
1.38	0.00775546
1.383	0.00774052
1.386	0.00772601
1.389	0.00771188
1.392	0.0076981
1.395	0.00768464
1.398	0.00767146
1.401	0.00765853
1.404	0.00764583
1.407	0.00763332
1.41	0.00762097
1.413	0.00760876
1.416	0.00759667
1.419	0.00758467
1.422	0.00757274
1.425	0.00756086
1.428	0.00754901
1.431	0.00753718
1.434	0.00752536
1.437	0.00751353
1.44	0.00750168
1.443	0.00748981
1.446	0.00747792
1.449	0.00746599
1.452	0.00745403
1.455	0.00744204
1.458	0.00743003
1.461	0.00741799
1.464	0.00740595
1.467	0.00739389
1.47	0.00738185
1.473	0.00736982
1.476	0.00735783
1.479	0.00734589
1.482	0.00733401
1.485	0.00732221
1.488	0.00731052
1.491	0.00729894
1.494	0.00728751
1.497	0.00727623
1.5	0.00726512
1.503	0.00725422
1.506	0.00724352
1.509	0.00723306
1.512	0.00722285
1.515	0.00721291
1.518	0.00720325
1.521	0.00719388
1.524	0.00718483
1.527	0.0071761
1.53	0.0071677
1.533	0.00715964
1.536	0.00715194
1.539	0.00714461
1.542	0.00713764
1.545	0.00713104
1.548	0.00712482
1.551	0.00711899
1.554	0.00711354
1.557	0.00710848
1.56	0.00710381
1.563	0.00709953
1.566	0.00709565
1.569	0.00709215
1.572	0.00708906
1.575	0.00708635
1.578	0.00708405
1.581	0.00708213
1.584	0.00708062
1.587	0.0070795
1.59	0.00707879
1.593	0.00707848
1.596	0.00707857
1.599	0.00707907
1.602	0.00707998
1.605	0.00708132
1.608	0.00708307
1.611	0.00708526
1.614	0.00708788
1.617	0.00709094
1.62	0.00709446
1.623	0.00709844
1.626	0.0071029
1.629	0.00710783
1.632	0.00711326
1.635	0.0071192
1.638	0.00712566
1.641	0.00713264
1.644	0.00714018
1.647	0.00714827
1.65	0.00715693
1.653	0.00716617
1.656	0.00717602
1.659	0.00718648
1.662	0.00719756
1.665	0.00720928
1.668	0.00722165
1.671	0.00723467
1.674	0.00724836
1.677	0.00726273
1.68	0.00727777
1.683	0.0072935
1.686	0.00730992
1.689	0.00732702
1.692	0.0073448
1.695	0.00736327
1.698	0.0073824
1.701	0.0074022
1.704	0.00742263
1.707	0.0074437
1.71	0.00746538
1.713	0.00748764
1.716	0.00751047
1.719	0.00753382
1.722	0.00755767
1.725	0.00758199
1.728	0.00760673
1.731	0.00763186
1.734	0.00765733
1.737	0.0076831
1.74	0.00770912
1.743	0.00773535
1.746	0.00776175
1.749	0.00778825
1.752	0.00781482
1.755	0.00784141
1.758	0.00786797
1.761	0.00789445
1.764	0.00792082
1.767	0.00794703
1.77	0.00797305
1.773	0.00799883
1.776	0.00802436
1.779	0.00804959
1.782	0.0080745
1.785	0.00809907
1.788	0.00812329
1.791	0.00814713
1.794	0.0081706
1.797	0.00819368
1.8	0.00821637
1.803	0.00823869
1.806	0.00826062
1.809	0.00828219
1.812	0.00830342
1.815	0.00832431
1.818	0.00834489
1.821	0.0083652
1.824	0.00838525
1.827	0.00840507
1.83	0.00842471
1.833	0.00844421
1.836	0.00846359
1.839	0.00848291
1.842	0.00850221
1.845	0.00852153
1.848	0.00854093
1.851	0.00856046
1.854	0.00858016
1.857	0.00860009
1.86	0.00862031
1.863	0.00864087
1.866	0.00866182
1.869	0.00868323
1.872	0.00870514
1.875	0.00872763
1.878	0.00875074
1.881	0.00877454
1.884	0.00879907
1.887	0.00882441
1.89	0.0088506
1.893	0.00887769
1.896	0.00890575
1.899	0.00893482
1.902	0.00896495
1.905	0.00899619
1.908	0.00902857
1.911	0.00906215
1.914	0.00909696
1.917	0.00913303
1.92	0.00917038
1.923	0.00920905
1.926	0.00924904
1.929	0.00929037
1.932	0.00933304
1.935	0.00937706
1.938	0.00942241
1.941	0.00946907
1.944	0.00951704
1.947	0.00956626
1.95	0.00961671
1.953	0.00966833
1.956	0.00972108
1.959	0.00977489
1.962	0.00982969
1.965	0.00988541
1.968	0.00994195
1.971	0.00999924
1.974	0.0100572
1.977	0.0101156
1.98	0.0101746
1.983	0.0102338
1.986	0.0102933
1.989	0.0103529
1.992	0.0104124
1.995	0.0104719
1.998	0.0105311
2.001	0.0105901
2.004	0.0106485
2.007	0.0107065
2.01	0.0107638
2.013	0.0108204
2.016	0.0108762
2.019	0.0109312
2.022	0.0109852
2.025	0.0110383
2.028	0.0110903
2.031	0.0111412
2.034	0.011191
2.037	0.0112397
2.04	0.0112873
2.043	0.0113337
2.046	0.0113791
2.049	0.0114233
2.052	0.0114664
2.055	0.0115085
2.058	0.0115495
2.061	0.0115897
2.064	0.0116289
2.067	0.0116672
2.07	0.0117048
2.073	0.0117416
2.076	0.0117778
2.079	0.0118134
2.082	0.0118486
2.085	0.0118833
2.088	0.0119178
2.091	0.011952
2.094	0.0119861
2.097	0.0120201
2.1	0.0120542
2.103	0.0120885
2.106	0.012123
2.109	0.0121578
2.112	0.0121931
2.115	0.0122289
2.118	0.0122653
2.121	0.0123024
2.124	0.0123403
2.127	0.0123792
2.13	0.0124189
2.133	0.0124598
2.136	0.0125018
2.139	0.0125449
2.142	0.0125894
2.145	0.0126352
2.148	0.0126824
2.151	0.0127311
2.154	0.0127812
2.157	0.012833
2.16	0.0128863
2.163	0.0129412
2.166	0.0129977
2.169	0.0130558
2.172	0.0131156
2.175	0.0131769
2.178	0.0132399
2.181	0.0133043
2.184	0.0133703
2.187	0.0134377
2.19	0.0135065
2.193	0.0135766
2.196	0.0136478
2.199	0.0137201
2.202	0.0137934
2.205	0.0138675
2.208	0.0139423
2.211	0.0140176
2.214	0.0140933
2.217	0.0141693
2.22	0.0142453
2.223	0.0143213
2.226	0.0143969
2.229	0.0144722
2.232	0.0145468
2.235	0.0146206
2.238	0.0146935
2.241	0.0147653
2.244	0.0148358
2.247	0.014905
2.25	0.0149726
2.253	0.0150387
2.256	0.015103
2.259	0.0151655
2.262	0.015226
2.265	0.0152847
2.268	0.0153413
2.271	0.0153959
2.274	0.0154485
2.277	0.0154991
2.28	0.0155476
2.283	0.0155942
2.286	0.0156389
2.289	0.0156816
2.292	0.0157226
2.295	0.0157619
2.298	0.0157995
2.301	0.0158357
2.304	0.0158704
2.307	0.0159039
2.31	0.0159362
2.313	0.0159674
2.316	0.0159978
2.319	0.0160274
2.322	0.0160564
2.325	0.0160849
2.328	0.0161131
2.331	0.016141
2.334	0.0161689
2.337	0.0161969
2.34	0.0162252
2.343	0.0162538
2.346	0.0162829
2.349	0.0163126
2.352	0.0163432
2.355	0.0163746
2.358	0.0164071
2.361	0.0164407
2.364	0.0164756
2.367	0.0165119
2.37	0.0165497
2.373	0.0165892
2.376	0.0166304
2.379	0.0166734
2.382	0.0167183
2.385	0.0167653
2.388	0.0168144
2.391	0.0168656
2.394	0.0169191
2.397	0.016975
2.4	0.0170331
2.403	0.0170938
2.406	0.0171568
2.409	0.0172223
2.412	0.0172904
2.415	0.0173609
2.418	0.0174338
2.421	0.0175092
2.424	0.017587
2.427	0.0176672
2.43	0.0177496
2.433	0.0178342
2.436	0.0179209
2.439	0.0180095
2.442	0.0181
2.445	0.0181921
2.448	0.0182856
2.451	0.0183805
2.454	0.0184765
2.457	0.0185734
2.46	0.0186709
2.463	0.0187689
2.466	0.018867
2.469	0.0189651
2.472	0.0190629
2.475	0.0191601
2.478	0.0192564
2.481	0.0193516
2.484	0.0194455
2.487	0.0195378
2.49	0.0196283
2.493	0.0197168
2.496	0.019803
2.499	0.0198867
2.502	0.0199679
2.505	0.0200463
2.508	0.0201218
2.511	0.0201943
2.514	0.0202637
2.517	0.0203299
2.52	0.020393
2.523	0.0204529
2.526	0.0205097
2.529	0.0205632
2.532	0.0206137
2.535	0.0206611
2.538	0.0207056
2.541	0.0207473
2.544	0.0207863
2.547	0.0208227
2.55	0.0208567
2.553	0.0208884
2.556	0.0209181
2.559	0.0209458
2.562	0.0209718
2.565	0.0209963
2.568	0.0210194
2.571	0.0210414
2.574	0.0210624
2.577	0.0210826
2.58	0.0211022
2.583	0.0211214
2.586	0.0211403
2.589	0.0211592
2.592	0.0211782
2.595	0.0211975
2.598	0.0212172
2.601	0.0212375
2.604	0.0212586
2.607	0.0212806
2.61	0.0213035
2.613	0.0213277
2.616	0.0213531
2.619	0.0213799
2.622	0.0214082
2.625	0.0214382
2.628	0.0214698
2.631	0.0215033
2.634	0.0215386
2.637	0.0215759
2.64	0.0216152
2.643	0.0216566
2.646	0.0217001
2.649	0.0217458
2.652	0.0217936
2.655	0.0218436
2.658	0.0218959
2.661	0.0219503
2.664	0.0220069
2.667	0.0220657
2.67	0.0221265
2.673	0.0221893
2.676	0.0222541
2.679	0.0223207
2.682	0.0223891
2.685	0.022459
2.688	0.0225305
2.691	0.0226033
2.694	0.0226772
2.697	0.0227521
2.7	0.0228278
2.703	0.022904
2.706	0.0229806
2.709	0.0230574
2.712	0.023134
2.715	0.0232103
2.718	0.023286
2.721	0.023361
2.724	0.0234348
2.727	0.0235074
2.73	0.0235785
2.733	0.0236478
2.736	0.0237153
2.739	0.0237806
2.742	0.0238435
2.745	0.0239041
2.748	0.023962
2.751	0.0240172
2.754	0.0240696
2.757	0.0241191
2.76	0.0241657
2.763	0.0242092
2.766	0.0242499
2.769	0.0242875
2.772	0.0243223
2.775	0.0243542
2.778	0.0243834
2.781	0.0244099
2.784	0.0244339
2.787	0.0244555
2.79	0.0244749
2.793	0.0244921
2.796	0.0245075
2.799	0.0245211
2.802	0.0245332
2.805	0.024544
2.808	0.0245536
2.811	0.0245622
2.814	0.0245701
2.817	0.0245774
2.82	0.0245843
2.823	0.0245911
2.826	0.0245978
2.829	0.0246048
2.832	0.0246121
2.835	0.0246198
2.838	0.0246283
2.841	0.0246376
2.844	0.0246478
2.847	0.0246592
2.85	0.0246717
2.853	0.0246856
2.856	0.024701
2.859	0.0247179
2.862	0.0247365
2.865	0.0247568
2.868	0.0247789
2.871	0.0248028
2.874	0.0248287
2.877	0.0248566
2.88	0.0248865
2.883	0.0249184
2.886	0.0249523
2.889	0.0249883
2.892	0.0250264
2.895	0.0250665
2.898	0.0251086
2.901	0.0251527
2.904	0.0251986
2.907	0.0252464
2.91	0.0252959
2.913	0.025347
2.916	0.0253997
2.919	0.0254537
2.922	0.025509
2.925	0.0255653
2.928	0.0256225
2.931	0.0256804
2.934	0.0257387
2.937	0.0257973
2.94	0.0258559
2.943	0.0259142
2.946	0.025972
2.949	0.0260291
2.952	0.0260851
2.955	0.0261397
2.958	0.0261927
2.961	0.0262438
2.964	0.0262928
2.967	0.0263393
2.97	0.026383
2.973	0.0264238
2.976	0.0264614
2.979	0.0264955
2.982	0.0265261
2.985	0.0265528
2.988	0.0265757
2.991	0.0265944
2.994	0.026609
2.997	0.0266195
3	0.0266257
3.003	0.0266276
3.006	0.0266254
3.009	0.0266191
3.012	0.0266088
3.015	0.0265946
3.018	0.0265767
3.021	0.0265552
3.024	0.0265304
3.027	0.0265025
3.03	0.0264718
3.033	0.0264384
3.036	0.0264028
3.039	0.0263651
3.042	0.0263257
3.045	0.0262848
3.048	0.0262429
3.051	0.0262
3.054	0.0261566
3.057	0.026113
3.06	0.0260694
3.063	0.026026
3.066	0.0259833
3.069	0.0259413
3.072	0.0259004
3.075	0.0258607
3.078	0.0258225
3.081	0.025786
3.084	0.0257513
3.087	0.0257187
3.09	0.0256882
3.093	0.02566
3.096	0.0256343
3.099	0.0256112
3.102	0.0255907
3.105	0.025573
3.108	0.0255581
3.111	0.025546
3.114	0.025537
3.117	0.0255309
3.12	0.0255278
3.123	0.0255278
3.126	0.0255308
3.129	0.0255368
3.132	0.0255459
3.135	0.025558
3.138	0.0255731
3.141	0.0255911
3.144	0.025612
3.147	0.0256357
3.15	0.0256621
3.153	0.0256912
3.156	0.0257228
3.159	0.0257568
3.162	0.0257931
3.165	0.0258315
3.168	0.0258719
3.171	0.0259141
3.174	0.0259579
3.177	0.0260031
3.18	0.0260494
3.183	0.0260967
3.186	0.0261447
3.189	0.0261931
3.192	0.0262416
3.195	0.02629
3.198	0.026338
3.201	0.0263853
3.204	0.0264316
3.207	0.0264766
3.21	0.02652
3.213	0.0265614
3.216	0.0266006
3.219	0.0266373
3.222	0.0266713
3.225	0.0267023
3.228	0.0267299
3.231	0.0267542
3.234	0.0267747
3.237	0.0267914
3.24	0.0268041
3.243	0.0268128
3.246	0.0268172
3.249	0.0268175
3.252	0.0268135
3.255	0.0268053
3.258	0.0267929
3.261	0.0267765
3.264	0.0267561
3.267	0.0267319
3.27	0.026704
3.273	0.0266726
3.276	0.026638
3.279	0.0266004
3.282	0.0265601
3.285	0.0265172
3.288	0.0264721
3.291	0.0264251
3.294	0.0263765
3.297	0.0263265
3.3	0.0262754
3.303	0.0262235
3.306	0.0261712
3.309	0.0261186
3.312	0.026066
3.315	0.0260137
3.318	0.025962
3.321	0.025911
3.324	0.0258609
3.327	0.025812
3.33	0.0257644
3.333	0.0257183
3.336	0.0256738
3.339	0.025631
3.342	0.0255902
3.345	0.0255513
3.348	0.0255144
3.351	0.0254797
3.354	0.0254471
3.357	0.0254167
3.36	0.0253886
3.363	0.0253627
3.366	0.025339
3.369	0.0253176
3.372	0.0252983
3.375	0.0252812
3.378	0.0252661
3.381	0.0252531
3.384	0.0252421
3.387	0.0252329
3.39	0.0252255
3.393	0.0252197
3.396	0.0252155
3.399	0.0252126
3.402	0.025211
3.405	0.0252106
3.408	0.025211
3.411	0.0252122
3.414	0.0252139
3.417	0.025216
3.42	0.0252183
3.423	0.0252205
3.426	0.0252223
3.429	0.0252237
3.432	0.0252243
3.435	0.0252239
3.438	0.0252222
3.441	0.025219
3.444	0.0252141
3.447	0.0252072
3.45	0.025198
3.453	0.0251863
3.456	0.0251719
3.459	0.0251546
3.462	0.0251341
3.465	0.0251104
3.468	0.0250832
3.471	0.0250523
3.474	0.0250177
3.477	0.0249793
3.48	0.024937
3.483	0.0248907
3.486	0.0248405
3.489	0.0247863
3.492	0.0247283
3.495	0.0246664
3.498	0.0246009
3.501	0.0245318
3.504	0.0244593
3.507	0.0243836
3.51	0.024305
3.513	0.0242236
3.516	0.0241397
3.519	0.0240536
3.522	0.0239656
3.525	0.0238759
3.528	0.0237849
3.531	0.0236929
3.534	0.0236002
3.537	0.023507
3.54	0.0234138
3.543	0.0233207
3.546	0.0232281
3.549	0.0231363
3.552	0.0230454
3.555	0.0229558
3.558	0.0228677
3.561	0.0227812
3.564	0.0226967
3.567	0.0226141
3.57	0.0225339
3.573	0.0224559
3.576	0.0223805
3.579	0.0223076
3.582	0.0222374
3.585	0.02217
3.588	0.0221053
3.591	0.0220435
3.594	0.0219846
3.597	0.0219285
3.6	0.0218753
3.603	0.021825
3.606	0.0217775
3.609	0.0217328
3.612	0.0216908
3.615	0.0216515
3.618	0.0216149
3.621	0.0215808
3.624	0.0215491
3.627	0.0215198
3.63	0.0214928
3.633	0.0214679
3.636	0.0214451
3.639	0.0214243
3.642	0.0214052
3.645	0.0213878
3.648	0.021372
3.651	0.0213575
3.654	0.0213442
3.657	0.021332
3.66	0.0213207
3.663	0.0213101
3.666	0.0213001
3.669	0.0212904
3.672	0.0212809
3.675	0.0212714
3.678	0.0212616
3.681	0.0212514
3.684	0.0212406
3.687	0.0212289
3.69	0.0212162
3.693	0.0212023
3.696	0.0211869
3.699	0.0211698
3.702	0.0211509
3.705	0.02113
3.708	0.0211069
3.711	0.0210814
3.714	0.0210534
3.717	0.0210228
3.72	0.0209894
3.723	0.0209531
3.726	0.0209139
3.729	0.0208717
3.732	0.0208264
3.735	0.020778
3.738	0.0207266
3.741	0.0206722
3.744	0.0206147
3.747	0.0205544
3.75	0.0204913
3.753	0.0204255
3.756	0.0203572
3.759	0.0202865
3.762	0.0202136
3.765	0.0201388
3.768	0.0200621
3.771	0.0199838
3.774	0.0199042
3.777	0.0198234
3.78	0.0197418
3.783	0.0196595
3.786	0.0195767
3.789	0.0194938
3.792	0.0194108
3.795	0.0193282
3.798	0.0192459
3.801	0.0191643
3.804	0.0190835
3.807	0.0190037
3.81	0.0189251
3.813	0.0188477
3.816	0.0187718
3.819	0.0186974
3.822	0.0186246
3.825	0.0185536
3.828	0.0184843
3.831	0.0184168
3.834	0.0183512
3.837	0.0182875
3.84	0.0182257
3.843	0.0181658
3.846	0.0181078
3.849	0.0180516
3.852	0.0179972
3.855	0.0179447
3.858	0.0178938
3.861	0.0178446
3.864	0.017797
3.867	0.0177509
3.87	0.0177062
3.873	0.0176629
3.876	0.0176207
3.879	0.0175797
3.882	0.0175398
3.885	0.0175007
3.888	0.0174624
3.891	0.0174248
3.894	0.0173878
3.897	0.0173512
3.9	0.0173148
3.903	0.0172787
3.906	0.0172426
3.909	0.0172063
3.912	0.0171699
3.915	0.0171331
3.918	0.0170958
3.921	0.0170578
3.924	0.0170191
3.927	0.0169796
3.93	0.016939
3.933	0.0168972
3.936	0.0168542
3.939	0.0168099
3.942	0.016764
3.945	0.0167166
3.948	0.0166676
3.951	0.0166168
3.954	0.0165642
3.957	0.0165097
3.96	0.0164534
3.963	0.016395
3.966	0.0163348
3.969	0.0162725
3.972	0.0162083
3.975	0.0161422
3.978	0.0160742
3.981	0.0160043
3.984	0.0159327
3.987	0.0158595
3.99	0.0157846
3.993	0.0157083
3.996	0.0156306
3.999	0.0155518
4.002	0.0154719
4.005	0.0153911
4.008	0.0153096
4.011	0.0152276
4.014	0.0151452
4.017	0.0150625
4.02	0.0149799
4.023	0.0148974
4.026	0.0148152
4.029	0.0147335
4.032	0.0146525
4.035	0.0145723
4.038	0.014493
4.041	0.0144149
4.044	0.014338
4.047	0.0142625
4.05	0.0141884
4.053	0.0141158
4.056	0.0140449
4.059	0.0139757
4.062	0.0139083
4.065	0.0138427
4.068	0.013779
4.071	0.0137171
4.074	0.0136571
4.077	0.0135989
4.08	0.0135427
4.083	0.0134883
4.086	0.0134357
4.089	0.0133849
4.092	0.0133359
4.095	0.0132885
4.098	0.0132428
4.101	0.0131986
4.104	0.0131559
4.107	0.0131147
4.11	0.0130747
4.113	0.0130361
4.116	0.0129986
4.119	0.0129621
4.122	0.0129266
4.125	0.012892
4.128	0.0128582
4.131	0.0128251
4.134	0.0127925
4.137	0.0127604
4.14	0.0127287
4.143	0.0126972
4.146	0.0126659
4.149	0.0126347
4.152	0.0126034
4.155	0.0125719
4.158	0.0125402
4.161	0.0125081
4.164	0.0124755
4.167	0.0124424
4.17	0.0124086
4.173	0.012374
4.176	0.0123386
4.179	0.0123023
4.182	0.0122649
4.185	0.0122265
4.188	0.0121869
4.191	0.0121461
4.194	0.012104
4.197	0.0120606
4.2	0.0120158
4.203	0.0119697
4.206	0.0119221
4.209	0.011873
4.212	0.0118226
4.215	0.0117707
4.218	0.0117174
4.221	0.0116627
4.224	0.0116067
4.227	0.0115494
4.23	0.0114909
4.233	0.0114313
4.236	0.0113706
4.239	0.0113089
4.242	0.0112463
4.245	0.011183
4.248	0.011119
4.251	0.0110545
4.254	0.0109896
4.257	0.0109245
4.26	0.0108591
4.263	0.0107938
4.266	0.0107286
4.269	0.0106636
4.272	0.0105991
4.275	0.010535
4.278	0.0104715
4.281	0.0104088
4.284	0.0103468
4.287	0.0102859
4.29	0.010226
4.293	0.0101671
4.296	0.0101095
4.299	0.0100531
4.302	0.0099981
4.305	0.00994442
4.308	0.00989214
4.311	0.00984131
4.314	0.00979193
4.317	0.00974403
4.32	0.00969761
4.323	0.00965267
4.326	0.00960921
4.329	0.0095672
4.332	0.00952663
4.335	0.00948746
4.338	0.00944967
4.341	0.00941322
4.344	0.00937806
4.347	0.00934416
4.35	0.00931145
4.353	0.00927989
4.356	0.00924942
4.359	0.00921999
4.362	0.00919154
4.365	0.009164
4.368	0.00913732
4.371	0.00911142
4.374	0.00908626
4.377	0.00906176
4.38	0.00903785
4.383	0.00901448
4.386	0.00899159
4.389	0.0089691
4.392	0.00894695
4.395	0.0089251
4.398	0.00890346
4.401	0.00888199
4.404	0.00886063
4.407	0.00883932
4.41	0.008818
4.413	0.00879662
4.416	0.00877514
4.419	0.00875351
4.422	0.00873167
4.425	0.00870959
4.428	0.00868722
4.431	0.00866454
4.434	0.0086415
4.437	0.00861808
4.44	0.00859426
4.443	0.00857
4.446	0.0085453
4.449	0.00852013
4.452	0.0084945
4.455	0.0084684
4.458	0.00844182
4.461	0.00841478
4.464	0.00838728
4.467	0.00835934
4.47	0.00833098
4.473	0.00830222
4.476	0.00827309
4.479	0.00824363
4.482	0.00821387
4.485	0.00818385
4.488	0.00815362
4.491	0.00812322
4.494	0.0080927
4.497	0.00806212
4.5	0.00803152
4.503	0.00800096
4.506	0.0079705
4.509	0.00794019
4.512	0.00791009
4.515	0.00788024
4.518	0.0078507
4.521	0.00782153
4.524	0.00779276
4.527	0.00776446
4.53	0.00773665
4.533	0.00770938
4.536	0.00768269
4.539	0.00765661
4.542	0.00763117
4.545	0.0076064
4.548	0.00758232
4.551	0.00755895
4.554	0.0075363
4.557	0.00751439
4.56	0.00749322
4.563	0.00747281
4.566	0.00745314
4.569	0.00743423
4.572	0.00741607
4.575	0.00739865
4.578	0.00738197
4.581	0.00736601
4.584	0.00735076
4.587	0.00733621
4.59	0.00732235
4.593	0.00730915
4.596	0.00729661
4.599	0.0072847
4.602	0.0072734
4.605	0.0072627
4.608	0.00725258
4.611	0.00724302
4.614	0.007234
4.617	0.0072255
4.62	0.00721751
4.623	0.00721
4.626	0.00720296
4.629	0.00719638
4.632	0.00719023
4.635	0.0071845
4.638	0.00717918
4.641	0.00717425
4.644	0.00716971
4.647	0.00716553
4.65	0.00716171
4.653	0.00715823
4.656	0.0071551
4.659	0.0071523
4.662	0.00714981
4.665	0.00714765
4.668	0.00714579
4.671	0.00714424
4.674	0.00714298
4.677	0.00714203
4.68	0.00714136
4.683	0.00714099
4.686	0.0071409
4.689	0.0071411
4.692	0.00714158
4.695	0.00714235
4.698	0.0071434
4.701	0.00714472
4.704	0.00714633
4.707	0.00714821
4.71	0.00715036
4.713	0.00715279
4.716	0.00715549
4.719	0.00715845
4.722	0.00716168
4.725	0.00716516
4.728	0.00716891
4.731	0.00717289
4.734	0.00717713
4.737	0.0071816
4.74	0.00718629
4.743	0.00719121
4.746	0.00719634
4.749	0.00720168
4.752	0.0072072
4.755	0.00721292
4.758	0.0072188
4.761	0.00722486
4.764	0.00723106
4.767	0.00723742
4.77	0.0072439
4.773	0.00725052
4.776	0.00725725
4.779	0.00726408
4.782	0.00727103
4.785	0.00727806
4.788	0.00728519
4.791	0.0072924
4.794	0.0072997
4.797	0.00730707
4.8	0.00731452
4.803	0.00732206
4.806	0.00732968
4.809	0.00733738
4.812	0.00734517
4.815	0.00735306
4.818	0.00736106
4.821	0.00736918
4.824	0.00737741
4.827	0.00738579
4.83	0.00739433
4.833	0.00740303
4.836	0.00741192
4.839	0.00742101
4.842	0.00743032
4.845	0.00743988
4.848	0.00744971
4.851	0.00745983
4.854	0.00747027
4.857	0.00748104
4.86	0.00749219
4.863	0.00750373
4.866	0.00751569
4.869	0.0075281
4.872	0.007541
4.875	0.0075544
4.878	0.00756835
4.881	0.00758287
4.884	0.00759799
4.887	0.00761374
4.89	0.00763016
4.893	0.00764726
4.896	0.00766508
4.899	0.00768365
4.902	0.007703
4.905	0.00772313
4.908	0.00774409
4.911	0.00776589
4.914	0.00778855
4.917	0.00781208
4.92	0.0078365
4.923	0.00786182
4.926	0.00788805
4.929	0.00791517
4.932	0.00794321
4.935	0.00797214
4.938	0.00800197
4.941	0.00803267
4.944	0.00806423
4.947	0.00809661
4.95	0.0081298
4.953	0.00816377
4.956	0.00819846
4.959	0.00823383
4.962	0.00826985
4.965	0.00830646
4.968	0.00834359
4.971	0.00838119
4.974	0.00841921
4.977	0.00845756
4.98	0.00849618
4.983	0.00853501
4.986	0.00857397
4.989	0.00861299
4.992	0.008652
4.995	0.00869093
4.998	0.00872971
5.001	0.00876827
5.004	0.00880654
5.007	0.00884448
5.01	0.00888201
5.013	0.00891909
5.016	0.00895567
5.019	0.00899171
5.022	0.00902716
5.025	0.009062
5.028	0.0090962
5.031	0.00912974
5.034	0.00916262
5.037	0.00919481
5.04	0.00922632
5.043	0.00925715
5.046	0.00928732
5.049	0.00931684
5.052	0.00934572
5.055	0.00937401
5.058	0.00940173
5.061	0.00942892
5.064	0.00945561
5.067	0.00948185
5.07	0.0095077
5.073	0.0095332
5.076	0.00955841
5.079	0.00958339
5.082	0.0096082
5.085	0.00963289
5.088	0.00965755
5.091	0.00968224
5.094	0.00970702
5.097	0.00973196
5.1	0.00975715
5.103	0.00978264
5.106	0.00980853
5.109	0.00983487
5.112	0.00986175
5.115	0.00988925
5.118	0.00991743
5.121	0.00994637
5.124	0.00997616
5.127	0.0100068
5.13	0.0100385
5.133	0.0100713
5.136	0.0101051
5.139	0.0101402
5.142	0.0101765
5.145	0.0102141
5.148	0.0102531
5.151	0.0102935
5.154	0.0103355
5.157	0.0103789
5.16	0.0104239
5.163	0.0104706
5.166	0.0105188
5.169	0.0105687
5.172	0.0106203
5.175	0.0106735
5.178	0.0107284
5.181	0.010785
5.184	0.0108432
5.187	0.0109029
5.19	0.0109643
5.193	0.0110271
5.196	0.0110914
5.199	0.0111571
5.202	0.011224
5.205	0.0112921
5.208	0.0113613
5.211	0.0114315
5.214	0.0115026
5.217	0.0115743
5.22	0.0116467
5.223	0.0117195
5.226	0.0117927
5.229	0.0118659
5.232	0.0119392
5.235	0.0120124
5.238	0.0120853
5.241	0.0121577
5.244	0.0122295
5.247	0.0123006
5.25	0.0123709
5.253	0.0124402
5.256	0.0125083
5.259	0.0125753
5.262	0.012641
5.265	0.0127052
5.268	0.012768
5.271	0.0128293
5.274	0.012889
5.277	0.012947
5.28	0.0130035
5.283	0.0130582
5.286	0.0131114
5.289	0.0131629
5.292	0.0132128
5.295	0.0132611
5.298	0.013308
5.301	0.0133533
5.304	0.0133973
5.307	0.01344
5.31	0.0134814
5.313	0.0135216
5.316	0.0135609
5.319	0.0135991
5.322	0.0136366
5.325	0.0136733
5.328	0.0137094
5.331	0.0137449
5.334	0.0137801
5.337	0.0138151
5.34	0.0138499
5.343	0.0138846
5.346	0.0139195
5.349	0.0139546
5.352	0.01399
5.355	0.0140258
5.358	0.0140623
5.361	0.0140994
5.364	0.0141373
5.367	0.0141762
5.37	0.014216
5.373	0.014257
5.376	0.0142992
5.379	0.0143427
5.382	0.0143876
5.385	0.0144341
5.388	0.0144821
5.391	0.0145317
5.394	0.0145831
5.397	0.0146362
5.4	0.0146912
5.403	0.014748
5.406	0.0148067
5.409	0.0148673
5.412	0.0149299
5.415	0.0149943
5.418	0.0150607
5.421	0.015129
5.424	0.0151991
5.427	0.015271
5.43	0.0153446
5.433	0.0154198
5.436	0.0154966
5.439	0.0155748
5.442	0.0156543
5.445	0.0157349
5.448	0.0158166
5.451	0.0158991
5.454	0.0159822
5.457	0.0160659
5.46	0.0161498
5.463	0.0162339
5.466	0.0163178
5.469	0.0164013
5.472	0.0164844
5.475	0.0165667
5.478	0.016648
5.481	0.0167283
5.484	0.0168071
5.487	0.0168844
5.49	0.01696
5.493	0.0170338
5.496	0.0171055
5.499	0.0171751
5.502	0.0172424
5.505	0.0173074
5.508	0.01737
5.511	0.01743
5.514	0.0174876
5.517	0.0175426
5.52	0.017595
5.523	0.017645
5.526	0.0176925
5.529	0.0177375
5.532	0.0177802
5.535	0.0178207
5.538	0.017859
5.541	0.0178953
5.544	0.0179297
5.547	0.0179623
5.55	0.0179933
5.553	0.0180228
5.556	0.018051
5.559	0.0180781
5.562	0.0181042
5.565	0.0181295
5.568	0.0181542
5.571	0.0181784
5.574	0.0182023
5.577	0.0182261
5.58	0.01825
5.583	0.0182741
5.586	0.0182985
5.589	0.0183236
5.592	0.0183493
5.595	0.0183759
5.598	0.0184035
5.601	0.0184322
5.604	0.0184623
5.607	0.0184938
5.61	0.0185269
5.613	0.0185617
5.616	0.0185983
5.619	0.0186368
5.622	0.0186774
5.625	0.0187202
5.628	0.0187652
5.631	0.0188126
5.634	0.0188624
5.637	0.0189147
5.64	0.0189695
5.643	0.019027
5.646	0.0190872
5.649	0.0191501
5.652	0.0192158
5.655	0.0192841
5.658	0.0193553
5.661	0.0194291
5.664	0.0195056
5.667	0.0195848
5.67	0.0196665
5.673	0.0197508
5.676	0.0198374
5.679	0.0199263
5.682	0.0200173
5.685	0.0201102
5.688	0.020205
5.691	0.0203013
5.694	0.0203991
5.697	0.0204979
5.7	0.0205977
5.703	0.0206981
5.706	0.0207989
5.709	0.0208997
5.712	0.0210004
5.715	0.0211004
5.718	0.0211997
5.721	0.0212978
5.724	0.0213944
5.727	0.0214893
5.73	0.0215821
5.733	0.0216725
5.736	0.0217603
5.739	0.0218452
5.742	0.0219269
5.745	0.0220051
5.748	0.0220798
5.751	0.0221506
5.754	0.0222174
5.757	0.0222801
5.76	0.0223386
5.763	0.0223926
5.766	0.0224423
5.769	0.0224874
5.772	0.022528
5.775	0.0225641
5.778	0.0225957
5.781	0.0226229
5.784	0.0226456
5.787	0.0226639
5.79	0.022678
5.793	0.0226878
5.796	0.0226936
5.799	0.0226954
5.802	0.0226933
5.805	0.0226874
5.808	0.0226778
5.811	0.0226647
5.814	0.0226481
5.817	0.0226281
5.82	0.0226048
5.823	0.0225784
5.826	0.0225488
5.829	0.0225162
5.832	0.0224806
5.835	0.022442
5.838	0.0224005
5.841	0.0223561
5.844	0.0223088
5.847	0.0222586
5.85	0.0222055
5.853	0.0221494
5.856	0.0220903
5.859	0.0220282
5.862	0.021963
5.865	0.0218946
5.868	0.021823
5.871	0.0217481
5.874	0.0216697
5.877	0.0215878
5.88	0.0215023
5.883	0.0214131
5.886	0.02132
5.889	0.021223
5.892	0.0211219
5.895	0.0210166
5.898	0.020907
5.901	0.020793
5.904	0.0206745
5.907	0.0205514
5.91	0.0204235
5.913	0.0202909
5.916	0.0201534
5.919	0.0200109
5.922	0.0198635
5.925	0.0197111
5.928	0.0195536
5.931	0.019391
5.934	0.0192235
5.937	0.0190509
5.94	0.0188733
5.943	0.0186909
5.946	0.0185037
5.949	0.0183119
5.952	0.0181154
5.955	0.0179147
5.958	0.0177097
5.961	0.0175007
5.964	0.017288
5.967	0.0170718
5.97	0.0168524
5.973	0.0166299
5.976	0.0164049
5.979	0.0161775
5.982	0.0159481
5.985	0.0157171
5.988	0.0154849
5.991	0.0152517
5.994	0.0150179
5.997	0.0147841
