 Location  Dispersion    Centroids   Volume
0.000107161   0.249753   -0.0035737   1.00023
0.253733   0.246591   0.248655   0.999685
0.497002   0.24899   0.479483   0.999953
0.74836   0.249934   0.683897   1.00002
1.00057   0.249929   0.845218   1.00002
1.24712   0.250181   0.951759   1.00005
1.49974   0.250433   1.00107   1.00007
1.74656   0.250383   0.98812   1.00006
1.99929   0.250242   0.91338   1.00005
2.25136   0.249636   0.780833   0.999995
2.49751   0.249401   0.60333   0.999963
2.74909   0.249682   0.384707   0.999998
3.0002   0.248938   0.141805   0.999919
3.24615   0.249132   -0.104693   0.999943
3.49667   0.249311   -0.349815   0.999958
3.7428   0.249254   -0.568633   0.999953
3.99438   0.249979   -0.756741   1.00003
4.24673   0.250086   -0.897017   1.00003
4.49337   0.250293   -0.979765   1.00006
4.74612   0.250449   -1.00313   1.00007
4.99881   0.25023   -0.96294   1.00005
5.24553   0.250121   -0.864846   1.00004
5.49724   0.249447   -0.710888   0.999994
5.74092   0.246931   -0.515354   0.999727
5.99433   0.249379   -0.2822   1.00015
