 x 	V[Y|X = x] 
0	0.322562
0.003	0.323229
0.006	0.32391
0.009	0.324607
0.012	0.325318
0.015	0.326044
0.018	0.326785
0.021	0.327541
0.024	0.328311
0.027	0.329096
0.03	0.329896
0.033	0.33071
0.036	0.331538
0.039	0.332381
0.042	0.333238
0.045	0.33411
0.048	0.334995
0.051	0.335895
0.054	0.336808
0.057	0.337735
0.06	0.338676
0.063	0.339631
0.066	0.340599
0.069	0.34158
0.072	0.342574
0.075	0.343582
0.078	0.344602
0.081	0.345635
0.084	0.346681
0.087	0.34774
0.09	0.34881
0.093	0.349893
0.096	0.350988
0.099	0.352094
0.102	0.353212
0.105	0.354342
0.108	0.355483
0.111	0.356635
0.114	0.357797
0.117	0.358971
0.12	0.360154
0.123	0.361348
0.126	0.362552
0.129	0.363766
0.132	0.36499
0.135	0.366222
0.138	0.367464
0.141	0.368715
0.144	0.369974
0.147	0.371241
0.15	0.372517
0.153	0.3738
0.156	0.375091
0.159	0.37639
0.162	0.377695
0.165	0.379007
0.168	0.380326
0.171	0.381651
0.174	0.382981
0.177	0.384318
0.18	0.385659
0.183	0.387006
0.186	0.388357
0.189	0.389713
0.192	0.391073
0.195	0.392437
0.198	0.393804
0.201	0.395175
0.204	0.396548
0.207	0.397924
0.21	0.399302
0.213	0.400682
0.216	0.402063
0.219	0.403446
0.222	0.40483
0.225	0.406214
0.228	0.407599
0.231	0.408983
0.234	0.410367
0.237	0.41175
0.24	0.413132
0.243	0.414513
0.246	0.415892
0.249	0.417269
0.252	0.418643
0.255	0.420014
0.258	0.421383
0.261	0.422747
0.264	0.424108
0.267	0.425465
0.27	0.426817
0.273	0.428164
0.276	0.429506
0.279	0.430843
0.282	0.432174
0.285	0.433498
0.288	0.434816
0.291	0.436126
0.294	0.43743
0.297	0.438726
0.3	0.440014
0.303	0.441294
0.306	0.442565
0.309	0.443827
0.312	0.44508
0.315	0.446323
0.318	0.447557
0.321	0.44878
0.324	0.449993
0.327	0.451195
0.33	0.452386
0.333	0.453565
0.336	0.454733
0.339	0.455888
0.342	0.457032
0.345	0.458162
0.348	0.45928
0.351	0.460384
0.354	0.461475
0.357	0.462552
0.36	0.463615
0.363	0.464664
0.366	0.465698
0.369	0.466718
0.372	0.467722
0.375	0.468711
0.378	0.469685
0.381	0.470642
0.384	0.471584
0.387	0.472509
0.39	0.473418
0.393	0.47431
0.396	0.475185
0.399	0.476043
0.402	0.476883
0.405	0.477706
0.408	0.478512
0.411	0.479299
0.414	0.480068
0.417	0.480819
0.42	0.481552
0.423	0.482266
0.426	0.482961
0.429	0.483637
0.432	0.484294
0.435	0.484932
0.438	0.485551
0.441	0.48615
0.444	0.486729
0.447	0.487289
0.45	0.487829
0.453	0.488349
0.456	0.488849
0.459	0.489329
0.462	0.489788
0.465	0.490228
0.468	0.490647
0.471	0.491045
0.474	0.491423
0.477	0.491781
0.48	0.492118
0.483	0.492434
0.486	0.49273
0.489	0.493005
0.492	0.493259
0.495	0.493492
0.498	0.493705
0.501	0.493897
0.504	0.494068
0.507	0.494218
0.51	0.494347
0.513	0.494456
0.516	0.494544
0.519	0.494611
0.522	0.494657
0.525	0.494683
0.528	0.494688
0.531	0.494673
0.534	0.494637
0.537	0.494581
0.54	0.494504
0.543	0.494407
0.546	0.494289
0.549	0.494152
0.552	0.493994
0.555	0.493816
0.558	0.493618
0.561	0.4934
0.564	0.493163
0.567	0.492906
0.57	0.492629
0.573	0.492333
0.576	0.492018
0.579	0.491683
0.582	0.491329
0.585	0.490956
0.588	0.490565
0.591	0.490154
0.594	0.489726
0.597	0.489278
0.6	0.488813
0.603	0.488329
0.606	0.487827
0.609	0.487307
0.612	0.48677
0.615	0.486215
0.618	0.485643
0.621	0.485054
0.624	0.484447
0.627	0.483824
0.63	0.483184
0.633	0.482527
0.636	0.481855
0.639	0.481166
0.642	0.48046
0.645	0.47974
0.648	0.479003
0.651	0.478251
0.654	0.477484
0.657	0.476702
0.66	0.475905
0.663	0.475093
0.666	0.474267
0.669	0.473426
0.672	0.472572
0.675	0.471703
0.678	0.470821
0.681	0.469926
0.684	0.469017
0.687	0.468095
0.69	0.46716
0.693	0.466212
0.696	0.465252
0.699	0.46428
0.702	0.463296
0.705	0.462299
0.708	0.461291
0.711	0.460272
0.714	0.459242
0.717	0.4582
0.72	0.457148
0.723	0.456085
0.726	0.455011
0.729	0.453927
0.732	0.452834
0.735	0.45173
0.738	0.450617
0.741	0.449495
0.744	0.448363
0.747	0.447223
0.75	0.446074
0.753	0.444916
0.756	0.44375
0.759	0.442575
0.762	0.441393
0.765	0.440203
0.768	0.439005
0.771	0.437801
0.774	0.436588
0.777	0.435369
0.78	0.434144
0.783	0.432911
0.786	0.431673
0.789	0.430428
0.792	0.429177
0.795	0.42792
0.798	0.426658
0.801	0.425391
0.804	0.424118
0.807	0.42284
0.81	0.421558
0.813	0.42027
0.816	0.418979
0.819	0.417683
0.822	0.416383
0.825	0.415079
0.828	0.413771
0.831	0.412459
0.834	0.411145
0.837	0.409827
0.84	0.408506
0.843	0.407182
0.846	0.405856
0.849	0.404527
0.852	0.403195
0.855	0.401862
0.858	0.400526
0.861	0.399188
0.864	0.397849
0.867	0.396508
0.87	0.395166
0.873	0.393823
0.876	0.392478
0.879	0.391133
0.882	0.389787
0.885	0.38844
0.888	0.387093
0.891	0.385745
0.894	0.384397
0.897	0.383049
0.9	0.381702
0.903	0.380354
0.906	0.379007
0.909	0.37766
0.912	0.376314
0.915	0.374969
0.918	0.373625
0.921	0.372282
0.924	0.370939
0.927	0.369599
0.93	0.368259
0.933	0.366921
0.936	0.365585
0.939	0.364251
0.942	0.362918
0.945	0.361588
0.948	0.36026
0.951	0.358934
0.954	0.35761
0.957	0.356289
0.96	0.35497
0.963	0.353654
0.966	0.352341
0.969	0.351031
0.972	0.349724
0.975	0.34842
0.978	0.347119
0.981	0.345821
0.984	0.344527
0.987	0.343237
0.99	0.34195
0.993	0.340667
0.996	0.339387
0.999	0.338111
1.002	0.33684
1.005	0.335572
1.008	0.334309
1.011	0.33305
1.014	0.331795
1.017	0.330544
1.02	0.329298
1.023	0.328057
1.026	0.32682
1.029	0.325588
1.032	0.324361
1.035	0.323139
1.038	0.321921
1.041	0.320709
1.044	0.319502
1.047	0.318299
1.05	0.317103
1.053	0.315911
1.056	0.314725
1.059	0.313544
1.062	0.312369
1.065	0.311199
1.068	0.310035
1.071	0.308876
1.074	0.307724
1.077	0.306577
1.08	0.305436
1.083	0.304301
1.086	0.303171
1.089	0.302048
1.092	0.300931
1.095	0.29982
1.098	0.298716
1.101	0.297617
1.104	0.296525
1.107	0.295439
1.11	0.29436
1.113	0.293287
1.116	0.292221
1.119	0.291161
1.122	0.290108
1.125	0.289061
1.128	0.288021
1.131	0.286987
1.134	0.285961
1.137	0.284941
1.14	0.283928
1.143	0.282922
1.146	0.281923
1.149	0.280931
1.152	0.279946
1.155	0.278968
1.158	0.277997
1.161	0.277033
1.164	0.276076
1.167	0.275126
1.17	0.274184
1.173	0.273249
1.176	0.272321
1.179	0.2714
1.182	0.270487
1.185	0.269581
1.188	0.268683
1.191	0.267792
1.194	0.266908
1.197	0.266032
1.2	0.265163
1.203	0.264302
1.206	0.263449
1.209	0.262603
1.212	0.261765
1.215	0.260934
1.218	0.260111
1.221	0.259296
1.224	0.258489
1.227	0.257689
1.23	0.256897
1.233	0.256113
1.236	0.255336
1.239	0.254568
1.242	0.253807
1.245	0.253055
1.248	0.25231
1.251	0.251573
1.254	0.250844
1.257	0.250123
1.26	0.24941
1.263	0.248705
1.266	0.248008
1.269	0.247319
1.272	0.246638
1.275	0.245965
1.278	0.245301
1.281	0.244644
1.284	0.243996
1.287	0.243355
1.29	0.242723
1.293	0.242099
1.296	0.241484
1.299	0.240876
1.302	0.240277
1.305	0.239686
1.308	0.239103
1.311	0.238529
1.314	0.237962
1.317	0.237405
1.32	0.236855
1.323	0.236314
1.326	0.235781
1.329	0.235257
1.332	0.234741
1.335	0.234233
1.338	0.233734
1.341	0.233243
1.344	0.23276
1.347	0.232286
1.35	0.231821
1.353	0.231364
1.356	0.230915
1.359	0.230475
1.362	0.230044
1.365	0.229621
1.368	0.229206
1.371	0.228801
1.374	0.228403
1.377	0.228015
1.38	0.227634
1.383	0.227263
1.386	0.2269
1.389	0.226546
1.392	0.2262
1.395	0.225863
1.398	0.225535
1.401	0.225215
1.404	0.224904
1.407	0.224602
1.41	0.224308
1.413	0.224023
1.416	0.223747
1.419	0.223479
1.422	0.223221
1.425	0.222971
1.428	0.22273
1.431	0.222497
1.434	0.222274
1.437	0.222059
1.44	0.221853
1.443	0.221656
1.446	0.221468
1.449	0.221288
1.452	0.221118
1.455	0.220956
1.458	0.220803
1.461	0.220659
1.464	0.220524
1.467	0.220398
1.47	0.220281
1.473	0.220172
1.476	0.220073
1.479	0.219983
1.482	0.219901
1.485	0.219829
1.488	0.219765
1.491	0.219711
1.494	0.219666
1.497	0.219629
1.5	0.219602
1.503	0.219583
1.506	0.219574
1.509	0.219574
1.512	0.219583
1.515	0.219601
1.518	0.219628
1.521	0.219664
1.524	0.219709
1.527	0.219763
1.53	0.219827
1.533	0.2199
1.536	0.219981
1.539	0.220072
1.542	0.220172
1.545	0.220282
1.548	0.2204
1.551	0.220528
1.554	0.220665
1.557	0.220811
1.56	0.220967
1.563	0.221132
1.566	0.221306
1.569	0.221489
1.572	0.221681
1.575	0.221883
1.578	0.222094
1.581	0.222315
1.584	0.222545
1.587	0.222784
1.59	0.223032
1.593	0.22329
1.596	0.223558
1.599	0.223834
1.602	0.22412
1.605	0.224416
1.608	0.224721
1.611	0.225035
1.614	0.225359
1.617	0.225692
1.62	0.226035
1.623	0.226387
1.626	0.226749
1.629	0.22712
1.632	0.227501
1.635	0.227891
1.638	0.228291
1.641	0.2287
1.644	0.229119
1.647	0.229547
1.65	0.229985
1.653	0.230433
1.656	0.23089
1.659	0.231357
1.662	0.231833
1.665	0.232319
1.668	0.232815
1.671	0.23332
1.674	0.233835
1.677	0.23436
1.68	0.234894
1.683	0.235438
1.686	0.235992
1.689	0.236555
1.692	0.237128
1.695	0.237711
1.698	0.238304
1.701	0.238907
1.704	0.239519
1.707	0.240141
1.71	0.240773
1.713	0.241414
1.716	0.242066
1.719	0.242727
1.722	0.243398
1.725	0.244079
1.728	0.24477
1.731	0.24547
1.734	0.246181
1.737	0.246901
1.74	0.247631
1.743	0.248371
1.746	0.249122
1.749	0.249882
1.752	0.250651
1.755	0.251431
1.758	0.252221
1.761	0.253021
1.764	0.253831
1.767	0.25465
1.77	0.25548
1.773	0.25632
1.776	0.257169
1.779	0.258029
1.782	0.258899
1.785	0.259778
1.788	0.260668
1.791	0.261568
1.794	0.262477
1.797	0.263397
1.8	0.264327
1.803	0.265267
1.806	0.266217
1.809	0.267177
1.812	0.268147
1.815	0.269128
1.818	0.270118
1.821	0.271119
1.824	0.272129
1.827	0.27315
1.83	0.274181
1.833	0.275222
1.836	0.276273
1.839	0.277334
1.842	0.278405
1.845	0.279487
1.848	0.280578
1.851	0.28168
1.854	0.282792
1.857	0.283914
1.86	0.285046
1.863	0.286188
1.866	0.287341
1.869	0.288504
1.872	0.289676
1.875	0.290859
1.878	0.292053
1.881	0.293256
1.884	0.294469
1.887	0.295693
1.89	0.296927
1.893	0.298171
1.896	0.299425
1.899	0.300689
1.902	0.301964
1.905	0.303248
1.908	0.304543
1.911	0.305848
1.914	0.307163
1.917	0.308489
1.92	0.309824
1.923	0.31117
1.926	0.312525
1.929	0.313891
1.932	0.315267
1.935	0.316653
1.938	0.318049
1.941	0.319456
1.944	0.320872
1.947	0.322299
1.95	0.323735
1.953	0.325182
1.956	0.326639
1.959	0.328106
1.962	0.329582
1.965	0.331069
1.968	0.332566
1.971	0.334073
1.974	0.33559
1.977	0.337117
1.98	0.338654
1.983	0.340201
1.986	0.341758
1.989	0.343325
1.992	0.344902
1.995	0.346488
1.998	0.348085
2.001	0.349691
2.004	0.351308
2.007	0.352934
2.01	0.35457
2.013	0.356216
2.016	0.357871
2.019	0.359537
2.022	0.361212
2.025	0.362897
2.028	0.364591
2.031	0.366295
2.034	0.368009
2.037	0.369733
2.04	0.371466
2.043	0.373209
2.046	0.374961
2.049	0.376723
2.052	0.378494
2.055	0.380275
2.058	0.382065
2.061	0.383865
2.064	0.385674
2.067	0.387492
2.07	0.38932
2.073	0.391157
2.076	0.393003
2.079	0.394859
2.082	0.396723
2.085	0.398597
2.088	0.40048
2.091	0.402372
2.094	0.404273
2.097	0.406183
2.1	0.408102
2.103	0.41003
2.106	0.411967
2.109	0.413913
2.112	0.415867
2.115	0.41783
2.118	0.419802
2.121	0.421783
2.124	0.423772
2.127	0.42577
2.13	0.427776
2.133	0.42979
2.136	0.431813
2.139	0.433845
2.142	0.435885
2.145	0.437932
2.148	0.439989
2.151	0.442053
2.154	0.444125
2.157	0.446205
2.16	0.448294
2.163	0.45039
2.166	0.452494
2.169	0.454606
2.172	0.456725
2.175	0.458852
2.178	0.460987
2.181	0.463129
2.184	0.465279
2.187	0.467436
2.19	0.4696
2.193	0.471771
2.196	0.47395
2.199	0.476136
2.202	0.478328
2.205	0.480528
2.208	0.482734
2.211	0.484948
2.214	0.487168
2.217	0.489394
2.22	0.491627
2.223	0.493866
2.226	0.496112
2.229	0.498364
2.232	0.500622
2.235	0.502887
2.238	0.505157
2.241	0.507433
2.244	0.509715
2.247	0.512003
2.25	0.514296
2.253	0.516594
2.256	0.518899
2.259	0.521208
2.262	0.523523
2.265	0.525842
2.268	0.528167
2.271	0.530497
2.274	0.532831
2.277	0.53517
2.28	0.537514
2.283	0.539862
2.286	0.542214
2.289	0.544571
2.292	0.546932
2.295	0.549297
2.298	0.551665
2.301	0.554037
2.304	0.556413
2.307	0.558793
2.31	0.561176
2.313	0.563562
2.316	0.565951
2.319	0.568343
2.322	0.570738
2.325	0.573136
2.328	0.575536
2.331	0.577939
2.334	0.580344
2.337	0.582751
2.34	0.585161
2.343	0.587572
2.346	0.589985
2.349	0.592399
2.352	0.594815
2.355	0.597233
2.358	0.599651
2.361	0.602071
2.364	0.604491
2.367	0.606912
2.37	0.609334
2.373	0.611756
2.376	0.614178
2.379	0.6166
2.382	0.619022
2.385	0.621444
2.388	0.623866
2.391	0.626287
2.394	0.628707
2.397	0.631126
2.4	0.633544
2.403	0.635961
2.406	0.638377
2.409	0.640791
2.412	0.643203
2.415	0.645613
2.418	0.648021
2.421	0.650427
2.424	0.65283
2.427	0.65523
2.43	0.657628
2.433	0.660023
2.436	0.662414
2.439	0.664802
2.442	0.667186
2.445	0.669567
2.448	0.671943
2.451	0.674316
2.454	0.676684
2.457	0.679047
2.46	0.681406
2.463	0.68376
2.466	0.686109
2.469	0.688452
2.472	0.69079
2.475	0.693122
2.478	0.695448
2.481	0.697768
2.484	0.700081
2.487	0.702388
2.49	0.704689
2.493	0.706982
2.496	0.709269
2.499	0.711547
2.502	0.713819
2.505	0.716082
2.508	0.718338
2.511	0.720586
2.514	0.722825
2.517	0.725055
2.52	0.727277
2.523	0.72949
2.526	0.731693
2.529	0.733887
2.532	0.736072
2.535	0.738247
2.538	0.740412
2.541	0.742566
2.544	0.74471
2.547	0.746844
2.55	0.748967
2.553	0.751078
2.556	0.753179
2.559	0.755268
2.562	0.757345
2.565	0.759411
2.568	0.761464
2.571	0.763505
2.574	0.765534
2.577	0.767551
2.58	0.769554
2.583	0.771545
2.586	0.773522
2.589	0.775486
2.592	0.777436
2.595	0.779373
2.598	0.781296
2.601	0.783205
2.604	0.785099
2.607	0.786979
2.61	0.788844
2.613	0.790695
2.616	0.79253
2.619	0.79435
2.622	0.796156
2.625	0.797945
2.628	0.799719
2.631	0.801477
2.634	0.80322
2.637	0.804946
2.64	0.806656
2.643	0.80835
2.646	0.810027
2.649	0.811688
2.652	0.813332
2.655	0.814959
2.658	0.816569
2.661	0.818161
2.664	0.819737
2.667	0.821295
2.67	0.822836
2.673	0.82436
2.676	0.825866
2.679	0.827354
2.682	0.828824
2.685	0.830276
2.688	0.831711
2.691	0.833127
2.694	0.834525
2.697	0.835905
2.7	0.837267
2.703	0.838611
2.706	0.839937
2.709	0.841244
2.712	0.842533
2.715	0.843803
2.718	0.845056
2.721	0.846289
2.724	0.847505
2.727	0.848702
2.73	0.84988
2.733	0.851041
2.736	0.852183
2.739	0.853306
2.742	0.854412
2.745	0.855499
2.748	0.856568
2.751	0.857619
2.754	0.858652
2.757	0.859668
2.76	0.860665
2.763	0.861644
2.766	0.862606
2.769	0.86355
2.772	0.864477
2.775	0.865386
2.778	0.866279
2.781	0.867154
2.784	0.868012
2.787	0.868853
2.79	0.869678
2.793	0.870486
2.796	0.871278
2.799	0.872054
2.802	0.872814
2.805	0.873558
2.808	0.874286
2.811	0.875
2.814	0.875698
2.817	0.876381
2.82	0.877049
2.823	0.877703
2.826	0.878343
2.829	0.878969
2.832	0.879581
2.835	0.88018
2.838	0.880765
2.841	0.881338
2.844	0.881898
2.847	0.882445
2.85	0.882981
2.853	0.883505
2.856	0.884017
2.859	0.884518
2.862	0.885008
2.865	0.885488
2.868	0.885958
2.871	0.886417
2.874	0.886867
2.877	0.887308
2.88	0.88774
2.883	0.888163
2.886	0.888578
2.889	0.888985
2.892	0.889385
2.895	0.889777
2.898	0.890163
2.901	0.890542
2.904	0.890915
2.907	0.891282
2.91	0.891644
2.913	0.892
2.916	0.892352
2.919	0.8927
2.922	0.893043
2.925	0.893383
2.928	0.89372
2.931	0.894053
2.934	0.894384
2.937	0.894713
2.94	0.89504
2.943	0.895365
2.946	0.895689
2.949	0.896012
2.952	0.896335
2.955	0.896658
2.958	0.89698
2.961	0.897303
2.964	0.897627
2.967	0.897952
2.97	0.898278
2.973	0.898606
2.976	0.898936
2.979	0.899268
2.982	0.899603
2.985	0.89994
2.988	0.900281
2.991	0.900625
2.994	0.900973
2.997	0.901325
3	0.90168
3.003	0.902041
3.006	0.902405
3.009	0.902775
3.012	0.90315
3.015	0.903529
3.018	0.903915
3.021	0.904306
3.024	0.904702
3.027	0.905105
3.03	0.905514
3.033	0.905929
3.036	0.90635
3.039	0.906778
3.042	0.907213
3.045	0.907654
3.048	0.908102
3.051	0.908557
3.054	0.909019
3.057	0.909489
3.06	0.909965
3.063	0.910448
3.066	0.910939
3.069	0.911437
3.072	0.911942
3.075	0.912454
3.078	0.912974
3.081	0.9135
3.084	0.914034
3.087	0.914575
3.09	0.915123
3.093	0.915679
3.096	0.916241
3.099	0.91681
3.102	0.917385
3.105	0.917968
3.108	0.918557
3.111	0.919152
3.114	0.919754
3.117	0.920362
3.12	0.920976
3.123	0.921596
3.126	0.922222
3.129	0.922853
3.132	0.92349
3.135	0.924131
3.138	0.924778
3.141	0.92543
3.144	0.926086
3.147	0.926746
3.15	0.92741
3.153	0.928079
3.156	0.928751
3.159	0.929426
3.162	0.930104
3.165	0.930785
3.168	0.931469
3.171	0.932155
3.174	0.932843
3.177	0.933532
3.18	0.934224
3.183	0.934916
3.186	0.935609
3.189	0.936302
3.192	0.936996
3.195	0.93769
3.198	0.938383
3.201	0.939075
3.204	0.939766
3.207	0.940456
3.21	0.941144
3.213	0.94183
3.216	0.942514
3.219	0.943194
3.222	0.943872
3.225	0.944546
3.228	0.945216
3.231	0.945882
3.234	0.946544
3.237	0.947201
3.24	0.947852
3.243	0.948498
3.246	0.949138
3.249	0.949772
3.252	0.950399
3.255	0.951019
3.258	0.951632
3.261	0.952237
3.264	0.952834
3.267	0.953422
3.27	0.954002
3.273	0.954573
3.276	0.955135
3.279	0.955687
3.282	0.956228
3.285	0.956759
3.288	0.95728
3.291	0.957789
3.294	0.958287
3.297	0.958773
3.3	0.959247
3.303	0.959709
3.306	0.960158
3.309	0.960593
3.312	0.961016
3.315	0.961425
3.318	0.96182
3.321	0.9622
3.324	0.962566
3.327	0.962917
3.33	0.963253
3.333	0.963574
3.336	0.963879
3.339	0.964167
3.342	0.96444
3.345	0.964696
3.348	0.964935
3.351	0.965158
3.354	0.965362
3.357	0.96555
3.36	0.965719
3.363	0.965871
3.366	0.966004
3.369	0.966119
3.372	0.966215
3.375	0.966292
3.378	0.96635
3.381	0.966388
3.384	0.966407
3.387	0.966406
3.39	0.966385
3.393	0.966344
3.396	0.966283
3.399	0.966201
3.402	0.966099
3.405	0.965975
3.408	0.965831
3.411	0.965665
3.414	0.965478
3.417	0.96527
3.42	0.96504
3.423	0.964789
3.426	0.964515
3.429	0.96422
3.432	0.963902
3.435	0.963562
3.438	0.9632
3.441	0.962815
3.444	0.962408
3.447	0.961979
3.45	0.961526
3.453	0.961051
3.456	0.960553
3.459	0.960032
3.462	0.959488
3.465	0.958921
3.468	0.958331
3.471	0.957718
3.474	0.957081
3.477	0.956422
3.48	0.955739
3.483	0.955033
3.486	0.954303
3.489	0.95355
3.492	0.952774
3.495	0.951974
3.498	0.951151
3.501	0.950305
3.504	0.949435
3.507	0.948542
3.51	0.947626
3.513	0.946686
3.516	0.945723
3.519	0.944737
3.522	0.943727
3.525	0.942695
3.528	0.941639
3.531	0.94056
3.534	0.939458
3.537	0.938333
3.54	0.937185
3.543	0.936014
3.546	0.93482
3.549	0.933604
3.552	0.932365
3.555	0.931103
3.558	0.929818
3.561	0.928512
3.564	0.927183
3.567	0.925831
3.57	0.924458
3.573	0.923062
3.576	0.921645
3.579	0.920205
3.582	0.918744
3.585	0.917261
3.588	0.915757
3.591	0.914231
3.594	0.912685
3.597	0.911116
3.6	0.909527
3.603	0.907917
3.606	0.906287
3.609	0.904635
3.612	0.902963
3.615	0.901271
3.618	0.899559
3.621	0.897826
3.624	0.896074
3.627	0.894302
3.63	0.892511
3.633	0.8907
3.636	0.888869
3.639	0.88702
3.642	0.885152
3.645	0.883265
3.648	0.881359
3.651	0.879435
3.654	0.877493
3.657	0.875533
3.66	0.873554
3.663	0.871558
3.666	0.869545
3.669	0.867514
3.672	0.865466
3.675	0.863401
3.678	0.86132
3.681	0.859222
3.684	0.857107
3.687	0.854976
3.69	0.852829
3.693	0.850667
3.696	0.848488
3.699	0.846295
3.702	0.844086
3.705	0.841862
3.708	0.839623
3.711	0.83737
3.714	0.835102
3.717	0.83282
3.72	0.830524
3.723	0.828215
3.726	0.825891
3.729	0.823555
3.732	0.821205
3.735	0.818843
3.738	0.816467
3.741	0.814079
3.744	0.811679
3.747	0.809267
3.75	0.806843
3.753	0.804407
3.756	0.80196
3.759	0.799501
3.762	0.797032
3.765	0.794552
3.768	0.792061
3.771	0.78956
3.774	0.787049
3.777	0.784528
3.78	0.781997
3.783	0.779457
3.786	0.776907
3.789	0.774348
3.792	0.771781
3.795	0.769205
3.798	0.766621
3.801	0.764028
3.804	0.761428
3.807	0.758819
3.81	0.756204
3.813	0.753581
3.816	0.750951
3.819	0.748314
3.822	0.74567
3.825	0.74302
3.828	0.740364
3.831	0.737702
3.834	0.735034
3.837	0.73236
3.84	0.729682
3.843	0.726998
3.846	0.724309
3.849	0.721615
3.852	0.718917
3.855	0.716215
3.858	0.713508
3.861	0.710798
3.864	0.708084
3.867	0.705367
3.87	0.702646
3.873	0.699923
3.876	0.697197
3.879	0.694468
3.882	0.691736
3.885	0.689003
3.888	0.686267
3.891	0.68353
3.894	0.680791
3.897	0.678051
3.9	0.675309
3.903	0.672567
3.906	0.669824
3.909	0.66708
3.912	0.664336
3.915	0.661591
3.918	0.658847
3.921	0.656103
3.924	0.653359
3.927	0.650616
3.93	0.647873
3.933	0.645132
3.936	0.642391
3.939	0.639652
3.942	0.636915
3.945	0.634179
3.948	0.631445
3.951	0.628713
3.954	0.625984
3.957	0.623257
3.96	0.620532
3.963	0.61781
3.966	0.615091
3.969	0.612376
3.972	0.609663
3.975	0.606954
3.978	0.604249
3.981	0.601547
3.984	0.59885
3.987	0.596157
3.99	0.593468
3.993	0.590783
3.996	0.588103
3.999	0.585428
4.002	0.582758
4.005	0.580092
4.008	0.577433
4.011	0.574778
4.014	0.572129
4.017	0.569486
4.02	0.566849
4.023	0.564218
4.026	0.561593
4.029	0.558974
4.032	0.556362
4.035	0.553756
4.038	0.551157
4.041	0.548565
4.044	0.545981
4.047	0.543403
4.05	0.540832
4.053	0.538269
4.056	0.535714
4.059	0.533166
4.062	0.530626
4.065	0.528094
4.068	0.52557
4.071	0.523055
4.074	0.520547
4.077	0.518049
4.08	0.515558
4.083	0.513077
4.086	0.510604
4.089	0.50814
4.092	0.505686
4.095	0.50324
4.098	0.500804
4.101	0.498377
4.104	0.495959
4.107	0.493552
4.11	0.491154
4.113	0.488765
4.116	0.486387
4.119	0.484019
4.122	0.481661
4.125	0.479313
4.128	0.476975
4.131	0.474648
4.134	0.472331
4.137	0.470025
4.14	0.46773
4.143	0.465445
4.146	0.463172
4.149	0.460909
4.152	0.458657
4.155	0.456417
4.158	0.454187
4.161	0.451969
4.164	0.449763
4.167	0.447567
4.17	0.445384
4.173	0.443212
4.176	0.441051
4.179	0.438903
4.182	0.436766
4.185	0.434641
4.188	0.432528
4.191	0.430427
4.194	0.428339
4.197	0.426262
4.2	0.424198
4.203	0.422146
4.206	0.420106
4.209	0.418079
4.212	0.416064
4.215	0.414062
4.218	0.412072
4.221	0.410095
4.224	0.408131
4.227	0.406179
4.23	0.404241
4.233	0.402315
4.236	0.400402
4.239	0.398502
4.242	0.396615
4.245	0.394741
4.248	0.39288
4.251	0.391032
4.254	0.389197
4.257	0.387376
4.26	0.385567
4.263	0.383772
4.266	0.381991
4.269	0.380222
4.272	0.378467
4.275	0.376726
4.278	0.374998
4.281	0.373283
4.284	0.371582
4.287	0.369895
4.29	0.368221
4.293	0.36656
4.296	0.364913
4.299	0.36328
4.302	0.361661
4.305	0.360055
4.308	0.358463
4.311	0.356884
4.314	0.355319
4.317	0.353768
4.32	0.352231
4.323	0.350708
4.326	0.349198
4.329	0.347702
4.332	0.34622
4.335	0.344752
4.338	0.343298
4.341	0.341857
4.344	0.340431
4.347	0.339018
4.35	0.337619
4.353	0.336234
4.356	0.334863
4.359	0.333506
4.362	0.332163
4.365	0.330833
4.368	0.329518
4.371	0.328216
4.374	0.326928
4.377	0.325654
4.38	0.324394
4.383	0.323148
4.386	0.321916
4.389	0.320698
4.392	0.319493
4.395	0.318303
4.398	0.317126
4.401	0.315963
4.404	0.314814
4.407	0.313679
4.41	0.312557
4.413	0.31145
4.416	0.310356
4.419	0.309276
4.422	0.30821
4.425	0.307157
4.428	0.306119
4.431	0.305094
4.434	0.304082
4.437	0.303085
4.44	0.302101
4.443	0.301131
4.446	0.300174
4.449	0.299231
4.452	0.298302
4.455	0.297386
4.458	0.296484
4.461	0.295595
4.464	0.29472
4.467	0.293859
4.47	0.29301
4.473	0.292176
4.476	0.291354
4.479	0.290547
4.482	0.289752
4.485	0.288971
4.488	0.288203
4.491	0.287448
4.494	0.286707
4.497	0.285979
4.5	0.285264
4.503	0.284563
4.506	0.283874
4.509	0.283199
4.512	0.282537
4.515	0.281887
4.518	0.281251
4.521	0.280628
4.524	0.280018
4.527	0.279421
4.53	0.278836
4.533	0.278265
4.536	0.277706
4.539	0.27716
4.542	0.276627
4.545	0.276107
4.548	0.275599
4.551	0.275104
4.554	0.274621
4.557	0.274152
4.56	0.273694
4.563	0.27325
4.566	0.272817
4.569	0.272397
4.572	0.27199
4.575	0.271595
4.578	0.271212
4.581	0.270841
4.584	0.270483
4.587	0.270137
4.59	0.269803
4.593	0.269481
4.596	0.269172
4.599	0.268874
4.602	0.268588
4.605	0.268314
4.608	0.268053
4.611	0.267803
4.614	0.267565
4.617	0.267338
4.62	0.267124
4.623	0.266921
4.626	0.266729
4.629	0.26655
4.632	0.266382
4.635	0.266225
4.638	0.26608
4.641	0.265947
4.644	0.265824
4.647	0.265714
4.65	0.265614
4.653	0.265526
4.656	0.265449
4.659	0.265383
4.662	0.265328
4.665	0.265284
4.668	0.265252
4.671	0.26523
4.674	0.265219
4.677	0.26522
4.68	0.265231
4.683	0.265252
4.686	0.265285
4.689	0.265328
4.692	0.265382
4.695	0.265447
4.698	0.265522
4.701	0.265608
4.704	0.265704
4.707	0.265811
4.71	0.265928
4.713	0.266055
4.716	0.266193
4.719	0.26634
4.722	0.266498
4.725	0.266667
4.728	0.266845
4.731	0.267033
4.734	0.267232
4.737	0.26744
4.74	0.267658
4.743	0.267886
4.746	0.268124
4.749	0.268372
4.752	0.268629
4.755	0.268896
4.758	0.269173
4.761	0.269459
4.764	0.269755
4.767	0.27006
4.77	0.270375
4.773	0.270699
4.776	0.271032
4.779	0.271375
4.782	0.271727
4.785	0.272088
4.788	0.272458
4.791	0.272838
4.794	0.273226
4.797	0.273623
4.8	0.27403
4.803	0.274445
4.806	0.274869
4.809	0.275302
4.812	0.275743
4.815	0.276193
4.818	0.276652
4.821	0.27712
4.824	0.277596
4.827	0.27808
4.83	0.278573
4.833	0.279075
4.836	0.279584
4.839	0.280103
4.842	0.280629
4.845	0.281163
4.848	0.281706
4.851	0.282257
4.854	0.282816
4.857	0.283383
4.86	0.283958
4.863	0.28454
4.866	0.285131
4.869	0.285729
4.872	0.286336
4.875	0.28695
4.878	0.287571
4.881	0.2882
4.884	0.288837
4.887	0.289482
4.89	0.290133
4.893	0.290793
4.896	0.291459
4.899	0.292133
4.902	0.292814
4.905	0.293503
4.908	0.294199
4.911	0.294901
4.914	0.295611
4.917	0.296328
4.92	0.297052
4.923	0.297783
4.926	0.298521
4.929	0.299265
4.932	0.300017
4.935	0.300775
4.938	0.301539
4.941	0.302311
4.944	0.303089
4.947	0.303873
4.95	0.304664
4.953	0.305462
4.956	0.306266
4.959	0.307076
4.962	0.307893
4.965	0.308715
4.968	0.309544
4.971	0.31038
4.974	0.311221
4.977	0.312068
4.98	0.312921
4.983	0.31378
4.986	0.314646
4.989	0.315517
4.992	0.316393
4.995	0.317276
4.998	0.318164
5.001	0.319058
5.004	0.319957
5.007	0.320862
5.01	0.321773
5.013	0.322688
5.016	0.32361
5.019	0.324536
5.022	0.325468
5.025	0.326405
5.028	0.327348
5.031	0.328295
5.034	0.329247
5.037	0.330205
5.04	0.331167
5.043	0.332135
5.046	0.333107
5.049	0.334084
5.052	0.335066
5.055	0.336053
5.058	0.337044
5.061	0.338039
5.064	0.33904
5.067	0.340045
5.07	0.341054
5.073	0.342067
5.076	0.343085
5.079	0.344107
5.082	0.345134
5.085	0.346164
5.088	0.347199
5.091	0.348238
5.094	0.34928
5.097	0.350327
5.1	0.351377
5.103	0.352431
5.106	0.353489
5.109	0.354551
5.112	0.355616
5.115	0.356685
5.118	0.357758
5.121	0.358833
5.124	0.359913
5.127	0.360995
5.13	0.362081
5.133	0.36317
5.136	0.364262
5.139	0.365357
5.142	0.366456
5.145	0.367557
5.148	0.368661
5.151	0.369768
5.154	0.370877
5.157	0.37199
5.16	0.373105
5.163	0.374222
5.166	0.375342
5.169	0.376465
5.172	0.377589
5.175	0.378716
5.178	0.379846
5.181	0.380977
5.184	0.38211
5.187	0.383246
5.19	0.384383
5.193	0.385522
5.196	0.386663
5.199	0.387806
5.202	0.38895
5.205	0.390096
5.208	0.391244
5.211	0.392392
5.214	0.393542
5.217	0.394694
5.22	0.395846
5.223	0.396999
5.226	0.398154
5.229	0.399309
5.232	0.400466
5.235	0.401622
5.238	0.40278
5.241	0.403938
5.244	0.405097
5.247	0.406256
5.25	0.407415
5.253	0.408575
5.256	0.409734
5.259	0.410894
5.262	0.412054
5.265	0.413213
5.268	0.414372
5.271	0.415531
5.274	0.41669
5.277	0.417848
5.28	0.419005
5.283	0.420161
5.286	0.421317
5.289	0.422472
5.292	0.423625
5.295	0.424778
5.298	0.425929
5.301	0.427079
5.304	0.428227
5.307	0.429374
5.31	0.430519
5.313	0.431663
5.316	0.432804
5.319	0.433943
5.322	0.43508
5.325	0.436215
5.328	0.437348
5.331	0.438478
5.334	0.439605
5.337	0.440729
5.34	0.441851
5.343	0.44297
5.346	0.444085
5.349	0.445198
5.352	0.446306
5.355	0.447412
5.358	0.448513
5.361	0.449611
5.364	0.450705
5.367	0.451795
5.37	0.452881
5.373	0.453962
5.376	0.455039
5.379	0.456111
5.382	0.457179
5.385	0.458241
5.388	0.459299
5.391	0.460351
5.394	0.461398
5.397	0.462439
5.4	0.463475
5.403	0.464505
5.406	0.465529
5.409	0.466547
5.412	0.467558
5.415	0.468563
5.418	0.469562
5.421	0.470554
5.424	0.471538
5.427	0.472516
5.43	0.473487
5.433	0.47445
5.436	0.475405
5.439	0.476353
5.442	0.477292
5.445	0.478224
5.448	0.479147
5.451	0.480062
5.454	0.480969
5.457	0.481866
5.46	0.482754
5.463	0.483634
5.466	0.484504
5.469	0.485364
5.472	0.486215
5.475	0.487056
5.478	0.487887
5.481	0.488707
5.484	0.489517
5.487	0.490317
5.49	0.491106
5.493	0.491883
5.496	0.49265
5.499	0.493405
5.502	0.494149
5.505	0.494881
5.508	0.495601
5.511	0.496309
5.514	0.497005
5.517	0.497688
5.52	0.498358
5.523	0.499016
5.526	0.499661
5.529	0.500292
5.532	0.50091
5.535	0.501515
5.538	0.502105
5.541	0.502682
5.544	0.503245
5.547	0.503793
5.55	0.504327
5.553	0.504846
5.556	0.505351
5.559	0.50584
5.562	0.506314
5.565	0.506773
5.568	0.507217
5.571	0.507644
5.574	0.508056
5.577	0.508452
5.58	0.508831
5.583	0.509195
5.586	0.509542
5.589	0.509872
5.592	0.510185
5.595	0.510482
5.598	0.510761
5.601	0.511023
5.604	0.511268
5.607	0.511496
5.61	0.511706
5.613	0.511898
5.616	0.512072
5.619	0.512229
5.622	0.512367
5.625	0.512487
5.628	0.512589
5.631	0.512673
5.634	0.512738
5.637	0.512785
5.64	0.512813
5.643	0.512822
5.646	0.512813
5.649	0.512785
5.652	0.512738
5.655	0.512673
5.658	0.512588
5.661	0.512484
5.664	0.512362
5.667	0.512221
5.67	0.51206
5.673	0.511881
5.676	0.511683
5.679	0.511465
5.682	0.511229
5.685	0.510974
5.688	0.5107
5.691	0.510407
5.694	0.510096
5.697	0.509765
5.7	0.509416
5.703	0.509049
5.706	0.508663
5.709	0.508259
5.712	0.507837
5.715	0.507396
5.718	0.506938
5.721	0.506461
5.724	0.505968
5.727	0.505456
5.73	0.504927
5.733	0.504381
5.736	0.503818
5.739	0.503238
5.742	0.502642
5.745	0.502029
5.748	0.5014
5.751	0.500755
5.754	0.500095
5.757	0.499419
5.76	0.498728
5.763	0.498022
5.766	0.497301
5.769	0.496567
5.772	0.495818
5.775	0.495055
5.778	0.49428
5.781	0.493491
5.784	0.49269
5.787	0.491876
5.79	0.49105
5.793	0.490213
5.796	0.489365
5.799	0.488506
5.802	0.487636
5.805	0.486756
5.808	0.485867
5.811	0.484969
5.814	0.484061
5.817	0.483146
5.82	0.482222
5.823	0.481291
5.826	0.480354
5.829	0.479409
5.832	0.478458
5.835	0.477502
5.838	0.476541
5.841	0.475575
5.844	0.474605
5.847	0.473631
5.85	0.472653
5.853	0.471674
5.856	0.470691
5.859	0.469707
5.862	0.468722
5.865	0.467736
5.868	0.46675
5.871	0.465764
5.874	0.464779
5.877	0.463795
5.88	0.462813
5.883	0.461833
5.886	0.460856
5.889	0.459882
5.892	0.458912
5.895	0.457947
5.898	0.456986
5.901	0.45603
5.904	0.45508
5.907	0.454136
5.91	0.453199
5.913	0.452269
5.916	0.451347
5.919	0.450433
5.922	0.449527
5.925	0.448631
5.928	0.447744
5.931	0.446867
5.934	0.446
5.937	0.445145
5.94	0.4443
5.943	0.443467
5.946	0.442646
5.949	0.441838
5.952	0.441042
5.955	0.44026
5.958	0.439491
5.961	0.438736
5.964	0.437996
5.967	0.43727
5.97	0.436559
5.973	0.435864
5.976	0.435184
5.979	0.43452
5.982	0.433872
5.985	0.433241
5.988	0.432627
5.991	0.432029
5.994	0.431449
5.997	0.430887
