 Location  Dispersion    Centroids   Volume
-7.58907e-05   0.122263   -0.000946467   1.00003
0.120768   0.121817   0.119512   0.999969
0.245693   0.122303   0.243563   0.999999
0.366068   0.122345   0.358118   0.999998
0.491726   0.122455   0.472464   1
0.61182   0.122185   0.574749   0.99999
0.731831   0.122424   0.668786   1
0.857711   0.12246   0.756783   1
0.977818   0.122307   0.829746   0.999996
1.09783   0.122414   0.890799   1
1.22382   0.122434   0.940883   1
1.34391   0.122408   0.974877   1
1.46995   0.12243   0.995394   1
1.59001   0.122423   1.00027   1
1.71007   0.122431   0.990787   1
1.8361   0.122404   0.965522   1
1.9562   0.122434   0.927127   1
2.08218   0.122413   0.872652   1
2.20219   0.122295   0.807671   0.999996
2.32229   0.122451   0.731099   1
2.44807   0.122347   0.639658   0.999999
2.56838   0.122392   0.542823   1
2.69409   0.12243   0.433132   1
2.81411   0.122111   0.321897   0.999986
2.9342   0.122469   0.206043   1
3.05992   0.12246   0.0816939   1
3.17999   0.122079   -0.0384139   0.999985
3.30003   0.122444   -0.157968   1
3.42565   0.122367   -0.280629   0.999999
3.54605   0.122337   -0.393724   0.999998
3.67172   0.122456   -0.505978   1
3.79182   0.122197   -0.605768   0.999991
3.91182   0.122417   -0.696865   1
4.03767   0.122419   -0.781394   1
4.15787   0.122374   -0.850664   1
4.28379   0.122442   -0.910005   1
4.40388   0.122388   -0.953251   1
4.52392   0.122419   -0.982817   1
4.64997   0.12243   -0.998528   1
4.77003   0.122429   -0.998815   1
4.89608   0.12242   -0.9837   1
5.01611   0.122389   -0.954691   1
5.13621   0.122447   -0.91198   1
5.26218   0.122415   -0.853218   1
5.38219   0.122282   -0.784404   0.999995
5.50229   0.122452   -0.704334   1
5.62806   0.122351   -0.609647   0.999998
5.74835   0.122334   -0.510164   1
5.8734   0.121833   -0.397786   0.999971
5.99412   0.122225   -0.284322   1.00002
