 x  	 F(x)  
0	0.0984338
0.003	0.100068
0.006	0.101714
0.009	0.103372
0.012	0.105043
0.015	0.106726
0.018	0.10842
0.021	0.110126
0.024	0.111844
0.027	0.113573
0.03	0.115313
0.033	0.117064
0.036	0.118826
0.039	0.120598
0.042	0.122381
0.045	0.124175
0.048	0.125978
0.051	0.127792
0.054	0.129615
0.057	0.131448
0.06	0.13329
0.063	0.135141
0.066	0.137002
0.069	0.138871
0.072	0.140749
0.075	0.142635
0.078	0.14453
0.081	0.146433
0.084	0.148343
0.087	0.150262
0.09	0.152188
0.093	0.154121
0.096	0.156062
0.099	0.158009
0.102	0.159964
0.105	0.161925
0.108	0.163893
0.111	0.165867
0.114	0.167847
0.117	0.169833
0.12	0.171825
0.123	0.173823
0.126	0.175826
0.129	0.177835
0.132	0.179849
0.135	0.181868
0.138	0.183892
0.141	0.185921
0.144	0.187955
0.147	0.189993
0.15	0.192036
0.153	0.194083
0.156	0.196134
0.159	0.198189
0.162	0.200249
0.165	0.202312
0.168	0.204379
0.171	0.206449
0.174	0.208523
0.177	0.210601
0.18	0.212682
0.183	0.214767
0.186	0.216855
0.189	0.218946
0.192	0.22104
0.195	0.223137
0.198	0.225238
0.201	0.227341
0.204	0.229447
0.207	0.231557
0.21	0.233669
0.213	0.235784
0.216	0.237901
0.219	0.240022
0.222	0.242146
0.225	0.244272
0.228	0.246401
0.231	0.248533
0.234	0.250668
0.237	0.252805
0.24	0.254945
0.243	0.257088
0.246	0.259235
0.249	0.261383
0.252	0.263535
0.255	0.26569
0.258	0.267848
0.261	0.270009
0.264	0.272173
0.267	0.27434
0.27	0.27651
0.273	0.278684
0.276	0.28086
0.279	0.283041
0.282	0.285224
0.285	0.287411
0.288	0.289602
0.291	0.291797
0.294	0.293995
0.297	0.296197
0.3	0.298403
0.303	0.300613
0.306	0.302827
0.309	0.305045
0.312	0.307267
0.315	0.309494
0.318	0.311725
0.321	0.313961
0.324	0.316201
0.327	0.318446
0.33	0.320696
0.333	0.322951
0.336	0.325211
0.339	0.327476
0.342	0.329747
0.345	0.332023
0.348	0.334304
0.351	0.33659
0.354	0.338883
0.357	0.341181
0.36	0.343485
0.363	0.345795
0.366	0.348111
0.369	0.350433
0.372	0.352761
0.375	0.355096
0.378	0.357437
0.381	0.359785
0.384	0.362139
0.387	0.3645
0.39	0.366868
0.393	0.369242
0.396	0.371624
0.399	0.374012
0.402	0.376408
0.405	0.37881
0.408	0.38122
0.411	0.383637
0.414	0.386062
0.417	0.388493
0.42	0.390932
0.423	0.393379
0.426	0.395833
0.429	0.398295
0.432	0.400764
0.435	0.40324
0.438	0.405725
0.441	0.408216
0.444	0.410716
0.447	0.413223
0.45	0.415738
0.453	0.41826
0.456	0.420789
0.459	0.423327
0.462	0.425871
0.465	0.428424
0.468	0.430983
0.471	0.43355
0.474	0.436125
0.477	0.438706
0.48	0.441295
0.483	0.443891
0.486	0.446494
0.489	0.449103
0.492	0.45172
0.495	0.454343
0.498	0.456973
0.501	0.459609
0.504	0.462252
0.507	0.464901
0.51	0.467556
0.513	0.470217
0.516	0.472883
0.519	0.475555
0.522	0.478233
0.525	0.480915
0.528	0.483603
0.531	0.486296
0.534	0.488993
0.537	0.491695
0.54	0.494401
0.543	0.49711
0.546	0.499824
0.549	0.502541
0.552	0.505261
0.555	0.507985
0.558	0.510711
0.561	0.513439
0.564	0.51617
0.567	0.518903
0.57	0.521638
0.573	0.524374
0.576	0.527111
0.579	0.529849
0.582	0.532587
0.585	0.535326
0.588	0.538064
0.591	0.540802
0.594	0.54354
0.597	0.546276
0.6	0.549012
0.603	0.551745
0.606	0.554477
0.609	0.557206
0.612	0.559933
0.615	0.562656
0.618	0.565377
0.621	0.568094
0.624	0.570807
0.627	0.573516
0.63	0.57622
0.633	0.578919
0.636	0.581613
0.639	0.584302
0.642	0.586985
0.645	0.589661
0.648	0.592331
0.651	0.594994
0.654	0.597651
0.657	0.600299
0.66	0.60294
0.663	0.605573
0.666	0.608198
0.669	0.610814
0.672	0.613421
0.675	0.616019
0.678	0.618607
0.681	0.621186
0.684	0.623754
0.687	0.626312
0.69	0.62886
0.693	0.631397
0.696	0.633923
0.699	0.636438
0.702	0.638941
0.705	0.641433
0.708	0.643912
0.711	0.64638
0.714	0.648835
0.717	0.651278
0.72	0.653708
0.723	0.656125
0.726	0.658529
0.729	0.66092
0.732	0.663297
0.735	0.665661
0.738	0.668011
0.741	0.670348
0.744	0.67267
0.747	0.674979
0.75	0.677273
0.753	0.679554
0.756	0.68182
0.759	0.684072
0.762	0.686309
0.765	0.688532
0.768	0.69074
0.771	0.692933
0.774	0.695112
0.777	0.697277
0.78	0.699426
0.783	0.701561
0.786	0.703682
0.789	0.705787
0.792	0.707878
0.795	0.709954
0.798	0.712016
0.801	0.714063
0.804	0.716095
0.807	0.718113
0.81	0.720116
0.813	0.722105
0.816	0.724079
0.819	0.726039
0.822	0.727985
0.825	0.729917
0.828	0.731835
0.831	0.733738
0.834	0.735628
0.837	0.737504
0.84	0.739367
0.843	0.741216
0.846	0.743051
0.849	0.744873
0.852	0.746682
0.855	0.748478
0.858	0.75026
0.861	0.75203
0.864	0.753788
0.867	0.755533
0.87	0.757265
0.873	0.758985
0.876	0.760694
0.879	0.76239
0.882	0.764074
0.885	0.765747
0.888	0.767409
0.891	0.769059
0.894	0.770698
0.897	0.772326
0.9	0.773943
0.903	0.77555
0.906	0.777147
0.909	0.778733
0.912	0.780309
0.915	0.781875
0.918	0.783431
0.921	0.784978
0.924	0.786515
0.927	0.788043
0.93	0.789562
0.933	0.791072
0.936	0.792574
0.939	0.794067
0.942	0.795552
0.945	0.797028
0.948	0.798497
0.951	0.799957
0.954	0.80141
0.957	0.802856
0.96	0.804294
0.963	0.805725
0.966	0.807149
0.969	0.808567
0.972	0.809977
0.975	0.811381
0.978	0.812779
0.981	0.814171
0.984	0.815556
0.987	0.816936
0.99	0.81831
0.993	0.819679
0.996	0.821042
0.999	0.822399
1.002	0.823752
1.005	0.8251
1.008	0.826442
1.011	0.82778
1.014	0.829114
1.017	0.830442
1.02	0.831767
1.023	0.833087
1.026	0.834403
1.029	0.835716
1.032	0.837024
1.035	0.838328
1.038	0.839629
1.041	0.840926
1.044	0.84222
1.047	0.84351
1.05	0.844797
1.053	0.846081
1.056	0.847361
1.059	0.848639
1.062	0.849913
1.065	0.851185
1.068	0.852453
1.071	0.853719
1.074	0.854982
1.077	0.856242
1.08	0.8575
1.083	0.858755
1.086	0.860007
1.089	0.861257
1.092	0.862504
1.095	0.863749
1.098	0.864991
1.101	0.866231
1.104	0.867468
1.107	0.868703
1.11	0.869935
1.113	0.871165
1.116	0.872393
1.119	0.873618
1.122	0.87484
1.125	0.87606
1.128	0.877277
1.131	0.878492
1.134	0.879704
1.137	0.880913
1.14	0.882119
1.143	0.883323
1.146	0.884524
1.149	0.885722
1.152	0.886917
1.155	0.888109
1.158	0.889298
1.161	0.890484
1.164	0.891666
1.167	0.892845
1.17	0.894021
1.173	0.895193
1.176	0.896361
1.179	0.897526
1.182	0.898686
1.185	0.899843
1.188	0.900996
1.191	0.902144
1.194	0.903289
1.197	0.904428
1.2	0.905564
1.203	0.906694
1.206	0.90782
1.209	0.90894
1.212	0.910056
1.215	0.911166
1.218	0.912271
1.221	0.913371
1.224	0.914464
1.227	0.915552
1.23	0.916634
1.233	0.91771
1.236	0.91878
1.239	0.919843
1.242	0.9209
1.245	0.92195
1.248	0.922993
1.251	0.924028
1.254	0.925057
1.257	0.926079
1.26	0.927093
1.263	0.928099
1.266	0.929098
1.269	0.930088
1.272	0.931071
1.275	0.932045
1.278	0.933011
1.281	0.933968
1.284	0.934917
1.287	0.935856
1.29	0.936787
1.293	0.937709
1.296	0.938622
1.299	0.939525
1.302	0.940418
1.305	0.941302
1.308	0.942177
1.311	0.943041
1.314	0.943896
1.317	0.94474
1.32	0.945574
1.323	0.946398
1.326	0.947212
1.329	0.948015
1.332	0.948807
1.335	0.949589
1.338	0.95036
1.341	0.95112
1.344	0.95187
1.347	0.952608
1.35	0.953335
1.353	0.954051
1.356	0.954756
1.359	0.95545
1.362	0.956133
1.365	0.956804
1.368	0.957464
1.371	0.958112
1.374	0.958749
1.377	0.959375
1.38	0.959989
1.383	0.960592
1.386	0.961183
1.389	0.961763
1.392	0.962332
1.395	0.962888
1.398	0.963434
1.401	0.963968
1.404	0.96449
1.407	0.965002
1.41	0.965501
1.413	0.96599
1.416	0.966467
1.419	0.966933
1.422	0.967387
1.425	0.96783
1.428	0.968263
1.431	0.968684
1.434	0.969094
1.437	0.969493
1.44	0.969881
1.443	0.970258
1.446	0.970624
1.449	0.97098
1.452	0.971325
1.455	0.971659
1.458	0.971983
1.461	0.972297
1.464	0.9726
1.467	0.972892
1.47	0.973175
1.473	0.973447
1.476	0.97371
1.479	0.973962
1.482	0.974205
1.485	0.974437
1.488	0.974661
1.491	0.974874
1.494	0.975078
1.497	0.975272
1.5	0.975458
1.503	0.975634
1.506	0.9758
1.509	0.975958
1.512	0.976107
1.515	0.976246
1.518	0.976377
1.521	0.9765
1.524	0.976613
1.527	0.976719
1.53	0.976815
1.533	0.976903
1.536	0.976983
1.539	0.977055
1.542	0.977119
1.545	0.977175
1.548	0.977222
1.551	0.977262
1.554	0.977294
1.557	0.977318
1.56	0.977334
1.563	0.977343
1.566	0.977345
1.569	0.977339
1.572	0.977325
1.575	0.977304
1.578	0.977276
1.581	0.977241
1.584	0.977198
1.587	0.977148
1.59	0.977091
1.593	0.977028
1.596	0.976957
1.599	0.976879
1.602	0.976794
1.605	0.976703
1.608	0.976604
1.611	0.976499
1.614	0.976387
1.617	0.976269
1.62	0.976143
1.623	0.976011
1.626	0.975873
1.629	0.975727
1.632	0.975575
1.635	0.975416
1.638	0.975251
1.641	0.975079
1.644	0.974901
1.647	0.974716
1.65	0.974524
1.653	0.974325
1.656	0.97412
1.659	0.973909
1.662	0.97369
1.665	0.973465
1.668	0.973234
1.671	0.972995
1.674	0.97275
1.677	0.972498
1.68	0.97224
1.683	0.971974
1.686	0.971702
1.689	0.971423
1.692	0.971136
1.695	0.970843
1.698	0.970543
1.701	0.970236
1.704	0.969921
1.707	0.9696
1.71	0.969271
1.713	0.968935
1.716	0.968591
1.719	0.968241
1.722	0.967882
1.725	0.967516
1.728	0.967143
1.731	0.966762
1.734	0.966373
1.737	0.965976
1.74	0.965571
1.743	0.965159
1.746	0.964738
1.749	0.964309
1.752	0.963872
1.755	0.963427
1.758	0.962973
1.761	0.962511
1.764	0.96204
1.767	0.961561
1.77	0.961073
1.773	0.960576
1.776	0.96007
1.779	0.959555
1.782	0.959031
1.785	0.958497
1.788	0.957955
1.791	0.957403
1.794	0.956841
1.797	0.95627
1.8	0.955689
1.803	0.955098
1.806	0.954498
1.809	0.953887
1.812	0.953267
1.815	0.952636
1.818	0.951995
1.821	0.951343
1.824	0.950681
1.827	0.950009
1.83	0.949325
1.833	0.948631
1.836	0.947927
1.839	0.947211
1.842	0.946484
1.845	0.945746
1.848	0.944997
1.851	0.944237
1.854	0.943465
1.857	0.942682
1.86	0.941887
1.863	0.941081
1.866	0.940263
1.869	0.939433
1.872	0.938592
1.875	0.937739
1.878	0.936873
1.881	0.935996
1.884	0.935107
1.887	0.934206
1.89	0.933293
1.893	0.932367
1.896	0.93143
1.899	0.93048
1.902	0.929518
1.905	0.928543
1.908	0.927557
1.911	0.926558
1.914	0.925546
1.917	0.924523
1.92	0.923487
1.923	0.922439
1.926	0.921378
1.929	0.920305
1.932	0.91922
1.935	0.918123
1.938	0.917013
1.941	0.915892
1.944	0.914758
1.947	0.913612
1.95	0.912454
1.953	0.911284
1.956	0.910102
1.959	0.908908
1.962	0.907703
1.965	0.906485
1.968	0.905256
1.971	0.904016
1.974	0.902764
1.977	0.901501
1.98	0.900226
1.983	0.89894
1.986	0.897644
1.989	0.896336
1.992	0.895018
1.995	0.893689
1.998	0.892349
2.001	0.890999
2.004	0.889639
2.007	0.888269
2.01	0.886889
2.013	0.885498
2.016	0.884099
2.019	0.88269
2.022	0.881271
2.025	0.879844
2.028	0.878407
2.031	0.876962
2.034	0.875508
2.037	0.874045
2.04	0.872574
2.043	0.871096
2.046	0.869609
2.049	0.868115
2.052	0.866613
2.055	0.865103
2.058	0.863587
2.061	0.862064
2.064	0.860534
2.067	0.858997
2.07	0.857454
2.073	0.855905
2.076	0.85435
2.079	0.852789
2.082	0.851222
2.085	0.849651
2.088	0.848073
2.091	0.846491
2.094	0.844904
2.097	0.843313
2.1	0.841717
2.103	0.840116
2.106	0.838512
2.109	0.836904
2.112	0.835291
2.115	0.833676
2.118	0.832057
2.121	0.830434
2.124	0.828809
2.127	0.82718
2.13	0.825549
2.133	0.823915
2.136	0.822279
2.139	0.820641
2.142	0.819
2.145	0.817357
2.148	0.815712
2.151	0.814065
2.154	0.812417
2.157	0.810767
2.16	0.809116
2.163	0.807463
2.166	0.805809
2.169	0.804154
2.172	0.802498
2.175	0.80084
2.178	0.799182
2.181	0.797523
2.184	0.795863
2.187	0.794202
2.19	0.792541
2.193	0.790879
2.196	0.789217
2.199	0.787554
2.202	0.78589
2.205	0.784226
2.208	0.782562
2.211	0.780897
2.214	0.779231
2.217	0.777565
2.22	0.775899
2.223	0.774232
2.226	0.772565
2.229	0.770897
2.232	0.769229
2.235	0.76756
2.238	0.765891
2.241	0.764221
2.244	0.76255
2.247	0.760878
2.25	0.759206
2.253	0.757533
2.256	0.755859
2.259	0.754184
2.262	0.752508
2.265	0.750831
2.268	0.749153
2.271	0.747473
2.274	0.745792
2.277	0.744109
2.28	0.742425
2.283	0.740739
2.286	0.739051
2.289	0.737361
2.292	0.735669
2.295	0.733974
2.298	0.732277
2.301	0.730578
2.304	0.728876
2.307	0.727172
2.31	0.725464
2.313	0.723753
2.316	0.722039
2.319	0.720322
2.322	0.718601
2.325	0.716876
2.328	0.715147
2.331	0.713414
2.334	0.711677
2.337	0.709936
2.34	0.70819
2.343	0.706439
2.346	0.704683
2.349	0.702922
2.352	0.701156
2.355	0.699384
2.358	0.697606
2.361	0.695822
2.364	0.694032
2.367	0.692236
2.37	0.690433
2.373	0.688624
2.376	0.686808
2.379	0.684984
2.382	0.683153
2.385	0.681315
2.388	0.679469
2.391	0.677615
2.394	0.675752
2.397	0.673882
2.4	0.672002
2.403	0.670115
2.406	0.668218
2.409	0.666311
2.412	0.664396
2.415	0.662471
2.418	0.660536
2.421	0.658591
2.424	0.656636
2.427	0.654671
2.43	0.652695
2.433	0.650708
2.436	0.64871
2.439	0.646701
2.442	0.644681
2.445	0.642649
2.448	0.640606
2.451	0.63855
2.454	0.636483
2.457	0.634403
2.46	0.632312
2.463	0.630207
2.466	0.62809
2.469	0.62596
2.472	0.623817
2.475	0.62166
2.478	0.619491
2.481	0.617308
2.484	0.615111
2.487	0.612901
2.49	0.610677
2.493	0.608439
2.496	0.606187
2.499	0.603921
2.502	0.601641
2.505	0.599346
2.508	0.597037
2.511	0.594713
2.514	0.592375
2.517	0.590022
2.52	0.587655
2.523	0.585273
2.526	0.582876
2.529	0.580465
2.532	0.578038
2.535	0.575597
2.538	0.573141
2.541	0.57067
2.544	0.568184
2.547	0.565684
2.55	0.563169
2.553	0.560639
2.556	0.558094
2.559	0.555535
2.562	0.552961
2.565	0.550373
2.568	0.54777
2.571	0.545153
2.574	0.542522
2.577	0.539876
2.58	0.537217
2.583	0.534544
2.586	0.531857
2.589	0.529157
2.592	0.526443
2.595	0.523716
2.598	0.520975
2.601	0.518222
2.604	0.515457
2.607	0.512678
2.61	0.509888
2.613	0.507085
2.616	0.504271
2.619	0.501445
2.622	0.498607
2.625	0.495759
2.628	0.4929
2.631	0.49003
2.634	0.487149
2.637	0.484259
2.64	0.481359
2.643	0.47845
2.646	0.475531
2.649	0.472604
2.652	0.469668
2.655	0.466724
2.658	0.463772
2.661	0.460812
2.664	0.457845
2.667	0.454871
2.67	0.451891
2.673	0.448904
2.676	0.445912
2.679	0.442914
2.682	0.439911
2.685	0.436903
2.688	0.433891
2.691	0.430874
2.694	0.427854
2.697	0.42483
2.7	0.421803
2.703	0.418774
2.706	0.415742
2.709	0.412708
2.712	0.409673
2.715	0.406636
2.718	0.403599
2.721	0.40056
2.724	0.397522
2.727	0.394484
2.73	0.391446
2.733	0.388409
2.736	0.385373
2.739	0.382338
2.742	0.379305
2.745	0.376274
2.748	0.373245
2.751	0.37022
2.754	0.367197
2.757	0.364177
2.76	0.361161
2.763	0.358148
2.766	0.35514
2.769	0.352136
2.772	0.349136
2.775	0.346141
2.778	0.343151
2.781	0.340167
2.784	0.337188
2.787	0.334215
2.79	0.331247
2.793	0.328286
2.796	0.325331
2.799	0.322382
2.802	0.31944
2.805	0.316505
2.808	0.313576
2.811	0.310655
2.814	0.307741
2.817	0.304834
2.82	0.301934
2.823	0.299042
2.826	0.296157
2.829	0.29328
2.832	0.290411
2.835	0.28755
2.838	0.284696
2.841	0.28185
2.844	0.279012
2.847	0.276182
2.85	0.27336
2.853	0.270546
2.856	0.267739
2.859	0.264941
2.862	0.26215
2.865	0.259367
2.868	0.256592
2.871	0.253825
2.874	0.251065
2.877	0.248313
2.88	0.245568
2.883	0.242831
2.886	0.240101
2.889	0.237378
2.892	0.234662
2.895	0.231953
2.898	0.229252
2.901	0.226556
2.904	0.223868
2.907	0.221185
2.91	0.218509
2.913	0.21584
2.916	0.213176
2.919	0.210517
2.922	0.207865
2.925	0.205218
2.928	0.202575
2.931	0.199938
2.934	0.197306
2.937	0.194678
2.94	0.192055
2.943	0.189436
2.946	0.18682
2.949	0.184209
2.952	0.181601
2.955	0.178996
2.958	0.176394
2.961	0.173795
2.964	0.171198
2.967	0.168603
2.97	0.166011
2.973	0.16342
2.976	0.160831
2.979	0.158243
2.982	0.155656
2.985	0.153069
2.988	0.150483
2.991	0.147897
2.994	0.145311
2.997	0.142725
3	0.140138
3.003	0.13755
3.006	0.134961
3.009	0.13237
3.012	0.129778
3.015	0.127183
3.018	0.124586
3.021	0.121987
3.024	0.119385
3.027	0.11678
3.03	0.114171
3.033	0.111559
3.036	0.108942
3.039	0.106322
3.042	0.103697
3.045	0.101068
3.048	0.098433
3.051	0.0957932
3.054	0.0931479
3.057	0.0904969
3.06	0.0878399
3.063	0.0851767
3.066	0.082507
3.069	0.0798306
3.072	0.0771473
3.075	0.0744568
3.078	0.0717589
3.081	0.0690534
3.084	0.0663401
3.087	0.0636187
3.09	0.0608892
3.093	0.0581512
3.096	0.0554045
3.099	0.0526491
3.102	0.0498846
3.105	0.047111
3.108	0.044328
3.111	0.0415356
3.114	0.0387335
3.117	0.0359216
3.12	0.0330998
3.123	0.0302678
3.126	0.0274258
3.129	0.0245733
3.132	0.0217105
3.135	0.0188372
3.138	0.0159532
3.141	0.0130586
3.144	0.0101532
3.147	0.007237
3.15	0.00430989
3.153	0.00137186
3.156	-0.00157714
3.159	-0.00453713
3.162	-0.00750813
3.165	-0.0104902
3.168	-0.0134832
3.171	-0.0164872
3.174	-0.0195023
3.177	-0.0225282
3.18	-0.0255651
3.183	-0.0286128
3.186	-0.0316714
3.189	-0.0347406
3.192	-0.0378205
3.195	-0.0409109
3.198	-0.0440117
3.201	-0.0471228
3.204	-0.0502442
3.207	-0.0533756
3.21	-0.0565169
3.213	-0.0596679
3.216	-0.0628285
3.219	-0.0659986
3.222	-0.0691778
3.225	-0.072366
3.228	-0.0755631
3.231	-0.0787687
3.234	-0.0819827
3.237	-0.0852049
3.24	-0.0884349
3.243	-0.0916725
3.246	-0.0949175
3.249	-0.0981695
3.252	-0.101428
3.255	-0.104694
3.258	-0.107965
3.261	-0.111243
3.264	-0.114526
3.267	-0.117814
3.27	-0.121107
3.273	-0.124405
3.276	-0.127708
3.279	-0.131014
3.282	-0.134323
3.285	-0.137636
3.288	-0.140952
3.291	-0.14427
3.294	-0.14759
3.297	-0.150913
3.3	-0.154236
3.303	-0.15756
3.306	-0.160885
3.309	-0.164211
3.312	-0.167536
3.315	-0.17086
3.318	-0.174184
3.321	-0.177506
3.324	-0.180826
3.327	-0.184145
3.33	-0.18746
3.333	-0.190773
3.336	-0.194083
3.339	-0.197389
3.342	-0.200691
3.345	-0.203988
3.348	-0.207281
3.351	-0.210569
3.354	-0.213851
3.357	-0.217127
3.36	-0.220397
3.363	-0.22366
3.366	-0.226916
3.369	-0.230165
3.372	-0.233406
3.375	-0.23664
3.378	-0.239865
3.381	-0.243081
3.384	-0.246288
3.387	-0.249487
3.39	-0.252675
3.393	-0.255854
3.396	-0.259023
3.399	-0.262182
3.402	-0.26533
3.405	-0.268467
3.408	-0.271593
3.411	-0.274707
3.414	-0.27781
3.417	-0.280902
3.42	-0.283981
3.423	-0.287048
3.426	-0.290103
3.429	-0.293145
3.432	-0.296175
3.435	-0.299192
3.438	-0.302196
3.441	-0.305187
3.444	-0.308164
3.447	-0.311128
3.45	-0.314079
3.453	-0.317016
3.456	-0.31994
3.459	-0.32285
3.462	-0.325746
3.465	-0.328629
3.468	-0.331497
3.471	-0.334352
3.474	-0.337193
3.477	-0.34002
3.48	-0.342833
3.483	-0.345632
3.486	-0.348417
3.489	-0.351189
3.492	-0.353947
3.495	-0.356691
3.498	-0.359421
3.501	-0.362138
3.504	-0.364841
3.507	-0.36753
3.51	-0.370206
3.513	-0.372869
3.516	-0.375519
3.519	-0.378156
3.522	-0.380779
3.525	-0.38339
3.528	-0.385988
3.531	-0.388573
3.534	-0.391146
3.537	-0.393707
3.54	-0.396256
3.543	-0.398793
3.546	-0.401317
3.549	-0.403831
3.552	-0.406333
3.555	-0.408823
3.558	-0.411303
3.561	-0.413771
3.564	-0.416229
3.567	-0.418677
3.57	-0.421114
3.573	-0.423541
3.576	-0.425959
3.579	-0.428367
3.582	-0.430765
3.585	-0.433154
3.588	-0.435535
3.591	-0.437906
3.594	-0.440269
3.597	-0.442624
3.6	-0.444971
3.603	-0.44731
3.606	-0.449642
3.609	-0.451966
3.612	-0.454283
3.615	-0.456593
3.618	-0.458897
3.621	-0.461195
3.624	-0.463486
3.627	-0.465772
3.63	-0.468052
3.633	-0.470326
3.636	-0.472596
3.639	-0.474861
3.642	-0.477121
3.645	-0.479376
3.648	-0.481628
3.651	-0.483876
3.654	-0.48612
3.657	-0.48836
3.66	-0.490598
3.663	-0.492832
3.666	-0.495064
3.669	-0.497294
3.672	-0.499521
3.675	-0.501746
3.678	-0.503969
3.681	-0.50619
3.684	-0.508411
3.687	-0.51063
3.69	-0.512848
3.693	-0.515065
3.696	-0.517282
3.699	-0.519498
3.702	-0.521715
3.705	-0.523931
3.708	-0.526148
3.711	-0.528365
3.714	-0.530582
3.717	-0.5328
3.72	-0.53502
3.723	-0.53724
3.726	-0.539461
3.729	-0.541684
3.732	-0.543909
3.735	-0.546135
3.738	-0.548362
3.741	-0.550592
3.744	-0.552824
3.747	-0.555058
3.75	-0.557295
3.753	-0.559533
3.756	-0.561775
3.759	-0.564018
3.762	-0.566265
3.765	-0.568514
3.768	-0.570766
3.771	-0.573021
3.774	-0.575279
3.777	-0.57754
3.78	-0.579804
3.783	-0.582071
3.786	-0.584341
3.789	-0.586614
3.792	-0.588891
3.795	-0.59117
3.798	-0.593453
3.801	-0.595739
3.804	-0.598028
3.807	-0.60032
3.81	-0.602615
3.813	-0.604913
3.816	-0.607214
3.819	-0.609518
3.822	-0.611825
3.825	-0.614135
3.828	-0.616447
3.831	-0.618762
3.834	-0.62108
3.837	-0.6234
3.84	-0.625723
3.843	-0.628047
3.846	-0.630374
3.849	-0.632703
3.852	-0.635033
3.855	-0.637365
3.858	-0.639699
3.861	-0.642034
3.864	-0.64437
3.867	-0.646708
3.87	-0.649046
3.873	-0.651385
3.876	-0.653724
3.879	-0.656064
3.882	-0.658403
3.885	-0.660743
3.888	-0.663082
3.891	-0.66542
3.894	-0.667758
3.897	-0.670095
3.9	-0.672431
3.903	-0.674765
3.906	-0.677097
3.909	-0.679427
3.912	-0.681755
3.915	-0.684081
3.918	-0.686404
3.921	-0.688723
3.924	-0.69104
3.927	-0.693353
3.93	-0.695662
3.933	-0.697967
3.936	-0.700268
3.939	-0.702564
3.942	-0.704855
3.945	-0.707141
3.948	-0.709422
3.951	-0.711697
3.954	-0.713966
3.957	-0.716229
3.96	-0.718485
3.963	-0.720734
3.966	-0.722976
3.969	-0.725211
3.972	-0.727439
3.975	-0.729658
3.978	-0.73187
3.981	-0.734073
3.984	-0.736267
3.987	-0.738453
3.99	-0.740629
3.993	-0.742797
3.996	-0.744954
3.999	-0.747102
4.002	-0.749239
4.005	-0.751367
4.008	-0.753483
4.011	-0.75559
4.014	-0.757685
4.017	-0.759769
4.02	-0.761842
4.023	-0.763903
4.026	-0.765952
4.029	-0.76799
4.032	-0.770016
4.035	-0.772029
4.038	-0.77403
4.041	-0.776018
4.044	-0.777994
4.047	-0.779957
4.05	-0.781907
4.053	-0.783844
4.056	-0.785768
4.059	-0.787679
4.062	-0.789576
4.065	-0.79146
4.068	-0.79333
4.071	-0.795186
4.074	-0.797029
4.077	-0.798858
4.08	-0.800673
4.083	-0.802474
4.086	-0.804261
4.089	-0.806034
4.092	-0.807794
4.095	-0.809539
4.098	-0.81127
4.101	-0.812987
4.104	-0.81469
4.107	-0.816378
4.11	-0.818053
4.113	-0.819714
4.116	-0.82136
4.119	-0.822993
4.122	-0.824612
4.125	-0.826216
4.128	-0.827807
4.131	-0.829384
4.134	-0.830947
4.137	-0.832497
4.14	-0.834032
4.143	-0.835554
4.146	-0.837063
4.149	-0.838558
4.152	-0.84004
4.155	-0.841508
4.158	-0.842963
4.161	-0.844405
4.164	-0.845834
4.167	-0.847251
4.17	-0.848654
4.173	-0.850045
4.176	-0.851423
4.179	-0.852788
4.182	-0.854142
4.185	-0.855483
4.188	-0.856812
4.191	-0.858129
4.194	-0.859434
4.197	-0.860727
4.2	-0.862009
4.203	-0.863279
4.206	-0.864538
4.209	-0.865786
4.212	-0.867023
4.215	-0.868249
4.218	-0.869464
4.221	-0.870668
4.224	-0.871862
4.227	-0.873045
4.23	-0.874218
4.233	-0.875382
4.236	-0.876535
4.239	-0.877678
4.242	-0.878812
4.245	-0.879936
4.248	-0.881051
4.251	-0.882156
4.254	-0.883253
4.257	-0.88434
4.26	-0.885419
4.263	-0.886489
4.266	-0.88755
4.269	-0.888603
4.272	-0.889647
4.275	-0.890684
4.278	-0.891712
4.281	-0.892732
4.284	-0.893745
4.287	-0.89475
4.29	-0.895748
4.293	-0.896738
4.296	-0.89772
4.299	-0.898696
4.302	-0.899664
4.305	-0.900626
4.308	-0.901581
4.311	-0.902529
4.314	-0.90347
4.317	-0.904405
4.32	-0.905333
4.323	-0.906256
4.326	-0.907171
4.329	-0.908081
4.332	-0.908985
4.335	-0.909883
4.338	-0.910775
4.341	-0.911661
4.344	-0.912542
4.347	-0.913416
4.35	-0.914286
4.353	-0.91515
4.356	-0.916008
4.359	-0.916861
4.362	-0.917709
4.365	-0.918552
4.368	-0.919389
4.371	-0.920222
4.374	-0.921049
4.377	-0.921871
4.38	-0.922689
4.383	-0.923501
4.386	-0.924308
4.389	-0.925111
4.392	-0.925909
4.395	-0.926702
4.398	-0.92749
4.401	-0.928274
4.404	-0.929052
4.407	-0.929826
4.41	-0.930596
4.413	-0.93136
4.416	-0.93212
4.419	-0.932875
4.422	-0.933625
4.425	-0.934371
4.428	-0.935112
4.431	-0.935848
4.434	-0.936579
4.437	-0.937305
4.44	-0.938027
4.443	-0.938744
4.446	-0.939455
4.449	-0.940162
4.452	-0.940864
4.455	-0.941561
4.458	-0.942253
4.461	-0.942939
4.464	-0.943621
4.467	-0.944297
4.47	-0.944968
4.473	-0.945634
4.476	-0.946294
4.479	-0.946949
4.482	-0.947598
4.485	-0.948241
4.488	-0.948879
4.491	-0.949511
4.494	-0.950138
4.497	-0.950758
4.5	-0.951372
4.503	-0.95198
4.506	-0.952582
4.509	-0.953178
4.512	-0.953767
4.515	-0.95435
4.518	-0.954926
4.521	-0.955496
4.524	-0.956059
4.527	-0.956615
4.53	-0.957164
4.533	-0.957706
4.536	-0.95824
4.539	-0.958768
4.542	-0.959288
4.545	-0.9598
4.548	-0.960305
4.551	-0.960803
4.554	-0.961292
4.557	-0.961774
4.56	-0.962247
4.563	-0.962713
4.566	-0.96317
4.569	-0.963619
4.572	-0.964059
4.575	-0.964491
4.578	-0.964915
4.581	-0.965329
4.584	-0.965735
4.587	-0.966132
4.59	-0.96652
4.593	-0.966899
4.596	-0.967268
4.599	-0.967629
4.602	-0.967979
4.605	-0.968321
4.608	-0.968653
4.611	-0.968975
4.614	-0.969288
4.617	-0.969591
4.62	-0.969884
4.623	-0.970167
4.626	-0.97044
4.629	-0.970703
4.632	-0.970956
4.635	-0.971199
4.638	-0.971432
4.641	-0.971655
4.644	-0.971867
4.647	-0.972069
4.65	-0.972261
4.653	-0.972442
4.656	-0.972613
4.659	-0.972774
4.662	-0.972924
4.665	-0.973063
4.668	-0.973193
4.671	-0.973311
4.674	-0.973419
4.677	-0.973517
4.68	-0.973604
4.683	-0.973681
4.686	-0.973748
4.689	-0.973804
4.692	-0.973849
4.695	-0.973884
4.698	-0.973909
4.701	-0.973924
4.704	-0.973928
4.707	-0.973922
4.71	-0.973906
4.713	-0.97388
4.716	-0.973843
4.719	-0.973797
4.722	-0.97374
4.725	-0.973674
4.728	-0.973597
4.731	-0.973511
4.734	-0.973415
4.737	-0.97331
4.74	-0.973195
4.743	-0.97307
4.746	-0.972936
4.749	-0.972792
4.752	-0.97264
4.755	-0.972478
4.758	-0.972307
4.761	-0.972126
4.764	-0.971937
4.767	-0.971739
4.77	-0.971533
4.773	-0.971317
4.776	-0.971094
4.779	-0.970861
4.782	-0.97062
4.785	-0.970371
4.788	-0.970114
4.791	-0.969848
4.794	-0.969575
4.797	-0.969293
4.8	-0.969004
4.803	-0.968707
4.806	-0.968403
4.809	-0.96809
4.812	-0.967771
4.815	-0.967444
4.818	-0.96711
4.821	-0.966768
4.824	-0.966419
4.827	-0.966064
4.83	-0.965701
4.833	-0.965332
4.836	-0.964956
4.839	-0.964573
4.842	-0.964184
4.845	-0.963788
4.848	-0.963385
4.851	-0.962976
4.854	-0.962561
4.857	-0.96214
4.86	-0.961712
4.863	-0.961278
4.866	-0.960839
4.869	-0.960393
4.872	-0.959941
4.875	-0.959484
4.878	-0.95902
4.881	-0.958551
4.884	-0.958076
4.887	-0.957595
4.89	-0.957109
4.893	-0.956617
4.896	-0.956119
4.899	-0.955616
4.902	-0.955108
4.905	-0.954593
4.908	-0.954074
4.911	-0.953548
4.914	-0.953018
4.917	-0.952482
4.92	-0.95194
4.923	-0.951393
4.926	-0.950841
4.929	-0.950283
4.932	-0.94972
4.935	-0.949151
4.938	-0.948577
4.941	-0.947997
4.944	-0.947412
4.947	-0.946821
4.95	-0.946225
4.953	-0.945624
4.956	-0.945016
4.959	-0.944404
4.962	-0.943785
4.965	-0.943161
4.968	-0.942531
4.971	-0.941895
4.974	-0.941254
4.977	-0.940606
4.98	-0.939953
4.983	-0.939294
4.986	-0.938628
4.989	-0.937957
4.992	-0.93728
4.995	-0.936596
4.998	-0.935906
5.001	-0.935209
5.004	-0.934506
5.007	-0.933797
5.01	-0.933081
5.013	-0.932358
5.016	-0.931629
5.019	-0.930893
5.022	-0.930149
5.025	-0.929399
5.028	-0.928642
5.031	-0.927877
5.034	-0.927105
5.037	-0.926326
5.04	-0.925539
5.043	-0.924744
5.046	-0.923942
5.049	-0.923131
5.052	-0.922313
5.055	-0.921487
5.058	-0.920653
5.061	-0.91981
5.064	-0.918959
5.067	-0.918099
5.07	-0.91723
5.073	-0.916353
5.076	-0.915467
5.079	-0.914572
5.082	-0.913668
5.085	-0.912754
5.088	-0.911831
5.091	-0.910899
5.094	-0.909956
5.097	-0.909004
5.1	-0.908042
5.103	-0.90707
5.106	-0.906088
5.109	-0.905096
5.112	-0.904093
5.115	-0.90308
5.118	-0.902055
5.121	-0.901021
5.124	-0.899975
5.127	-0.898918
5.13	-0.89785
5.133	-0.89677
5.136	-0.895679
5.139	-0.894577
5.142	-0.893463
5.145	-0.892337
5.148	-0.891199
5.151	-0.890049
5.154	-0.888888
5.157	-0.887713
5.16	-0.886527
5.163	-0.885328
5.166	-0.884116
5.169	-0.882892
5.172	-0.881655
5.175	-0.880405
5.178	-0.879143
5.181	-0.877867
5.184	-0.876578
5.187	-0.875276
5.19	-0.873961
5.193	-0.872632
5.196	-0.87129
5.199	-0.869935
5.202	-0.868566
5.205	-0.867183
5.208	-0.865787
5.211	-0.864377
5.214	-0.862953
5.217	-0.861516
5.22	-0.860065
5.223	-0.8586
5.226	-0.857122
5.229	-0.855629
5.232	-0.854123
5.235	-0.852603
5.238	-0.851069
5.241	-0.849521
5.244	-0.84796
5.247	-0.846384
5.25	-0.844795
5.253	-0.843193
5.256	-0.841577
5.259	-0.839947
5.262	-0.838303
5.265	-0.836646
5.268	-0.834976
5.271	-0.833292
5.274	-0.831596
5.277	-0.829886
5.28	-0.828163
5.283	-0.826427
5.286	-0.824678
5.289	-0.822916
5.292	-0.821142
5.295	-0.819356
5.298	-0.817557
5.301	-0.815746
5.304	-0.813923
5.307	-0.812088
5.31	-0.810242
5.313	-0.808384
5.316	-0.806514
5.319	-0.804633
5.322	-0.802742
5.325	-0.80084
5.328	-0.798927
5.331	-0.797003
5.334	-0.79507
5.337	-0.793126
5.34	-0.791173
5.343	-0.78921
5.346	-0.787238
5.349	-0.785257
5.352	-0.783267
5.355	-0.781268
5.358	-0.779261
5.361	-0.777246
5.364	-0.775224
5.367	-0.773193
5.37	-0.771155
5.373	-0.76911
5.376	-0.767059
5.379	-0.765
5.382	-0.762936
5.385	-0.760865
5.388	-0.758788
5.391	-0.756706
5.394	-0.754619
5.397	-0.752527
5.4	-0.75043
5.403	-0.748328
5.406	-0.746222
5.409	-0.744113
5.412	-0.741999
5.415	-0.739883
5.418	-0.737763
5.421	-0.73564
5.424	-0.733514
5.427	-0.731387
5.43	-0.729257
5.433	-0.727125
5.436	-0.724991
5.439	-0.722856
5.442	-0.72072
5.445	-0.718583
5.448	-0.716445
5.451	-0.714307
5.454	-0.712169
5.457	-0.71003
5.46	-0.707892
5.463	-0.705754
5.466	-0.703617
5.469	-0.701481
5.472	-0.699345
5.475	-0.697211
5.478	-0.695078
5.481	-0.692947
5.484	-0.690817
5.487	-0.688689
5.49	-0.686564
5.493	-0.684441
5.496	-0.68232
5.499	-0.680201
5.502	-0.678085
5.505	-0.675973
5.508	-0.673863
5.511	-0.671756
5.514	-0.669652
5.517	-0.667552
5.52	-0.665455
5.523	-0.663361
5.526	-0.661272
5.529	-0.659186
5.532	-0.657103
5.535	-0.655025
5.538	-0.652951
5.541	-0.65088
5.544	-0.648814
5.547	-0.646752
5.55	-0.644694
5.553	-0.64264
5.556	-0.640591
5.559	-0.638546
5.562	-0.636505
5.565	-0.634469
5.568	-0.632437
5.571	-0.63041
5.574	-0.628387
5.577	-0.626368
5.58	-0.624354
5.583	-0.622345
5.586	-0.620339
5.589	-0.618339
5.592	-0.616343
5.595	-0.614351
5.598	-0.612364
5.601	-0.610381
5.604	-0.608402
5.607	-0.606428
5.61	-0.604458
5.613	-0.602493
5.616	-0.600531
5.619	-0.598574
5.622	-0.596621
5.625	-0.594672
5.628	-0.592728
5.631	-0.590787
5.634	-0.58885
5.637	-0.586917
5.64	-0.584988
5.643	-0.583063
5.646	-0.581142
5.649	-0.579224
5.652	-0.57731
5.655	-0.5754
5.658	-0.573493
5.661	-0.57159
5.664	-0.56969
5.667	-0.567793
5.67	-0.5659
5.673	-0.56401
5.676	-0.562123
5.679	-0.560239
5.682	-0.558359
5.685	-0.556481
5.688	-0.554606
5.691	-0.552734
5.694	-0.550865
5.697	-0.548998
5.7	-0.547135
5.703	-0.545274
5.706	-0.543415
5.709	-0.541559
5.712	-0.539706
5.715	-0.537855
5.718	-0.536006
5.721	-0.53416
5.724	-0.532316
5.727	-0.530474
5.73	-0.528634
5.733	-0.526797
5.736	-0.524962
5.739	-0.523129
5.742	-0.521298
5.745	-0.519469
5.748	-0.517642
5.751	-0.515817
5.754	-0.513994
5.757	-0.512173
5.76	-0.510354
5.763	-0.508537
5.766	-0.506722
5.769	-0.504909
5.772	-0.503098
5.775	-0.501289
5.778	-0.499482
5.781	-0.497677
5.784	-0.495874
5.787	-0.494073
5.79	-0.492274
5.793	-0.490477
5.796	-0.488682
5.799	-0.486889
5.802	-0.485098
5.805	-0.48331
5.808	-0.481524
5.811	-0.47974
5.814	-0.477958
5.817	-0.476179
5.82	-0.474402
5.823	-0.472628
5.826	-0.470857
5.829	-0.469088
5.832	-0.467322
5.835	-0.465558
5.838	-0.463798
5.841	-0.462041
5.844	-0.460286
5.847	-0.458535
5.85	-0.456787
5.853	-0.455043
5.856	-0.453301
5.859	-0.451564
5.862	-0.44983
5.865	-0.4481
5.868	-0.446374
5.871	-0.444652
5.874	-0.442934
5.877	-0.44122
5.88	-0.439511
5.883	-0.437806
5.886	-0.436106
5.889	-0.434411
5.892	-0.43272
5.895	-0.431035
5.898	-0.429355
5.901	-0.42768
5.904	-0.426011
5.907	-0.424347
5.91	-0.422689
5.913	-0.421037
5.916	-0.419391
5.919	-0.417751
5.922	-0.416118
5.925	-0.414491
5.928	-0.412871
5.931	-0.411258
5.934	-0.409652
5.937	-0.408053
5.94	-0.406461
5.943	-0.404877
5.946	-0.4033
5.949	-0.401731
5.952	-0.40017
5.955	-0.398617
5.958	-0.397072
5.961	-0.395536
5.964	-0.394008
5.967	-0.392489
5.97	-0.390978
5.973	-0.389477
5.976	-0.387985
5.979	-0.386502
5.982	-0.385028
5.985	-0.383564
5.988	-0.38211
5.991	-0.380665
5.994	-0.379231
5.997	-0.377806
