 Location  Dispersion    Centroids   Volume
0.00410887   0.211459   -0.00376981   1.00078
0.317366   0.206329   0.313037   0.998439
0.626203   0.210877   0.594128   1.0003
0.944205   0.211319   0.819145   1.00011
1.25756   0.209078   0.962118   1.00022
1.57812   0.209219   1.0086   1.00023
1.89099   0.208019   0.970388   1.00058
2.21527   0.202147   0.812772   1.00028
2.53672   0.21243   0.563873   0.999515
2.82918   0.2126   0.297692   0.998105
3.18772   0.222501   -0.0191269   1.01003
3.48435   0.157143   -0.513512   0.996367
3.93   0.00197769   0.890416   1.00437
4.14347   0.077393   -0.792188   0.987972
4.41306   0.177015   -0.944907   1.00265
4.73426   0.20846   -1.01096   1.0003
5.0485   0.209431   -0.953788   1.00019
5.36676   0.209794   -0.803632   0.999998
5.67756   0.209361   -0.573322   0.999599
5.99262   0.209684   -0.284292   1.00004
