 Location  Dispersion    Centroids   Volume
0.000546749   0.0121125   -0.0110932   1.00039
0.0301025   0.0113052   0.0190478   1.00014
0.0602091   0.0107702   0.0536801   1.00008
0.0901033   0.0102478   0.0831868   1
0.120124   0.010234   0.114599   1.00001
0.150103   0.0100306   0.14306   0.999989
0.180134   0.0100561   0.174452   0.999996
0.210133   0.0098017   0.204806   0.999961
0.239992   0.00950439   0.233619   0.999912
0.269996   0.00973072   0.26385   0.999954
0.300059   0.00991008   0.292274   0.999979
0.330013   0.00953467   0.321452   0.999923
0.360007   0.00982692   0.349866   0.999962
0.390079   0.00983845   0.37809   0.999971
0.420071   0.00946506   0.407983   0.999917
0.450004   0.00949379   0.433116   0.999928
0.480029   0.00963315   0.46033   0.999955
0.510063   0.00956975   0.487829   0.999941
0.54003   0.00933393   0.514323   0.999902
0.569961   0.00942528   0.540846   0.999912
0.599928   0.0096106   0.564101   0.999941
0.62993   0.00962584   0.589443   0.999947
0.659955   0.00985725   0.615337   0.999976
0.689979   0.00975279   0.63793   0.99996
0.720001   0.00980863   0.663334   0.999961
0.755992   0.00984276   0.686225   0.999972
0.785997   0.0095778   0.709927   0.999932
0.815938   0.00991894   0.731355   0.999987
0.845992   0.00983506   0.75069   0.999964
0.875958   0.00981757   0.770164   0.999974
0.905956   0.00983828   0.790267   0.999978
0.935954   0.0100211   0.808905   0.999999
0.965997   0.00990063   0.826505   0.999982
0.995986   0.00996233   0.843717   0.99999
1.02597   0.00995125   0.859327   0.999992
1.05599   0.00999624   0.874415   0.999991
1.08595   0.010122   0.888852   1.00001
1.11595   0.0101441   0.903314   1.00001
1.14593   0.0102556   0.916094   1.00003
1.17595   0.0102565   0.927754   1.00003
1.20598   0.0103488   0.939753   1.00003
1.23596   0.0103828   0.94959   1.00004
1.26595   0.0103784   0.959476   1.00005
1.29603   0.0103308   0.969723   1.00004
1.326   0.0102947   0.975412   1.00003
1.35598   0.0103388   0.981741   1.00004
1.386   0.0104507   0.988325   1.00005
1.41602   0.0104816   0.993703   1.00005
1.44597   0.0105294   0.998968   1.00007
1.47602   0.0105229   1.00122   1.00006
1.50598   0.0105894   1.00448   1.00007
1.53603   0.0105708   1.00586   1.00007
1.56603   0.0106642   1.00649   1.00007
1.59596   0.0106861   1.00696   1.00008
1.62597   0.0105632   1.00558   1.00007
1.65606   0.010669   1.00347   1.00008
1.686   0.0107041   1.00016   1.00008
1.71601   0.010639   0.995689   1.00007
1.74605   0.0106175   0.991465   1.00008
1.77605   0.0106918   0.986392   1.00008
1.80605   0.0106182   0.97915   1.00007
1.83602   0.0105433   0.972531   1.00006
1.86606   0.0105505   0.963665   1.00006
1.89608   0.0105641   0.9537   1.00006
1.92603   0.0104699   0.944193   1.00005
1.95607   0.0104409   0.933796   1.00006
1.98604   0.0104321   0.919666   1.00004
2.01613   0.0106098   0.909012   1.00008
2.04607   0.0105066   0.895376   1.00005
2.07605   0.010446   0.881342   1.00004
2.10608   0.0103828   0.865407   1.00004
2.13606   0.0102708   0.850409   1.00003
2.16599   0.0101   0.833501   1
2.19605   0.0102502   0.816415   1.00003
2.22616   0.0105554   0.798284   1.00006
2.262   0.0100382   0.776498   0.999982
2.29199   0.0100554   0.757218   0.999994
2.3221   0.0102584   0.734971   1.00003
2.35202   0.00994125   0.715983   0.999977
2.38206   0.010146   0.694049   1.00001
2.41202   0.00999331   0.671129   0.999979
2.44212   0.0102322   0.647792   1.00002
2.47202   0.00980093   0.625061   0.999947
2.50206   0.00996596   0.601561   0.99999
2.53208   0.00992532   0.574253   0.999978
2.56203   0.00986962   0.551206   0.999959
2.59204   0.00986324   0.526995   0.999969
2.62205   0.00979316   0.500291   0.999963
2.65207   0.00985315   0.472637   0.999971
2.68208   0.00978479   0.444589   0.999953
2.71204   0.00965937   0.419584   0.999942
2.74205   0.0097368   0.390199   0.999955
2.77207   0.00982449   0.364131   0.999961
2.80208   0.00952002   0.334967   0.999926
2.83201   0.00942867   0.306318   0.999917
2.86204   0.00977332   0.278328   0.999964
2.89207   0.00945894   0.246505   0.999918
2.92203   0.00947108   0.219298   0.999926
2.95201   0.00951571   0.190036   0.999926
2.98203   0.00957468   0.159481   0.999941
3.01204   0.0095446   0.129528   0.999926
3.04202   0.00941381   0.0996537   0.999908
3.07198   0.00938775   0.0707583   0.999917
3.10195   0.00949052   0.0390379   0.999927
3.13198   0.00972022   0.00916481   0.999951
3.16202   0.00958437   -0.0208786   0.999938
3.19202   0.00960098   -0.0503214   0.999934
3.22202   0.00943676   -0.0812674   0.999899
3.25196   0.0095378   -0.111004   0.999931
3.28199   0.00966828   -0.140591   0.999955
3.31201   0.00952796   -0.170619   0.999919
3.34199   0.00959753   -0.200741   0.999929
3.37201   0.00966695   -0.229967   0.999951
3.40201   0.0094013   -0.258211   0.999912
3.43196   0.00949287   -0.289021   0.999929
3.46194   0.00963563   -0.315714   0.999939
3.49194   0.00974373   -0.345135   0.999959
3.52197   0.00978245   -0.373559   0.999964
3.55201   0.00968583   -0.402209   0.999948
3.582   0.00965882   -0.428937   0.999944
3.612   0.00970166   -0.456301   0.999942
3.64195   0.0097233   -0.482696   0.999957
3.67195   0.00971409   -0.508471   0.999959
3.70196   0.00974849   -0.535449   0.999964
3.732   0.00976165   -0.562754   0.999954
3.7679   0.0100207   -0.588357   0.99999
3.79795   0.00995032   -0.613633   0.999983
3.82793   0.00982319   -0.637349   0.999965
3.85791   0.0100588   -0.661832   1
3.88793   0.0100323   -0.683724   1
3.91795   0.00994611   -0.704491   0.999989
3.94798   0.0100504   -0.727215   0.999993
3.97794   0.0101268   -0.745765   1.00001
4.00798   0.010105   -0.767743   1.00001
4.038   0.0100161   -0.784974   0.999988
4.06799   0.0101948   -0.805727   1.00001
4.0979   0.0103186   -0.821841   1.00003
4.12792   0.010251   -0.838726   1.00003
4.15793   0.0103305   -0.856374   1.00004
4.18797   0.0102365   -0.87108   1.00001
4.21787   0.0104688   -0.886387   1.00005
4.24791   0.010488   -0.89978   1.00006
4.27794   0.0104979   -0.913285   1.00006
4.30793   0.0104906   -0.923829   1.00005
4.33795   0.0104146   -0.936453   1.00005
4.36793   0.010611   -0.94981   1.00007
4.39793   0.0105606   -0.958692   1.00007
4.428   0.0104381   -0.966131   1.00005
4.45799   0.010452   -0.973553   1.00005
4.48795   0.0104114   -0.981458   1.00006
4.51801   0.0103655   -0.987655   1.00005
4.54794   0.010525   -0.99377   1.00007
4.57801   0.0104053   -0.996564   1.00005
4.60802   0.0104106   -1.00256   1.00005
4.63803   0.0103853   -1.00177   1.00004
4.66804   0.0105473   -1.00496   1.00006
4.69808   0.0107601   -1.00793   1.00009
4.72797   0.0105629   -1.0056   1.00006
4.75801   0.0105281   -1.00558   1.00006
4.78808   0.0104924   -1.0042   1.00006
4.81807   0.0104845   -0.998847   1.00005
4.84802   0.0105379   -0.997134   1.00006
4.878   0.0104159   -0.992866   1.00005
4.908   0.0103051   -0.985528   1.00003
4.93804   0.0103745   -0.981326   1.00005
4.96804   0.0102698   -0.971928   1.00003
4.998   0.0102021   -0.964128   1.00002
5.02803   0.0102543   -0.956362   1.00003
5.05807   0.010276   -0.944752   1.00003
5.08799   0.0101304   -0.935394   1.00001
5.11803   0.0100679   -0.922358   1
5.14809   0.0101884   -0.912727   1.00003
5.178   0.00987591   -0.896973   0.999974
5.20803   0.0100604   -0.88374   1
5.23805   0.0101529   -0.869256   1.00001
5.27404   0.00999656   -0.850252   0.999988
5.30402   0.00981617   -0.833909   0.999972
5.33402   0.00977296   -0.815527   0.999969
5.36403   0.00989268   -0.797307   0.999983
5.39401   0.00975997   -0.779288   0.999959
5.42402   0.00977962   -0.75839   0.999967
5.45399   0.00967494   -0.739482   0.999951
5.48402   0.00985989   -0.717816   0.999978
5.51404   0.00968632   -0.695237   0.999954
5.54402   0.00971659   -0.674171   0.999948
5.57404   0.00970502   -0.652314   0.999957
5.60404   0.00949175   -0.627687   0.999935
5.63399   0.00940533   -0.60418   0.999918
5.66394   0.00961685   -0.581101   0.999945
5.69397   0.00970342   -0.554009   0.999959
5.72398   0.00962596   -0.528101   0.999939
5.75397   0.00978438   -0.502714   0.999954
5.78396   0.00964371   -0.475078   0.999939
5.81393   0.00995586   -0.449455   0.999988
5.84398   0.00979042   -0.421973   0.999959
5.87393   0.00990521   -0.394313   0.99997
5.90391   0.0102425   -0.364817   1.00002
5.93396   0.0100666   -0.337013   0.999985
5.96392   0.0109905   -0.303234   1.0001
5.99362   0.0116342   -0.27424   1.00027
