 Location  Dispersion    Centroids   Volume
0.00207965   0.284007   -0.0091048   1.00055
0.427042   0.28368   0.420507   0.998407
0.850255   0.287465   0.767665   1.00001
1.28009   0.284677   0.978371   1.00084
1.71251   0.285225   1.00952   1.00111
2.14838   0.285421   0.857691   1.00018
2.57473   0.288518   0.549659   0.999606
3.00081   0.28963   0.144432   0.999082
3.423   0.288459   -0.284925   0.999489
3.84613   0.287278   -0.664031   0.999566
4.2779   0.285913   -0.925844   1.0006
4.70999   0.284581   -1.02065   1.00113
5.14242   0.286136   -0.927157   1.00064
5.57011   0.282561   -0.667463   0.99885
5.99372   0.282568   -0.279021   0.999937
