 Location  Dispersion    Centroids   Volume
0.0127152   0.200529   -0.117249   1.10684
0.430112   0.148358   0.38371   0.951338
0.863736   0.168495   0.780084   1.01093
1.28922   0.216293   1.07963   1.11606
1.72438   0.273732   1.20486   1.22692
2.15081   0.299985   1.08726   1.26879
2.60237   0.356603   0.645016   1.42935
3.06887   0.403471   -0.116805   1.65895
3.53666   0.14361   -0.853979   1.42687
3.29693   -2.15365e-157   0.389585   2.30377
4.25978   -0.104289   -1.37919   0.880759
4.69041   0.169884   -1.29348   1.04709
5.13507   0.182306   -1.07904   1.04943
5.56687   0.150136   -0.712727   0.959718
5.99201   0.167051   -0.268552   1.03471
