 Location  Dispersion    Centroids   Volume
0.00637977   0.132288   -0.0447465   1.0352
0.319995   0.0990806   0.300885   0.965325
0.631078   0.10173   0.59872   0.977994
0.949287   0.112888   0.846121   0.997635
1.2616   0.125301   1.01565   1.01656
1.57926   0.132237   1.07859   1.02677
1.89206   0.132082   1.02305   1.02467
2.20999   0.125105   0.856974   1.0102
2.52795   0.113173   0.605718   0.9901
2.84005   0.104572   0.303948   0.976087
3.15806   0.100644   -0.0200659   0.970388
3.46988   0.103387   -0.34076   0.974667
3.7875   0.111999   -0.63664   0.988404
4.10464   0.122927   -0.87657   1.00877
4.41698   0.129514   -1.03126   1.02096
4.7343   0.130438   -1.07397   1.02453
5.0471   0.123741   -0.997286   1.01546
5.36512   0.108372   -0.81253   0.991421
5.6774   0.0919255   -0.55821   0.963858
5.99114   0.118584   -0.253939   1.01606
