 Location  Dispersion    Centroids   Volume
-0.000716365   0.249716   0.00531871   0.999663
0.250838   0.251746   0.331443   1.0006
0.497135   0.247773   0.522763   0.999275
0.747225   0.250214   0.697409   1.00013
0.999844   0.25059   0.896637   1.00021
1.24739   0.250094   0.966322   1.00002
1.49941   0.250353   1.05973   1.00011
1.74606   0.249871   1.02848   1
1.99967   0.250963   0.978697   1.0003
2.25157   0.249736   0.790473   0.999876
2.49755   0.249851   0.667455   0.999916
2.74807   0.249824   0.414276   0.999891
3.00015   0.250058   0.231086   0.999876
3.24597   0.251437   -0.0811512   1.00039
3.49908   0.249164   -0.309861   0.999744
3.74508   0.250491   -0.51609   1.00021
3.99674   0.2494   -0.716887   0.999777
4.24757   0.249544   -0.830245   0.999878
4.49386   0.250452   -0.923617   1.00018
4.74606   0.249884   -0.981707   0.999896
4.99775   0.250171   -0.906277   1.00009
5.24495   0.250076   -0.804943   1.00009
5.49584   0.249135   -0.634325   0.999799
5.73945   0.248093   -0.501247   0.999414
5.99144   0.251336   -0.257289   1.00065
