 Location  Dispersion    Centroids   Volume
0.00512507   0.104525   -0.0450057   1.02232
0.252969   0.0814816   0.231855   0.98286
0.498374   0.0804826   0.478865   0.987328
0.750574   0.0829336   0.697082   0.991898
1.00246   0.0899066   0.87402   1.00124
1.24894   0.0959467   0.997911   1.00807
1.50051   0.100216   1.05659   1.01318
1.74734   0.101405   1.04522   1.014
1.99919   0.0997694   0.964525   1.01052
2.25109   0.0944042   0.820015   1.00321
2.49738   0.0895751   0.625952   0.99692
2.74924   0.0836772   0.395482   0.988869
3.00111   0.0804171   0.144337   0.985393
3.24702   0.0797802   -0.112799   0.984733
3.49879   0.0823279   -0.363684   0.988145
3.74473   0.0865325   -0.595609   0.993347
3.99649   0.0924805   -0.795022   1.0009
4.24802   0.0973845   -0.945631   1.00854
4.49459   0.0995444   -1.03551   1.0117
4.74638   0.0999314   -1.05715   1.01266
4.99825   0.0953304   -1.00575   1.00777
5.24464   0.0891407   -0.888301   1.00089
5.49706   0.0816409   -0.714273   0.991485
5.7432   0.0749385   -0.500189   0.980511
5.99116   0.0952643   -0.253685   1.01186
