 x  	 F(x)  
0	0.0114216
0.003	0.0126137
0.006	0.0139172
0.009	0.0153392
0.012	0.0168865
0.015	0.0185654
0.018	0.0203816
0.021	0.02234
0.024	0.0244444
0.027	0.0266971
0.03	0.0290988
0.033	0.0316487
0.036	0.0343436
0.039	0.0371783
0.042	0.0401451
0.045	0.0432343
0.048	0.0464338
0.051	0.0497292
0.054	0.0531046
0.057	0.0565423
0.06	0.0600237
0.063	0.0635294
0.066	0.0670402
0.069	0.0705371
0.072	0.0740022
0.075	0.0774191
0.078	0.0807732
0.081	0.0840523
0.084	0.0872466
0.087	0.0903489
0.09	0.0933548
0.093	0.0962626
0.096	0.0990732
0.099	0.10179
0.102	0.104418
0.105	0.106966
0.108	0.109442
0.111	0.111857
0.114	0.114224
0.117	0.116556
0.12	0.118866
0.123	0.121168
0.126	0.123478
0.129	0.12581
0.132	0.128177
0.135	0.130594
0.138	0.133073
0.141	0.135627
0.144	0.138267
0.147	0.141001
0.15	0.143837
0.153	0.14678
0.156	0.149833
0.159	0.152997
0.162	0.156269
0.165	0.159645
0.168	0.163116
0.171	0.166672
0.174	0.1703
0.177	0.173986
0.18	0.177713
0.183	0.181462
0.186	0.185216
0.189	0.188955
0.192	0.19266
0.195	0.196314
0.198	0.199902
0.201	0.20341
0.204	0.206825
0.207	0.210138
0.21	0.213344
0.213	0.216439
0.216	0.219421
0.219	0.222293
0.222	0.225058
0.225	0.227723
0.228	0.230296
0.231	0.232786
0.234	0.235206
0.237	0.237568
0.24	0.239884
0.243	0.242168
0.246	0.244436
0.249	0.2467
0.252	0.248975
0.255	0.251275
0.258	0.253612
0.261	0.256
0.264	0.258449
0.267	0.260969
0.27	0.263569
0.273	0.266254
0.276	0.269031
0.279	0.2719
0.282	0.274863
0.285	0.277917
0.288	0.281057
0.291	0.284276
0.294	0.287565
0.297	0.290913
0.3	0.294306
0.303	0.29773
0.306	0.301169
0.309	0.304607
0.312	0.308029
0.315	0.311417
0.318	0.314759
0.321	0.31804
0.324	0.321249
0.327	0.324376
0.33	0.327414
0.333	0.330358
0.336	0.333205
0.339	0.335955
0.342	0.338611
0.345	0.341175
0.348	0.343654
0.351	0.346055
0.354	0.348389
0.357	0.350665
0.36	0.352894
0.363	0.35509
0.366	0.357264
0.369	0.359431
0.372	0.361604
0.375	0.363797
0.378	0.366022
0.381	0.368292
0.384	0.370619
0.387	0.373015
0.39	0.375489
0.393	0.378048
0.396	0.380701
0.399	0.383451
0.402	0.3863
0.405	0.389248
0.408	0.392293
0.411	0.39543
0.414	0.398651
0.417	0.401945
0.42	0.405301
0.423	0.408704
0.426	0.412137
0.429	0.415585
0.432	0.419029
0.435	0.422453
0.438	0.425839
0.441	0.429171
0.444	0.432436
0.447	0.435621
0.45	0.438716
0.453	0.441713
0.456	0.444607
0.459	0.447396
0.462	0.45008
0.465	0.452661
0.468	0.455143
0.471	0.457534
0.474	0.45984
0.477	0.462072
0.48	0.464241
0.483	0.466358
0.486	0.468435
0.489	0.470486
0.492	0.472522
0.495	0.474559
0.498	0.476607
0.501	0.47868
0.504	0.480789
0.507	0.482946
0.51	0.485161
0.513	0.487441
0.516	0.489795
0.519	0.492227
0.522	0.494743
0.525	0.497343
0.528	0.500028
0.531	0.502794
0.534	0.505638
0.537	0.508553
0.54	0.511529
0.543	0.514557
0.546	0.517625
0.549	0.520718
0.552	0.523824
0.555	0.526927
0.558	0.530014
0.561	0.533071
0.564	0.536085
0.567	0.539044
0.57	0.541938
0.573	0.54476
0.576	0.547503
0.579	0.550163
0.582	0.552738
0.585	0.555229
0.588	0.557636
0.591	0.559966
0.594	0.562222
0.597	0.564411
0.6	0.566543
0.603	0.568626
0.606	0.57067
0.609	0.572686
0.612	0.574685
0.615	0.576678
0.618	0.578677
0.621	0.580691
0.624	0.582732
0.627	0.584809
0.63	0.586931
0.633	0.589107
0.636	0.591343
0.639	0.593644
0.642	0.596014
0.645	0.598455
0.648	0.600966
0.651	0.603546
0.654	0.60619
0.657	0.608893
0.66	0.611647
0.663	0.614442
0.666	0.617268
0.669	0.620112
0.672	0.622962
0.675	0.625804
0.678	0.628625
0.681	0.631413
0.684	0.634156
0.687	0.636843
0.69	0.639464
0.693	0.642013
0.696	0.644483
0.699	0.64687
0.702	0.649173
0.705	0.651391
0.708	0.653527
0.711	0.655583
0.714	0.657565
0.717	0.65948
0.72	0.661334
0.723	0.663137
0.726	0.664899
0.729	0.666628
0.732	0.668337
0.735	0.670035
0.738	0.671734
0.741	0.673445
0.744	0.675179
0.747	0.676945
0.75	0.678754
0.753	0.680615
0.756	0.682536
0.759	0.684522
0.762	0.68658
0.765	0.688714
0.768	0.690924
0.771	0.693211
0.774	0.695573
0.777	0.698006
0.78	0.700503
0.783	0.703057
0.786	0.705656
0.789	0.70829
0.792	0.710946
0.795	0.713611
0.798	0.71627
0.801	0.718909
0.804	0.721516
0.807	0.724078
0.81	0.726583
0.813	0.729022
0.816	0.731388
0.819	0.733674
0.822	0.735877
0.825	0.737994
0.828	0.740026
0.831	0.741975
0.834	0.743844
0.837	0.745638
0.84	0.747365
0.843	0.74903
0.846	0.750642
0.849	0.752211
0.852	0.753745
0.855	0.755254
0.858	0.756748
0.861	0.758238
0.864	0.759732
0.867	0.761239
0.87	0.76277
0.873	0.764331
0.876	0.765931
0.879	0.767576
0.882	0.769271
0.885	0.771022
0.888	0.77283
0.891	0.774697
0.894	0.776623
0.897	0.778608
0.9	0.780646
0.903	0.782735
0.906	0.784866
0.909	0.787034
0.912	0.789229
0.915	0.791441
0.918	0.793661
0.921	0.795877
0.924	0.79808
0.927	0.80026
0.93	0.802406
0.933	0.80451
0.936	0.806566
0.939	0.808567
0.942	0.810509
0.945	0.812387
0.948	0.814202
0.951	0.815952
0.954	0.81764
0.957	0.819268
0.96	0.820838
0.963	0.822358
0.966	0.823831
0.969	0.825265
0.972	0.826666
0.975	0.828043
0.978	0.829401
0.981	0.83075
0.984	0.832097
0.987	0.833449
0.99	0.834814
0.993	0.836199
0.996	0.837609
0.999	0.839051
1.002	0.840529
1.005	0.842047
1.008	0.843606
1.011	0.84521
1.014	0.846857
1.017	0.848547
1.02	0.850278
1.023	0.852045
1.026	0.853843
1.029	0.855667
1.032	0.857509
1.035	0.859361
1.038	0.861216
1.041	0.863064
1.044	0.864897
1.047	0.866706
1.05	0.868484
1.053	0.870224
1.056	0.871919
1.059	0.873565
1.062	0.875157
1.065	0.876693
1.068	0.878171
1.071	0.879591
1.074	0.880954
1.077	0.882262
1.08	0.883519
1.083	0.884727
1.086	0.885892
1.089	0.887019
1.092	0.888114
1.095	0.889183
1.098	0.890232
1.101	0.891269
1.104	0.8923
1.107	0.893332
1.11	0.894372
1.113	0.895425
1.116	0.896499
1.119	0.897598
1.122	0.898728
1.125	0.899893
1.128	0.901096
1.131	0.90234
1.134	0.903626
1.137	0.904954
1.14	0.906324
1.143	0.907733
1.146	0.909178
1.149	0.910654
1.152	0.912155
1.155	0.913676
1.158	0.915208
1.161	0.916743
1.164	0.918274
1.167	0.919792
1.17	0.921289
1.173	0.922759
1.176	0.924193
1.179	0.925587
1.182	0.926936
1.185	0.928235
1.188	0.929484
1.191	0.930679
1.194	0.931822
1.197	0.932912
1.2	0.933952
1.203	0.934944
1.206	0.935892
1.209	0.9368
1.212	0.937671
1.215	0.938511
1.218	0.939324
1.221	0.940116
1.224	0.940893
1.227	0.941658
1.23	0.942418
1.233	0.943177
1.236	0.943941
1.239	0.944713
1.242	0.945497
1.245	0.946297
1.248	0.947116
1.251	0.947957
1.254	0.948821
1.257	0.949709
1.26	0.950621
1.263	0.951557
1.266	0.952516
1.269	0.953495
1.272	0.954492
1.275	0.955504
1.278	0.956526
1.281	0.957553
1.284	0.958582
1.287	0.959607
1.29	0.960623
1.293	0.961625
1.296	0.962609
1.299	0.963571
1.302	0.964506
1.305	0.965411
1.308	0.966285
1.311	0.967125
1.314	0.967931
1.317	0.968701
1.32	0.969436
1.323	0.970137
1.326	0.970804
1.329	0.971441
1.332	0.972048
1.335	0.972629
1.338	0.973186
1.341	0.973723
1.344	0.974241
1.347	0.974746
1.35	0.975239
1.353	0.975725
1.356	0.976206
1.359	0.976686
1.362	0.977167
1.365	0.977652
1.368	0.978144
1.371	0.978645
1.374	0.979157
1.377	0.979681
1.38	0.980218
1.383	0.980768
1.386	0.981332
1.389	0.981908
1.392	0.982496
1.395	0.983094
1.398	0.9837
1.401	0.984312
1.404	0.984926
1.407	0.985539
1.41	0.986148
1.413	0.986751
1.416	0.987343
1.419	0.987922
1.422	0.988484
1.425	0.989029
1.428	0.989552
1.431	0.990054
1.434	0.990532
1.437	0.990987
1.44	0.991417
1.443	0.991823
1.446	0.992206
1.449	0.992566
1.452	0.992904
1.455	0.993221
1.458	0.99352
1.461	0.993801
1.464	0.994067
1.467	0.994318
1.47	0.994557
1.473	0.994785
1.476	0.995004
1.479	0.995216
1.482	0.995422
1.485	0.995624
1.488	0.995822
1.491	0.996018
1.494	0.996214
1.497	0.996409
1.5	0.996605
1.503	0.996801
1.506	0.997
1.509	0.997199
1.512	0.9974
1.515	0.997602
1.518	0.997805
1.521	0.998008
1.524	0.998211
1.527	0.998411
1.53	0.998609
1.533	0.998804
1.536	0.998993
1.539	0.999177
1.542	0.999354
1.545	0.999522
1.548	0.999682
1.551	0.999831
1.554	0.999969
1.557	1.0001
1.56	1.00021
1.563	1.00031
1.566	1.0004
1.569	1.00047
1.572	1.00053
1.575	1.00058
1.578	1.00061
1.581	1.00062
1.584	1.00062
1.587	1.0006
1.59	1.00057
1.593	1.00052
1.596	1.00046
1.599	1.00037
1.602	1.00028
1.605	1.00016
1.608	1.00003
1.611	0.999876
1.614	0.999709
1.617	0.999524
1.62	0.999323
1.623	0.999106
1.626	0.998872
1.629	0.998624
1.632	0.998362
1.635	0.998087
1.638	0.9978
1.641	0.997503
1.644	0.997198
1.647	0.996885
1.65	0.996568
1.653	0.996246
1.656	0.995923
1.659	0.9956
1.662	0.995277
1.665	0.994957
1.668	0.99464
1.671	0.994327
1.674	0.994019
1.677	0.993715
1.68	0.993417
1.683	0.993123
1.686	0.992833
1.689	0.992546
1.692	0.992261
1.695	0.991976
1.698	0.991691
1.701	0.991403
1.704	0.991111
1.707	0.990812
1.71	0.990504
1.713	0.990186
1.716	0.989855
1.719	0.989508
1.722	0.989144
1.725	0.988761
1.728	0.988355
1.731	0.987926
1.734	0.987472
1.737	0.986991
1.74	0.986483
1.743	0.985946
1.746	0.98538
1.749	0.984786
1.752	0.984164
1.755	0.983516
1.758	0.982844
1.761	0.98215
1.764	0.981437
1.767	0.980708
1.77	0.979968
1.773	0.979219
1.776	0.978466
1.779	0.977713
1.782	0.976964
1.785	0.976222
1.788	0.975491
1.791	0.974772
1.794	0.974069
1.797	0.973382
1.8	0.972712
1.803	0.97206
1.806	0.971425
1.809	0.970805
1.812	0.9702
1.815	0.969607
1.818	0.969023
1.821	0.968447
1.824	0.967873
1.827	0.9673
1.83	0.966723
1.833	0.966139
1.836	0.965543
1.839	0.964932
1.842	0.964302
1.845	0.963649
1.848	0.96297
1.851	0.962261
1.854	0.96152
1.857	0.960743
1.86	0.95993
1.863	0.959078
1.866	0.958186
1.869	0.957254
1.872	0.956283
1.875	0.955273
1.878	0.954228
1.881	0.953149
1.884	0.95204
1.887	0.950906
1.89	0.949751
1.893	0.948582
1.896	0.947402
1.899	0.946218
1.902	0.945037
1.905	0.943862
1.908	0.9427
1.911	0.941555
1.914	0.940432
1.917	0.939332
1.92	0.93826
1.923	0.937216
1.926	0.936201
1.929	0.935214
1.932	0.934255
1.935	0.933322
1.938	0.932412
1.941	0.931522
1.944	0.930648
1.947	0.929784
1.95	0.928928
1.953	0.928072
1.956	0.927212
1.959	0.926342
1.962	0.925456
1.965	0.924548
1.968	0.923612
1.971	0.922644
1.974	0.921637
1.977	0.920587
1.98	0.919489
1.983	0.91834
1.986	0.917136
1.989	0.915877
1.992	0.91456
1.995	0.913187
1.998	0.911758
2.001	0.910277
2.004	0.908747
2.007	0.907174
2.01	0.905564
2.013	0.903923
2.016	0.902261
2.019	0.900586
2.022	0.898907
2.025	0.897233
2.028	0.895572
2.031	0.893932
2.034	0.892321
2.037	0.890745
2.04	0.889209
2.043	0.887717
2.046	0.886271
2.049	0.884872
2.052	0.883521
2.055	0.882215
2.058	0.880952
2.061	0.879729
2.064	0.878541
2.067	0.877382
2.07	0.876248
2.073	0.87513
2.076	0.874023
2.079	0.872919
2.082	0.871811
2.085	0.870692
2.088	0.869555
2.091	0.868391
2.094	0.867196
2.097	0.865962
2.1	0.864684
2.103	0.863357
2.106	0.861976
2.109	0.860539
2.112	0.859042
2.115	0.857485
2.118	0.855868
2.121	0.854192
2.124	0.852461
2.127	0.850678
2.13	0.848848
2.133	0.846978
2.136	0.845076
2.139	0.84315
2.142	0.841208
2.145	0.839259
2.148	0.837313
2.151	0.835378
2.154	0.833463
2.157	0.831574
2.16	0.829719
2.163	0.827902
2.166	0.826128
2.169	0.824398
2.172	0.822714
2.175	0.821076
2.178	0.819482
2.181	0.817929
2.184	0.816413
2.187	0.814929
2.19	0.813472
2.193	0.812034
2.196	0.810609
2.199	0.809189
2.202	0.807766
2.205	0.806332
2.208	0.804878
2.211	0.803398
2.214	0.801882
2.217	0.800325
2.22	0.798719
2.223	0.797059
2.226	0.795339
2.229	0.793556
2.232	0.791708
2.235	0.789792
2.238	0.787809
2.241	0.785762
2.244	0.783652
2.247	0.781486
2.25	0.779269
2.253	0.777009
2.256	0.774715
2.259	0.772396
2.262	0.770065
2.265	0.76773
2.268	0.765403
2.271	0.763096
2.274	0.760817
2.277	0.758576
2.28	0.75638
2.283	0.754237
2.286	0.752151
2.289	0.750126
2.292	0.748163
2.295	0.746263
2.298	0.744424
2.301	0.742642
2.304	0.740915
2.307	0.739235
2.31	0.737596
2.313	0.73599
2.316	0.734409
2.319	0.732843
2.322	0.731283
2.325	0.729719
2.328	0.72814
2.331	0.726536
2.334	0.724897
2.337	0.723214
2.34	0.721476
2.343	0.719676
2.346	0.717805
2.349	0.715858
2.352	0.713828
2.355	0.711713
2.358	0.709509
2.361	0.707218
2.364	0.704841
2.367	0.702381
2.37	0.699846
2.373	0.697242
2.376	0.694581
2.379	0.691873
2.382	0.689131
2.385	0.686369
2.388	0.683601
2.391	0.680842
2.394	0.678105
2.397	0.675404
2.4	0.67275
2.403	0.670154
2.406	0.667623
2.409	0.665165
2.412	0.662784
2.415	0.660481
2.418	0.658257
2.421	0.656111
2.424	0.654037
2.427	0.652031
2.43	0.650087
2.433	0.648195
2.436	0.646346
2.439	0.644532
2.442	0.64274
2.445	0.64096
2.448	0.639181
2.451	0.637392
2.454	0.63558
2.457	0.633736
2.46	0.631849
2.463	0.629909
2.466	0.627907
2.469	0.625835
2.472	0.623687
2.475	0.621457
2.478	0.619143
2.481	0.616742
2.484	0.614254
2.487	0.611681
2.49	0.609028
2.493	0.606301
2.496	0.603508
2.499	0.600658
2.502	0.597764
2.505	0.594837
2.508	0.591891
2.511	0.588941
2.514	0.585999
2.517	0.583081
2.52	0.580198
2.523	0.577363
2.526	0.574585
2.529	0.571874
2.532	0.569236
2.535	0.566675
2.538	0.564194
2.541	0.561794
2.544	0.559472
2.547	0.557226
2.55	0.555049
2.553	0.552935
2.556	0.550876
2.559	0.548863
2.562	0.546884
2.565	0.544928
2.568	0.542985
2.571	0.54104
2.574	0.539083
2.577	0.537099
2.58	0.535078
2.583	0.533006
2.586	0.530873
2.589	0.528669
2.592	0.526383
2.595	0.524008
2.598	0.521537
2.601	0.518966
2.604	0.516292
2.607	0.513515
2.61	0.510637
2.613	0.507663
2.616	0.5046
2.619	0.501458
2.622	0.498247
2.625	0.494983
2.628	0.49168
2.631	0.488355
2.634	0.485025
2.637	0.481706
2.64	0.478417
2.643	0.475172
2.646	0.471985
2.649	0.46887
2.652	0.465837
2.655	0.462892
2.658	0.460043
2.661	0.45729
2.664	0.454636
2.667	0.452077
2.67	0.44961
2.673	0.447228
2.676	0.444924
2.679	0.442687
2.682	0.440507
2.685	0.438373
2.688	0.436272
2.691	0.43419
2.694	0.432116
2.697	0.430035
2.7	0.427934
2.703	0.425802
2.706	0.423624
2.709	0.421391
2.712	0.419092
2.715	0.416717
2.718	0.414259
2.721	0.411712
2.724	0.409071
2.727	0.406335
2.73	0.403504
2.733	0.400579
2.736	0.397566
2.739	0.39447
2.742	0.391302
2.745	0.388071
2.748	0.384791
2.751	0.381475
2.754	0.378138
2.757	0.374796
2.76	0.371462
2.763	0.368154
2.766	0.364883
2.769	0.361663
2.772	0.358504
2.775	0.355416
2.778	0.352405
2.781	0.349476
2.784	0.346631
2.787	0.34387
2.79	0.34119
2.793	0.338588
2.796	0.336057
2.799	0.33359
2.802	0.331178
2.805	0.328809
2.808	0.326473
2.811	0.324158
2.814	0.321852
2.817	0.31954
2.82	0.317212
2.823	0.314854
2.826	0.312454
2.829	0.31
2.832	0.307484
2.835	0.304894
2.838	0.302224
2.841	0.299467
2.844	0.296619
2.847	0.293678
2.85	0.290644
2.853	0.28752
2.856	0.284309
2.859	0.28102
2.862	0.277662
2.865	0.274245
2.868	0.270784
2.871	0.267292
2.874	0.263786
2.877	0.26028
2.88	0.256792
2.883	0.253337
2.886	0.24993
2.889	0.246583
2.892	0.243309
2.895	0.240117
2.898	0.237013
2.901	0.234003
2.904	0.23109
2.907	0.228273
2.91	0.22555
2.913	0.222917
2.916	0.220367
2.919	0.217891
2.922	0.215481
2.925	0.213125
2.928	0.21081
2.931	0.208525
2.934	0.206254
2.937	0.203985
2.94	0.201702
2.943	0.199392
2.946	0.197041
2.949	0.194636
2.952	0.192164
2.955	0.189614
2.958	0.186975
2.961	0.18424
2.964	0.181401
2.967	0.178454
2.97	0.175397
2.973	0.17223
2.976	0.168956
2.979	0.165582
2.982	0.162114
2.985	0.158564
2.988	0.154946
2.991	0.151275
2.994	0.147567
2.997	0.143841
3	0.140115
3.003	0.136407
3.006	0.132736
3.009	0.129118
3.012	0.125568
3.015	0.122099
3.018	0.118722
3.021	0.115444
3.024	0.112273
3.027	0.109209
3.03	0.106253
3.033	0.103403
3.036	0.100653
3.039	0.0979971
3.042	0.095426
3.045	0.0929294
3.048	0.0904955
3.051	0.0881117
3.054	0.0857644
3.057	0.0834396
3.06	0.0811229
3.063	0.0788001
3.066	0.076457
3.069	0.0740798
3.072	0.0716556
3.075	0.0691722
3.078	0.0666185
3.081	0.063985
3.084	0.0612637
3.087	0.0584483
3.09	0.0555346
3.093	0.0525209
3.096	0.0494074
3.099	0.0461971
3.102	0.0428952
3.105	0.0395095
3.108	0.0360498
3.111	0.0325281
3.114	0.0289581
3.117	0.0253548
3.12	0.0217341
3.123	0.0181124
3.126	0.0145059
3.129	0.0109303
3.132	0.00740029
3.135	0.003929
3.138	0.000527812
3.141	-0.00279397
3.144	-0.00602934
3.147	-0.00917367
3.15	-0.0122248
3.153	-0.0151828
3.156	-0.0180501
3.159	-0.0208314
3.162	-0.023533
3.165	-0.026163
3.168	-0.0287312
3.171	-0.0312483
3.174	-0.0337262
3.177	-0.0361773
3.18	-0.0386147
3.183	-0.0410515
3.186	-0.0435011
3.189	-0.0459764
3.192	-0.0484898
3.195	-0.0510532
3.198	-0.0536773
3.201	-0.0563716
3.204	-0.0591442
3.207	-0.0620014
3.21	-0.0649476
3.213	-0.0679851
3.216	-0.071114
3.219	-0.0743319
3.222	-0.0776341
3.225	-0.0810133
3.228	-0.0844603
3.231	-0.0879635
3.234	-0.0915097
3.237	-0.0950843
3.24	-0.0986717
3.243	-0.102256
3.246	-0.10582
3.249	-0.109349
3.252	-0.112828
3.255	-0.116243
3.258	-0.119583
3.261	-0.122838
3.264	-0.126002
3.267	-0.129068
3.27	-0.132035
3.273	-0.134902
3.276	-0.137671
3.279	-0.140348
3.282	-0.142938
3.285	-0.14545
3.288	-0.147893
3.291	-0.150279
3.294	-0.152619
3.297	-0.154928
3.3	-0.157217
3.303	-0.159503
3.306	-0.161798
3.309	-0.164117
3.312	-0.166473
3.315	-0.168881
3.318	-0.171353
3.321	-0.173899
3.324	-0.176531
3.327	-0.179257
3.33	-0.182083
3.333	-0.185013
3.336	-0.188051
3.339	-0.191196
3.342	-0.194445
3.345	-0.197793
3.348	-0.20123
3.351	-0.204747
3.354	-0.208331
3.357	-0.211966
3.36	-0.215637
3.363	-0.219324
3.366	-0.22301
3.369	-0.226678
3.372	-0.230308
3.375	-0.233885
3.378	-0.237394
3.381	-0.240822
3.384	-0.244158
3.387	-0.247394
3.39	-0.250524
3.393	-0.253546
3.396	-0.256459
3.399	-0.259265
3.402	-0.26197
3.405	-0.264578
3.408	-0.267099
3.411	-0.269543
3.414	-0.27192
3.417	-0.274243
3.42	-0.276525
3.423	-0.278779
3.426	-0.281019
3.429	-0.283259
3.432	-0.285512
3.435	-0.287792
3.438	-0.290111
3.441	-0.292482
3.444	-0.294915
3.447	-0.297419
3.45	-0.300003
3.453	-0.302673
3.456	-0.305433
3.459	-0.308286
3.462	-0.31123
3.465	-0.314265
3.468	-0.317384
3.471	-0.320582
3.474	-0.323847
3.477	-0.32717
3.48	-0.330537
3.483	-0.333933
3.486	-0.337342
3.489	-0.34075
3.492	-0.344139
3.495	-0.347495
3.498	-0.350804
3.501	-0.354051
3.504	-0.357225
3.507	-0.360318
3.51	-0.363321
3.513	-0.366231
3.516	-0.369045
3.519	-0.371761
3.522	-0.374383
3.525	-0.376915
3.528	-0.379362
3.531	-0.381732
3.534	-0.384035
3.537	-0.38628
3.54	-0.38848
3.543	-0.390646
3.546	-0.392791
3.549	-0.394928
3.552	-0.397072
3.555	-0.399234
3.558	-0.401428
3.561	-0.403667
3.564	-0.405962
3.567	-0.408323
3.57	-0.410762
3.573	-0.413285
3.576	-0.415899
3.579	-0.418609
3.582	-0.421416
3.585	-0.42432
3.588	-0.42732
3.591	-0.430409
3.594	-0.43358
3.597	-0.436824
3.6	-0.440127
3.603	-0.443477
3.606	-0.446857
3.609	-0.450251
3.612	-0.453641
3.615	-0.457011
3.618	-0.460345
3.621	-0.463626
3.624	-0.46684
3.627	-0.469976
3.63	-0.473024
3.633	-0.475976
3.636	-0.478826
3.639	-0.481573
3.642	-0.484216
3.645	-0.486757
3.648	-0.4892
3.651	-0.491552
3.654	-0.493821
3.657	-0.496015
3.66	-0.498145
3.663	-0.500223
3.666	-0.50226
3.669	-0.504269
3.672	-0.506262
3.675	-0.508252
3.678	-0.510252
3.681	-0.512274
3.684	-0.514329
3.687	-0.516428
3.69	-0.51858
3.693	-0.520795
3.696	-0.52308
3.699	-0.525439
3.702	-0.527878
3.705	-0.530397
3.708	-0.532997
3.711	-0.535675
3.714	-0.538427
3.717	-0.541247
3.72	-0.544126
3.723	-0.547055
3.726	-0.550021
3.729	-0.553013
3.732	-0.556017
3.735	-0.559018
3.738	-0.562003
3.741	-0.56496
3.744	-0.567875
3.747	-0.570737
3.75	-0.573537
3.753	-0.576267
3.756	-0.578922
3.759	-0.581497
3.762	-0.58399
3.765	-0.586401
3.768	-0.588734
3.771	-0.59099
3.774	-0.593176
3.777	-0.595299
3.78	-0.597366
3.783	-0.599387
3.786	-0.60137
3.789	-0.603327
3.792	-0.605267
3.795	-0.607203
3.798	-0.609144
3.801	-0.611101
3.804	-0.613085
3.807	-0.615104
3.81	-0.617168
3.813	-0.619284
3.816	-0.621459
3.819	-0.623698
3.822	-0.626004
3.825	-0.628379
3.828	-0.630823
3.831	-0.633334
3.834	-0.635908
3.837	-0.63854
3.84	-0.641222
3.843	-0.643944
3.846	-0.646696
3.849	-0.649466
3.852	-0.652241
3.855	-0.65501
3.858	-0.657758
3.861	-0.660474
3.864	-0.663145
3.867	-0.665762
3.87	-0.668315
3.873	-0.670796
3.876	-0.6732
3.879	-0.675523
3.882	-0.677764
3.885	-0.679921
3.888	-0.681996
3.891	-0.683993
3.894	-0.685917
3.897	-0.687774
3.9	-0.689571
3.903	-0.691317
3.906	-0.69302
3.909	-0.694691
3.912	-0.69634
3.915	-0.697977
3.918	-0.699613
3.921	-0.701259
3.924	-0.702924
3.927	-0.70462
3.93	-0.706355
3.933	-0.708139
3.936	-0.709978
3.939	-0.71188
3.942	-0.71385
3.945	-0.71589
3.948	-0.718004
3.951	-0.720192
3.954	-0.722451
3.957	-0.724778
3.96	-0.727166
3.963	-0.729609
3.966	-0.732096
3.969	-0.734617
3.972	-0.737159
3.975	-0.739711
3.978	-0.742258
3.981	-0.744787
3.984	-0.747285
3.987	-0.749741
3.99	-0.752144
3.993	-0.754484
3.996	-0.756755
3.999	-0.75895
4.002	-0.761065
4.005	-0.763099
4.008	-0.765052
4.011	-0.766926
4.014	-0.768723
4.017	-0.770449
4.02	-0.77211
4.023	-0.773712
4.026	-0.775264
4.029	-0.776774
4.032	-0.778251
4.035	-0.779703
4.038	-0.781142
4.041	-0.782575
4.044	-0.784013
4.047	-0.785463
4.05	-0.786935
4.053	-0.788436
4.056	-0.789973
4.059	-0.791553
4.062	-0.79318
4.065	-0.79486
4.068	-0.796594
4.071	-0.798384
4.074	-0.800229
4.077	-0.802129
4.08	-0.80408
4.083	-0.806078
4.086	-0.808116
4.089	-0.810187
4.092	-0.812283
4.095	-0.814395
4.098	-0.816512
4.101	-0.818624
4.104	-0.820722
4.107	-0.822796
4.11	-0.824836
4.113	-0.826834
4.116	-0.828783
4.119	-0.830676
4.122	-0.83251
4.125	-0.834281
4.128	-0.835986
4.131	-0.837627
4.134	-0.839203
4.137	-0.840717
4.14	-0.842173
4.143	-0.843574
4.146	-0.844927
4.149	-0.846237
4.152	-0.847511
4.155	-0.848756
4.158	-0.84998
4.161	-0.851191
4.164	-0.852396
4.167	-0.853603
4.17	-0.85482
4.173	-0.856055
4.176	-0.857314
4.179	-0.858604
4.182	-0.85993
4.185	-0.861298
4.188	-0.862712
4.191	-0.864173
4.194	-0.865685
4.197	-0.867247
4.2	-0.868858
4.203	-0.870515
4.206	-0.872215
4.209	-0.873951
4.212	-0.875718
4.215	-0.877507
4.218	-0.87931
4.221	-0.881117
4.224	-0.88292
4.227	-0.884708
4.23	-0.886472
4.233	-0.888203
4.236	-0.889895
4.239	-0.891539
4.242	-0.893131
4.245	-0.894667
4.248	-0.896143
4.251	-0.897559
4.254	-0.898914
4.257	-0.900209
4.26	-0.901446
4.263	-0.90263
4.266	-0.903763
4.269	-0.90485
4.272	-0.905898
4.275	-0.906912
4.278	-0.907898
4.281	-0.908861
4.284	-0.90981
4.287	-0.91075
4.29	-0.911687
4.293	-0.912628
4.296	-0.913578
4.299	-0.914543
4.302	-0.915527
4.305	-0.916535
4.308	-0.917571
4.311	-0.918637
4.314	-0.919736
4.317	-0.920868
4.32	-0.922035
4.323	-0.923235
4.326	-0.924466
4.329	-0.925727
4.332	-0.927012
4.335	-0.928318
4.338	-0.92964
4.341	-0.930971
4.344	-0.932306
4.347	-0.933638
4.35	-0.93496
4.353	-0.936267
4.356	-0.937552
4.359	-0.938811
4.362	-0.940038
4.365	-0.941229
4.368	-0.942382
4.371	-0.943495
4.374	-0.944565
4.377	-0.945593
4.38	-0.946579
4.383	-0.947525
4.386	-0.948431
4.389	-0.949302
4.392	-0.95014
4.395	-0.950947
4.398	-0.951729
4.401	-0.952489
4.404	-0.953232
4.407	-0.953961
4.41	-0.954681
4.413	-0.955396
4.416	-0.956111
4.419	-0.956828
4.422	-0.957552
4.425	-0.958286
4.428	-0.959032
4.431	-0.959793
4.434	-0.96057
4.437	-0.961364
4.44	-0.962177
4.443	-0.963007
4.446	-0.963853
4.449	-0.964715
4.452	-0.96559
4.455	-0.966475
4.458	-0.967366
4.461	-0.968261
4.464	-0.969155
4.467	-0.970044
4.47	-0.970924
4.473	-0.97179
4.476	-0.97264
4.479	-0.973468
4.482	-0.974273
4.485	-0.975051
4.488	-0.9758
4.491	-0.976519
4.494	-0.977208
4.497	-0.977864
4.5	-0.978489
4.503	-0.979083
4.506	-0.979648
4.509	-0.980184
4.512	-0.980693
4.515	-0.981179
4.518	-0.981642
4.521	-0.982085
4.524	-0.982512
4.527	-0.982924
4.53	-0.983324
4.533	-0.983715
4.536	-0.9841
4.539	-0.984481
4.542	-0.984861
4.545	-0.985241
4.548	-0.985624
4.551	-0.986012
4.554	-0.986405
4.557	-0.986807
4.56	-0.987216
4.563	-0.987633
4.566	-0.98806
4.569	-0.988494
4.572	-0.988936
4.575	-0.989384
4.578	-0.989838
4.581	-0.990294
4.584	-0.990751
4.587	-0.991207
4.59	-0.991659
4.593	-0.992105
4.596	-0.992543
4.599	-0.992969
4.602	-0.993383
4.605	-0.993783
4.608	-0.994166
4.611	-0.994532
4.614	-0.99488
4.617	-0.995208
4.62	-0.995518
4.623	-0.995808
4.626	-0.99608
4.629	-0.996333
4.632	-0.996568
4.635	-0.996787
4.638	-0.996989
4.641	-0.997176
4.644	-0.99735
4.647	-0.99751
4.65	-0.997659
4.653	-0.997797
4.656	-0.997926
4.659	-0.998046
4.662	-0.998158
4.665	-0.998263
4.668	-0.998363
4.671	-0.998457
4.674	-0.998547
4.677	-0.998633
4.68	-0.998716
4.683	-0.998796
4.686	-0.998873
4.689	-0.998948
4.692	-0.999021
4.695	-0.999091
4.698	-0.99916
4.701	-0.999226
4.704	-0.999289
4.707	-0.99935
4.71	-0.999408
4.713	-0.999463
4.716	-0.999514
4.719	-0.999561
4.722	-0.999603
4.725	-0.999639
4.728	-0.999671
4.731	-0.999696
4.734	-0.999714
4.737	-0.999726
4.74	-0.999729
4.743	-0.999724
4.746	-0.999711
4.749	-0.999687
4.752	-0.999654
4.755	-0.99961
4.758	-0.999554
4.761	-0.999486
4.764	-0.999404
4.767	-0.999309
4.77	-0.999198
4.773	-0.999072
4.776	-0.998929
4.779	-0.998768
4.782	-0.998589
4.785	-0.998389
4.788	-0.998169
4.791	-0.997928
4.794	-0.997664
4.797	-0.997377
4.8	-0.997068
4.803	-0.996736
4.806	-0.99638
4.809	-0.996002
4.812	-0.995603
4.815	-0.995183
4.818	-0.994744
4.821	-0.994289
4.824	-0.993818
4.827	-0.993335
4.83	-0.992842
4.833	-0.992343
4.836	-0.991839
4.839	-0.991334
4.842	-0.99083
4.845	-0.99033
4.848	-0.989836
4.851	-0.98935
4.854	-0.988873
4.857	-0.988407
4.86	-0.987951
4.863	-0.987506
4.866	-0.987072
4.869	-0.986648
4.872	-0.986232
4.875	-0.985823
4.878	-0.98542
4.881	-0.98502
4.884	-0.984621
4.887	-0.984221
4.89	-0.983816
4.893	-0.983405
4.896	-0.982985
4.899	-0.982552
4.902	-0.982105
4.905	-0.981639
4.908	-0.981154
4.911	-0.980646
4.914	-0.980113
4.917	-0.979554
4.92	-0.978967
4.923	-0.978351
4.926	-0.977704
4.929	-0.977028
4.932	-0.976321
4.935	-0.975586
4.938	-0.974823
4.941	-0.974035
4.944	-0.973224
4.947	-0.972393
4.95	-0.971545
4.953	-0.970684
4.956	-0.969815
4.959	-0.968941
4.962	-0.968066
4.965	-0.967195
4.968	-0.96633
4.971	-0.965476
4.974	-0.964634
4.977	-0.963807
4.98	-0.962996
4.983	-0.962203
4.986	-0.961427
4.989	-0.960668
4.992	-0.959926
4.995	-0.959198
4.998	-0.958482
5.001	-0.957777
5.004	-0.957078
5.007	-0.956382
5.01	-0.955686
5.013	-0.954985
5.016	-0.954276
5.019	-0.953555
5.022	-0.952817
5.025	-0.952058
5.028	-0.951275
5.031	-0.950464
5.034	-0.949621
5.037	-0.948744
5.04	-0.947829
5.043	-0.946876
5.046	-0.945883
5.049	-0.94485
5.052	-0.943776
5.055	-0.942664
5.058	-0.941515
5.061	-0.940333
5.064	-0.93912
5.067	-0.937881
5.07	-0.936622
5.073	-0.935348
5.076	-0.934065
5.079	-0.932779
5.082	-0.931496
5.085	-0.930222
5.088	-0.928963
5.091	-0.927723
5.094	-0.926507
5.097	-0.925318
5.1	-0.924159
5.103	-0.923031
5.106	-0.921935
5.109	-0.920871
5.112	-0.919837
5.115	-0.918832
5.118	-0.917852
5.121	-0.916894
5.124	-0.915954
5.127	-0.915026
5.13	-0.914106
5.133	-0.913188
5.136	-0.912265
5.139	-0.911332
5.142	-0.910383
5.145	-0.90941
5.148	-0.908408
5.151	-0.90737
5.154	-0.906291
5.157	-0.905166
5.16	-0.90399
5.163	-0.902758
5.166	-0.901468
5.169	-0.900118
5.172	-0.898706
5.175	-0.897233
5.178	-0.895699
5.181	-0.894109
5.184	-0.892467
5.187	-0.890777
5.19	-0.889047
5.193	-0.887285
5.196	-0.885499
5.199	-0.8837
5.202	-0.881895
5.205	-0.880096
5.208	-0.878311
5.211	-0.87655
5.214	-0.874819
5.217	-0.873126
5.22	-0.871477
5.223	-0.869875
5.226	-0.868323
5.229	-0.866822
5.232	-0.865372
5.235	-0.863971
5.238	-0.862617
5.241	-0.861305
5.244	-0.860031
5.247	-0.85879
5.25	-0.857573
5.253	-0.856375
5.256	-0.855188
5.259	-0.854005
5.262	-0.852817
5.265	-0.851617
5.268	-0.850397
5.271	-0.849149
5.274	-0.847866
5.277	-0.846542
5.28	-0.84517
5.283	-0.843744
5.286	-0.842261
5.289	-0.840717
5.292	-0.839109
5.295	-0.837436
5.298	-0.835699
5.301	-0.833898
5.304	-0.832038
5.307	-0.830122
5.31	-0.828157
5.313	-0.826149
5.316	-0.824107
5.319	-0.822039
5.322	-0.819955
5.325	-0.817865
5.328	-0.815778
5.331	-0.813705
5.334	-0.811653
5.337	-0.809631
5.34	-0.807646
5.343	-0.805704
5.346	-0.803807
5.349	-0.801961
5.352	-0.800164
5.355	-0.798417
5.358	-0.796719
5.361	-0.795067
5.364	-0.793455
5.367	-0.791879
5.37	-0.790333
5.373	-0.788809
5.376	-0.7873
5.379	-0.785798
5.382	-0.784294
5.385	-0.78278
5.388	-0.781247
5.391	-0.779688
5.394	-0.778093
5.397	-0.776456
5.4	-0.774769
5.403	-0.773026
5.406	-0.771222
5.409	-0.769354
5.412	-0.767417
5.415	-0.765412
5.418	-0.763338
5.421	-0.761198
5.424	-0.758994
5.427	-0.756731
5.43	-0.754417
5.433	-0.752059
5.436	-0.749667
5.439	-0.747251
5.442	-0.744822
5.445	-0.742391
5.448	-0.739969
5.451	-0.737568
5.454	-0.735198
5.457	-0.732867
5.46	-0.730585
5.463	-0.728358
5.466	-0.726191
5.469	-0.724088
5.472	-0.722049
5.475	-0.720076
5.478	-0.718165
5.481	-0.716315
5.484	-0.71452
5.487	-0.712773
5.49	-0.711069
5.493	-0.709399
5.496	-0.707753
5.499	-0.706123
5.502	-0.704497
5.505	-0.702866
5.508	-0.701218
5.511	-0.699544
5.514	-0.697833
5.517	-0.696074
5.52	-0.694258
5.523	-0.692377
5.526	-0.690423
5.529	-0.688388
5.532	-0.686268
5.535	-0.68406
5.538	-0.681761
5.541	-0.679372
5.544	-0.676895
5.547	-0.674334
5.55	-0.671696
5.553	-0.668989
5.556	-0.666224
5.559	-0.663414
5.562	-0.66057
5.565	-0.657708
5.568	-0.654842
5.571	-0.651986
5.574	-0.649156
5.577	-0.646363
5.58	-0.643621
5.583	-0.640939
5.586	-0.638327
5.589	-0.635789
5.592	-0.633332
5.595	-0.630956
5.598	-0.628662
5.601	-0.626447
5.604	-0.624308
5.607	-0.622239
5.61	-0.620234
5.613	-0.618282
5.616	-0.616376
5.619	-0.614506
5.622	-0.612659
5.625	-0.610825
5.628	-0.608992
5.631	-0.607149
5.634	-0.605284
5.637	-0.603386
5.64	-0.601444
5.643	-0.599448
5.646	-0.59739
5.649	-0.59526
5.652	-0.593053
5.655	-0.590763
5.658	-0.588386
5.661	-0.585922
5.664	-0.583369
5.667	-0.58073
5.67	-0.57801
5.673	-0.575215
5.676	-0.572353
5.679	-0.569436
5.682	-0.566473
5.685	-0.56348
5.688	-0.560469
5.691	-0.557454
5.694	-0.554451
5.697	-0.551473
5.7	-0.548534
5.703	-0.545644
5.706	-0.542815
5.709	-0.540055
5.712	-0.53737
5.715	-0.534765
5.718	-0.532242
5.721	-0.529801
5.724	-0.527439
5.727	-0.525153
5.73	-0.522936
5.733	-0.520783
5.736	-0.518683
5.739	-0.516627
5.742	-0.514604
5.745	-0.512602
5.748	-0.510609
5.751	-0.508613
5.754	-0.506601
5.757	-0.50456
5.76	-0.502478
5.763	-0.500343
5.766	-0.498144
5.769	-0.49587
5.772	-0.493513
5.775	-0.491064
5.778	-0.488519
5.781	-0.485873
5.784	-0.483125
5.787	-0.480274
5.79	-0.477324
5.793	-0.474281
5.796	-0.471151
5.799	-0.467946
5.802	-0.464677
5.805	-0.461358
5.808	-0.458006
5.811	-0.454636
5.814	-0.451266
5.817	-0.447913
5.82	-0.444592
5.823	-0.441319
5.826	-0.438107
5.829	-0.434969
5.832	-0.431914
5.835	-0.428949
5.838	-0.426078
5.841	-0.423304
5.844	-0.420626
5.847	-0.418043
5.85	-0.415548
5.853	-0.413135
5.856	-0.410796
5.859	-0.40852
5.862	-0.406298
5.865	-0.404115
5.868	-0.401961
5.871	-0.399821
5.874	-0.397681
5.877	-0.395529
5.88	-0.393351
5.883	-0.391134
5.886	-0.388865
5.889	-0.386534
5.892	-0.384129
5.895	-0.381643
5.898	-0.379068
5.901	-0.376398
5.904	-0.373631
5.907	-0.370766
5.91	-0.367804
5.913	-0.36475
5.916	-0.361609
5.919	-0.358393
5.922	-0.355112
5.925	-0.35178
5.928	-0.348414
5.931	-0.34503
5.934	-0.341646
5.937	-0.338282
5.94	-0.334957
5.943	-0.331688
5.946	-0.328492
5.949	-0.325386
5.952	-0.322384
5.955	-0.319497
5.958	-0.316736
5.961	-0.314108
5.964	-0.311619
5.967	-0.309272
5.97	-0.307068
5.973	-0.305007
5.976	-0.303088
5.979	-0.301305
5.982	-0.299656
5.985	-0.298135
5.988	-0.296735
5.991	-0.295451
5.994	-0.294275
5.997	-0.293201
