 Location  Dispersion    Centroids   Volume
0.000324138   0.0805818   0.000140157   1.00007
0.121897   0.0807961   0.120333   0.999948
0.245529   0.0814902   0.243685   1
0.366553   0.0808465   0.359299   0.999961
0.491118   0.0814422   0.471298   0.999996
0.611534   0.080605   0.575263   0.999998
0.73165   0.0811139   0.670315   0.999999
0.85714   0.0809014   0.756226   0.999995
0.97753   0.0806135   0.830207   1.00001
1.09759   0.0809711   0.892142   1.00001
1.22362   0.0808037   0.941321   1.00001
1.3438   0.0805477   0.976001   1
1.46992   0.0805738   0.995351   1
1.59   0.080593   1.00216   1.00001
1.71013   0.0806171   0.991233   1.00001
1.8361   0.0805105   0.967479   0.999996
1.95645   0.0809702   0.927519   1.00002
2.08216   0.080823   0.873536   0.999999
2.20245   0.080545   0.809032   0.999995
2.32273   0.0814052   0.730556   1.00002
2.44829   0.0808862   0.641242   0.999983
2.56893   0.0811554   0.541687   1.00001
2.69426   0.0811694   0.433851   0.999977
2.81397   0.0804782   0.322383   0.999974
2.93431   0.0815813   0.205401   1
3.05942   0.0817919   0.0829093   0.999996
3.17968   0.0807604   -0.038634   1
3.30054   0.0819786   -0.158596   1.00002
3.42526   0.0814359   -0.280285   0.999999
3.54654   0.0810745   -0.394653   0.999982
3.67117   0.0815311   -0.505443   0.999996
3.79161   0.0805384   -0.605806   0.99999
3.91171   0.081158   -0.698419   1.00001
4.03739   0.0809537   -0.780559   0.999996
4.15772   0.0808449   -0.852181   1
4.28345   0.0807638   -0.909954   1
4.40386   0.0805338   -0.954534   1.00001
4.52384   0.0805802   -0.984162   0.999999
4.64992   0.080587   -0.998543   1.00001
4.77006   0.0806427   -1.00056   1.00001
4.89612   0.0806296   -0.984439   1.00001
5.01625   0.0805284   -0.955534   1
5.13647   0.0808904   -0.912496   1.00001
5.26216   0.0805859   -0.854692   0.999984
5.38212   0.0803846   -0.785644   0.999987
5.50262   0.0816717   -0.704009   1.00003
5.62765   0.0807361   -0.610844   0.999975
5.74885   0.0812097   -0.510062   0.999993
5.87266   0.0809565   -0.399632   0.999967
5.99393   0.0803891   -0.283054   1.00004
