45.1529   -9.10286   1465.05   167.138   -12.1594   1.00035
-49.9176   1.17176   926.107   239.274   -10.4734   1.00031
-2744.4   5233.45   4959.08   35716.1   -8.51332   1.00028
49.2002   -9.03808   1861.83   320.922   -7.12514   1.00022
-5.00421   5.87064   705.099   171.541   -5.43873   1.00018
-18.8668   27.2981   545.908   1371.92   -3.77411   1.00014
50.7422   -6.71522   1688.4   258.924   -2.11532   1.0001
-10.7966   28.6684   54.3509   1223.98   -0.540129   1.00007
27.6717   16.4714   385.964   702.164   1.27362   1.00002
111.057   89.7443   4925.23   434.398   3.06556   0.999974
-12.7086   26.1676   55.8241   1502.03   4.4282   0.999951
23.0634   1.03614   1138.12   1.11027   -37.4391   1.00415
-5.87194   9.76882   264.763   289.169   7.93477   0.999858
-81.5689   -331.467   324.121   8506.06   9.70571   0.999819
8.07327   -1.95068   204.252   490.339   11.2867   0.999777
-20.1733   -170.941   215.728   3329.28   12.9573   0.999737
12.2434   6.08631   453.166   140.853   14.6426   0.999695
20.3539   -10.2759   979.532   40.8228   16.1305   0.999663
-1.25899   1.55891   403.822   73.1478   17.9639   0.999615
227.296   21.6895   384.734   940.396   20.5032   0.999583
15.0875   44.4962   662   125.465   21.679   0.999536
100.339   119.024   2090.1   654.519   23.111   0.999493
-0.30259   1.03101   291.45   1.09716   -13.81   1.00157
15.8716   -34.0895   103.023   500.896   26.3554   0.999416
4.15754   -56.988   85.494   168.523   28.088   0.999382
9.26905   -4.64175   241.94   71.7176   29.6035   0.999332
-5.88142   -67.9549   1.54272   3800.73   51.5386   1.00038
5.82447   4.75658   0.968366   38.7309   71.3348   1.00145
4.85581   5.80573   20.8867   0.940773   99.7494   1.00442
65.7611   -11.2468   14.8814   356.046   40.581   0.99987
11.024   -2.78072   64.8196   90.1093   38.0825   0.99913
2.83079   9.27911   109.469   138.26   39.725   0.999088
3140.07   1917.14   7021.1   3352.31   40.6628   0.999132
5.804   13.9219   0.937871   603.788   104.27   1.00477
25.1629   -0.329118   948.792   63.9331   44.6643   0.998964
-8.80814   10.7141   263.079   302.943   46.4038   0.998925
33.4853   13.659   1468.62   3.2889   51.9493   0.99952
1.04591   33.1601   278.507   40.7084   50.1709   0.998876
124.724   -5.7443   6795.49   1.52022   75.8603   1.00104
12.5946   17.2321   425.142   73.8057   53.2179   0.99877
-1.45764   19.6707   318.702   380.528   54.7768   0.998722
-10.0116   48.873   93.7474   2238.32   56.3654   0.998679
19.8218   10.3802   71.5218   161.375   58.278   0.998653
-100.748   16.7436   2499.63   174.28   59.844   0.998604
5.79708   -797.834   0.931454   45753.9   122.279   1.00645
81.049   -185.668   636.036   3706.94   63.1339   0.998522
11.7052   -0.771905   314.668   201.504   64.8033   0.998478
-215.643   -350.485   15054.4   646.69   67.0595   0.998505
41.2405   -98.5677   640.609   2178.09   68.1692   0.998399
-12.6417   14.1501   785.084   383.8   69.8265   0.998357
