 Location  Dispersion    Centroids   Volume
2.29928e-05   0.122391   0.00301019   1.00001
0.120151   0.12239   0.120151   0.999999
0.246027   0.122388   0.245207   0.999998
0.366036   0.122354   0.3584   0.999993
0.491893   0.122384   0.471377   0.999998
0.611923   0.122372   0.574425   1
0.731943   0.12238   0.668913   0.999999
0.857891   0.122381   0.75556   0.999999
0.977925   0.122386   0.828441   1
1.09795   0.122398   0.89051   1
1.22396   0.122398   0.94051   1
1.34398   0.122388   0.974907   1
1.46999   0.122391   0.993835   1
1.59   0.122392   1.00135   1
1.71001   0.122392   0.990255   1
1.83601   0.122385   0.966445   1
1.95604   0.122408   0.927315   1
2.08203   0.122387   0.871643   1
2.20205   0.12238   0.808442   1
2.32209   0.12241   0.729915   1
2.44808   0.122375   0.639553   0.999998
2.56812   0.122393   0.541327   1
2.69405   0.122356   0.432695   0.999995
2.81399   0.122339   0.322222   0.999997
2.93401   0.122385   0.206335   0.999999
3.05991   0.122395   0.0825512   0.999999
3.17995   0.122366   -0.0385052   1
3.30005   0.122414   -0.157635   1
3.42596   0.122404   -0.281428   1
3.54603   0.122372   -0.393469   0.999996
3.67191   0.122392   -0.505775   0.999998
3.79194   0.122368   -0.605001   1
3.91196   0.122386   -0.697161   1
4.03793   0.122396   -0.780091   1
4.15795   0.122395   -0.850668   1
4.28394   0.122389   -0.909442   1
4.40398   0.122387   -0.953223   1
4.52398   0.122385   -0.982883   1
4.64999   0.122392   -0.996607   1
4.77001   0.122395   -0.999784   1
4.89602   0.122391   -0.982798   1
5.01603   0.122385   -0.954437   1
5.13605   0.1224   -0.91164   1
5.26202   0.122365   -0.853239   0.999997
5.38201   0.122369   -0.785684   0.999999
5.50205   0.122425   -0.704423   1
5.62799   0.122367   -0.609224   0.999996
5.74804   0.122383   -0.511399   0.999997
5.87393   0.122408   -0.398906   1
5.99402   0.122371   -0.285175   1
