 Location  Dispersion    Centroids   Volume
6.43738e-06   0.0301385   -8.60594e-05   1
0.0300598   0.0300801   0.0299651   0.999999
0.0600029   0.0301297   0.0599644   1
0.0899992   0.0301355   0.0898792   1
0.119999   0.0301353   0.119713   1
0.149999   0.0301354   0.149439   1
0.179999   0.0301354   0.179031   1
0.209998   0.0301354   0.208461   1
0.239998   0.0301354   0.237704   1
0.269998   0.0301354   0.266733   1
0.299998   0.0301354   0.295522   1
0.329998   0.0301354   0.324045   1
0.359998   0.0301354   0.352277   1
0.389997   0.0301354   0.380191   1
0.419997   0.0301354   0.407764   1
0.449997   0.0301354   0.434969   1
0.479997   0.0301354   0.461783   1
0.509997   0.0301355   0.488181   1
0.539997   0.0301355   0.51414   1
0.569997   0.0301355   0.539636   1
0.599996   0.0301355   0.564647   1
0.629996   0.0301355   0.589149   1
0.659995   0.0301335   0.613122   1
0.689972   0.0301122   0.636556   1
0.720013   0.0301588   0.659429   1
0.755977   0.0301602   0.685985   1
0.786018   0.0301142   0.707525   1
0.815997   0.0301338   0.728417   1
0.845996   0.0301356   0.74864   1
0.875996   0.0301356   0.76819   1
0.905996   0.0301356   0.787048   1
0.935996   0.0301357   0.805199   1
0.965996   0.0301357   0.822624   1
0.995996   0.0301357   0.83931   1
1.026   0.0301357   0.855239   1
1.056   0.0301357   0.8704   1
1.086   0.0301357   0.884777   1
1.116   0.0301357   0.898357   1
1.146   0.0301357   0.91113   1
1.176   0.0301358   0.923082   1
1.206   0.0301358   0.934204   1
1.236   0.0301358   0.944485   1
1.266   0.0301358   0.953915   1
1.296   0.0301358   0.962488   1
1.326   0.0301358   0.970194   1
1.356   0.0301358   0.977027   1
1.386   0.0301358   0.982981   1
1.416   0.0301358   0.988051   1
1.446   0.0301358   0.992231   1
1.476   0.0301358   0.995518   1
1.506   0.0301358   0.997909   1
1.536   0.0301358   0.999402   1
1.566   0.0301358   0.999996   1
1.596   0.0301358   0.99969   1
1.626   0.0301358   0.998484   1
1.656   0.0301358   0.99638   1
1.686   0.0301358   0.993379   1
1.716   0.0301358   0.989484   1
1.746   0.0301358   0.984699   1
1.776   0.0301358   0.979027   1
1.806   0.0301358   0.972474   1
1.836   0.0301358   0.965047   1
1.866   0.0301358   0.95675   1
1.896   0.0301358   0.947593   1
1.926   0.0301358   0.937583   1
1.956   0.0301358   0.926729   1
1.986   0.0301357   0.915041   1
2.016   0.0301357   0.90253   1
2.046   0.0301357   0.889206   1
2.076   0.0301357   0.875083   1
2.106   0.0301357   0.860171   1
2.136   0.0301357   0.844486   1
2.166   0.0301344   0.828041   1
2.19599   0.0301207   0.810839   1
2.22602   0.0301534   0.792899   1
2.26199   0.030152   0.770519   1
2.29202   0.0301187   0.751029   1
2.322   0.0301341   0.730874   1
2.352   0.0301356   0.710072   1
2.382   0.0301356   0.688631   1
2.412   0.0301356   0.666571   1
2.442   0.0301355   0.643911   1
2.472   0.0301355   0.620671   1
2.502   0.0301355   0.596873   1
2.532   0.0301355   0.572538   1
2.562   0.0301355   0.547687   1
2.592   0.0301355   0.522344   1
2.622   0.0301355   0.49653   1
2.652   0.0301354   0.47027   1
2.682   0.0301354   0.443586   1
2.712   0.0301354   0.416504   1
2.742   0.0301354   0.389046   1
2.772   0.0301354   0.361238   1
2.802   0.0301354   0.333106   1
2.832   0.0301354   0.304673   1
2.862   0.0301354   0.275966   1
2.892   0.0301354   0.247011   1
2.922   0.0301354   0.217834   1
2.952   0.0301354   0.18846   1
2.982   0.0301354   0.158917   1
3.012   0.0301354   0.129231   1
3.042   0.0301354   0.0994288   1
3.072   0.0301353   0.069537   1
3.102   0.0301353   0.0395826   1
3.132   0.0301353   0.00959258   1
3.162   0.0301353   -0.0204061   1
3.192   0.0301353   -0.0503864   1
3.222   0.0301353   -0.0803213   1
3.252   0.0301354   -0.110184   1
3.282   0.0301354   -0.139948   1
3.312   0.0301354   -0.169585   1
3.342   0.0301354   -0.19907   1
3.372   0.0301354   -0.228376   1
3.402   0.0301354   -0.257476   1
3.432   0.0301354   -0.286345   1
3.462   0.0301354   -0.314956   1
3.492   0.0301354   -0.343283   1
3.522   0.0301354   -0.371302   1
3.552   0.0301354   -0.398986   1
3.582   0.0301354   -0.426311   1
3.612   0.0301354   -0.453253   1
3.642   0.0301355   -0.479787   1
3.672   0.030133   -0.505889   1
3.70197   0.0301071   -0.53155   1
3.73202   0.0301642   -0.556747   1
3.76797   0.0301655   -0.586201   1
3.79802   0.030109   -0.610265   1
3.828   0.0301333   -0.633767   1
3.858   0.0301356   -0.656684   1
3.888   0.0301356   -0.679011   1
3.918   0.0301356   -0.700726   1
3.948   0.0301356   -0.721811   1
3.978   0.0301356   -0.742246   1
4.008   0.0301356   -0.762013   1
4.038   0.0301356   -0.781095   1
4.068   0.0301357   -0.799473   1
4.098   0.0301357   -0.817132   1
4.128   0.0301357   -0.834056   1
4.158   0.0301357   -0.850229   1
4.188   0.0301357   -0.865637   1
4.218   0.0301357   -0.880266   1
4.248   0.0301357   -0.894102   1
4.278   0.0301357   -0.907134   1
4.308   0.0301358   -0.91935   1
4.338   0.0301358   -0.930738   1
4.368   0.0301358   -0.941289   1
4.398   0.0301358   -0.950993   1
4.428   0.0301358   -0.959841   1
4.458   0.0301358   -0.967825   1
4.488   0.0301358   -0.974938   1
4.518   0.0301358   -0.981173   1
4.548   0.0301358   -0.986526   1
4.578   0.0301358   -0.990991   1
4.608   0.0301358   -0.994564   1
4.638   0.0301358   -0.997242   1
4.668   0.0301358   -0.999023   1
4.698   0.0301358   -0.999904   1
4.728   0.0301358   -0.999886   1
4.758   0.0301358   -0.998968   1
4.788   0.0301358   -0.997151   1
4.818   0.0301358   -0.994436   1
4.848   0.0301358   -0.990827   1
4.878   0.0301358   -0.986325   1
4.908   0.0301358   -0.980937   1
4.938   0.0301358   -0.974665   1
4.968   0.0301358   -0.967516   1
4.998   0.0301358   -0.959497   1
5.028   0.0301358   -0.950614   1
5.058   0.0301358   -0.940876   1
5.088   0.0301358   -0.930291   1
5.118   0.0301358   -0.918869   1
5.148   0.0301358   -0.906619   1
5.178   0.0301349   -0.893554   1
5.20799   0.0301256   -0.879676   1
5.23801   0.0301481   -0.864999   1
5.274   0.0301468   -0.846434   1
5.30402   0.0301238   -0.830059   1
5.334   0.0301346   -0.812948   1
5.364   0.0301357   -0.795114   1
5.394   0.0301356   -0.776565   1
5.424   0.0301356   -0.757317   1
5.454   0.0301356   -0.737387   1
5.484   0.0301356   -0.716794   1
5.514   0.0301356   -0.695555   1
5.544   0.0301356   -0.673691   1
5.574   0.0301355   -0.651221   1
5.604   0.0301355   -0.628164   1
5.634   0.0301355   -0.604542   1
5.664   0.0301355   -0.580376   1
5.694   0.0301355   -0.555688   1
5.724   0.0301355   -0.5305   1
5.754   0.0301355   -0.504834   1
5.784   0.0301355   -0.478714   1
5.814   0.0301354   -0.452163   1
5.844   0.0301354   -0.425205   1
5.874   0.0301354   -0.397865   1
5.904   0.0301355   -0.370167   1
5.934   0.0301303   -0.342135   1
5.96395   0.0300843   -0.313766   0.999999
5.994   0.0301373   -0.28509   1
