 Location  Dispersion    Centroids   Volume
0.00886837   0.141634   -0.0761067   1.0497
0.319733   0.100225   0.292983   0.966496
0.631757   0.110494   0.618399   0.991754
0.950804   0.132016   0.903854   1.02177
1.26297   0.15622   1.11442   1.05875
1.57878   0.171114   1.22217   1.09113
1.90192   0.183071   1.24875   1.12758
2.22588   0.205382   1.1266   1.1713
2.54278   0.221481   0.740028   1.15232
2.92398   0.286926   0.785809   1.48295
3.31026   0.452803   -0.918596   1.41467
3.51835   -1.74985e-157   0.0995008   0.508685
3.78375   0.659214   0.159059   0.890602
4.208   -0.0813549   -1.3592   1.70294
4.417   0.127878   -1.40295   1.07545
4.71937   0.200308   -1.37423   1.17569
5.04675   0.165406   -1.1308   1.08767
5.36402   0.137359   -0.893286   1.03456
5.67723   0.113212   -0.57484   0.987549
5.99021   0.130694   -0.224578   1.03312
