 Location  Dispersion    Centroids   Volume
0.00325543   0.0869152   -0.00446573   1.00699
0.20792   0.0786042   0.205689   0.993402
0.41426   0.0838127   0.403132   0.999222
0.618246   0.082349   0.587827   0.99907
0.827402   0.0801862   0.744074   0.999857
1.03135   0.0767678   0.867821   1.0001
1.24127   0.0740671   0.95294   1.00057
1.44571   0.0719236   0.998319   1.00069
1.65629   0.0720259   1.00237   1.00082
1.86096   0.0742079   0.965701   1.00095
2.06564   0.0777827   0.888246   1.00092
2.27584   0.080549   0.772476   1.00038
2.48036   0.0838048   0.621613   1.00026
2.69004   0.0853875   0.444742   0.999573
2.89432   0.0869298   0.246902   0.999388
3.10354   0.0870827   0.0400206   0.999059
3.30753   0.0867624   -0.170125   0.998987
3.51651   0.0855277   -0.371034   0.999172
3.72034   0.0833903   -0.557095   0.99931
3.92943   0.0808116   -0.717349   0.999689
4.13329   0.0774599   -0.846343   1.00034
4.33736   0.0741547   -0.938832   1.00029
4.54757   0.0723284   -0.992187   1.00072
4.75221   0.0719766   -1.00485   1.00086
4.96283   0.073614   -0.976273   1.00085
5.16754   0.0770309   -0.905624   1.00096
5.37782   0.079384   -0.795135   1.00026
5.58265   0.0812066   -0.645436   0.999959
5.78954   0.0742748   -0.472899   0.993238
5.99212   0.0809929   -0.283751   1.00405
