  x   	 	   y   	 	V[Z|X= x, Y= y]
0	0	0.242448
0.006414	0.006414	0.242228
0.012828	0.012828	0.242007
0.019242	0.019242	0.241785
0.025656	0.025656	0.241561
0.03207	0.03207	0.241336
0.038484	0.038484	0.241109
0.044898	0.044898	0.240881
0.051312	0.051312	0.240652
0.057726	0.057726	0.240421
0.06414	0.06414	0.240189
0.070554	0.070554	0.239955
0.076968	0.076968	0.23972
0.083382	0.083382	0.239484
0.089796	0.089796	0.239246
0.09621	0.09621	0.239006
0.102624	0.102624	0.238765
0.109038	0.109038	0.238523
0.115452	0.115452	0.238279
0.121866	0.121866	0.238033
0.12828	0.12828	0.237786
0.134694	0.134694	0.237537
0.141108	0.141108	0.237287
0.147522	0.147522	0.237036
0.153936	0.153936	0.236782
0.16035	0.16035	0.236527
0.166764	0.166764	0.236271
0.173178	0.173178	0.236012
0.179592	0.179592	0.235753
0.186006	0.186006	0.235491
0.19242	0.19242	0.235228
0.198834	0.198834	0.234963
0.205248	0.205248	0.234697
0.211662	0.211662	0.234429
0.218076	0.218076	0.234159
0.22449	0.22449	0.233887
0.230904	0.230904	0.233614
0.237318	0.237318	0.233339
0.243732	0.243732	0.233062
0.250146	0.250146	0.232784
0.25656	0.25656	0.232503
0.262974	0.262974	0.232221
0.269388	0.269388	0.231937
0.275802	0.275802	0.231652
0.282216	0.282216	0.231364
0.28863	0.28863	0.231075
0.295044	0.295044	0.230783
0.301458	0.301458	0.23049
0.307872	0.307872	0.230195
0.314286	0.314286	0.229898
0.3207	0.3207	0.229599
0.327114	0.327114	0.229298
0.333528	0.333528	0.228996
0.339942	0.339942	0.228691
0.346356	0.346356	0.228384
0.35277	0.35277	0.228076
0.359184	0.359184	0.227765
0.365598	0.365598	0.227452
0.372012	0.372012	0.227138
0.378426	0.378426	0.226821
0.38484	0.38484	0.226502
0.391254	0.391254	0.226181
0.397668	0.397668	0.225858
0.404082	0.404082	0.225533
0.410496	0.410496	0.225206
0.41691	0.41691	0.224877
0.423324	0.423324	0.224545
0.429738	0.429738	0.224212
0.436152	0.436152	0.223876
0.442566	0.442566	0.223538
0.44898	0.44898	0.223198
0.455394	0.455394	0.222855
0.461808	0.461808	0.22251
0.468222	0.468222	0.222163
0.474636	0.474636	0.221814
0.48105	0.48105	0.221463
0.487464	0.487464	0.221109
0.493878	0.493878	0.220753
0.500292	0.500292	0.220394
0.506706	0.506706	0.220033
0.51312	0.51312	0.21967
0.519534	0.519534	0.219304
0.525948	0.525948	0.218936
0.532362	0.532362	0.218566
0.538776	0.538776	0.218193
0.54519	0.54519	0.217818
0.551604	0.551604	0.21744
0.558018	0.558018	0.21706
0.564432	0.564432	0.216677
0.570846	0.570846	0.216291
0.57726	0.57726	0.215903
0.583674	0.583674	0.215513
0.590088	0.590088	0.21512
0.596502	0.596502	0.214724
0.602916	0.602916	0.214326
0.60933	0.60933	0.213925
0.615744	0.615744	0.213521
0.622158	0.622158	0.213115
0.628572	0.628572	0.212706
0.634986	0.634986	0.212295
0.6414	0.6414	0.21188
0.647814	0.647814	0.211463
0.654228	0.654228	0.211043
0.660642	0.660642	0.21062
0.667056	0.667056	0.210195
0.67347	0.67347	0.209767
0.679884	0.679884	0.209336
0.686298	0.686298	0.208902
0.692712	0.692712	0.208465
0.699126	0.699126	0.208025
0.70554	0.70554	0.207582
0.711954	0.711954	0.207137
0.718368	0.718368	0.206688
0.724782	0.724782	0.206237
0.731196	0.731196	0.205782
0.73761	0.73761	0.205325
0.744024	0.744024	0.204864
0.750438	0.750438	0.204401
0.756852	0.756852	0.203934
0.763266	0.763266	0.203464
0.76968	0.76968	0.202992
0.776094	0.776094	0.202516
0.782508	0.782508	0.202036
0.788922	0.788922	0.201554
0.795336	0.795336	0.201069
0.80175	0.80175	0.20058
0.808164	0.808164	0.200088
0.814578	0.814578	0.199593
0.820992	0.820992	0.199095
0.827406	0.827406	0.198593
0.83382	0.83382	0.198088
0.840234	0.840234	0.19758
0.846648	0.846648	0.197069
0.853062	0.853062	0.196554
0.859476	0.859476	0.196036
0.86589	0.86589	0.195514
0.872304	0.872304	0.194989
0.878718	0.878718	0.19446
0.885132	0.885132	0.193929
0.891546	0.891546	0.193393
0.89796	0.89796	0.192854
0.904374	0.904374	0.192312
0.910788	0.910788	0.191766
0.917202	0.917202	0.191217
0.923616	0.923616	0.190664
0.93003	0.93003	0.190107
0.936444	0.936444	0.189547
0.942858	0.942858	0.188984
0.949272	0.949272	0.188416
0.955686	0.955686	0.187845
0.9621	0.9621	0.187271
0.968514	0.968514	0.186692
0.974928	0.974928	0.186111
0.981342	0.981342	0.185525
0.987756	0.987756	0.184935
0.99417	0.99417	0.184342
1.00058	1.00058	0.183746
1.007	1.007	0.183145
1.01341	1.01341	0.182541
1.01983	1.01983	0.181932
1.02624	1.02624	0.18132
1.03265	1.03265	0.180705
1.03907	1.03907	0.180085
1.04548	1.04548	0.179461
1.0519	1.0519	0.178834
1.05831	1.05831	0.178203
1.06472	1.06472	0.177568
1.07114	1.07114	0.176929
1.07755	1.07755	0.176286
1.08397	1.08397	0.175639
1.09038	1.09038	0.174988
1.09679	1.09679	0.174334
1.10321	1.10321	0.173675
1.10962	1.10962	0.173012
1.11604	1.11604	0.172346
1.12245	1.12245	0.171675
1.12886	1.12886	0.171001
1.13528	1.13528	0.170322
1.14169	1.14169	0.16964
1.14811	1.14811	0.168953
1.15452	1.15452	0.168263
1.16093	1.16093	0.167569
1.16735	1.16735	0.16687
1.17376	1.17376	0.166168
1.18018	1.18018	0.165461
1.18659	1.18659	0.164751
1.193	1.193	0.164036
1.19942	1.19942	0.163318
1.20583	1.20583	0.162595
1.21225	1.21225	0.161869
1.21866	1.21866	0.161138
1.22507	1.22507	0.160404
1.23149	1.23149	0.159665
1.2379	1.2379	0.158923
1.24432	1.24432	0.158177
1.25073	1.25073	0.157426
1.25714	1.25714	0.156672
1.26356	1.26356	0.155914
1.26997	1.26997	0.155152
1.27639	1.27639	0.154386
1.2828	1.2828	0.153616
1.28921	1.28921	0.152842
1.29563	1.29563	0.152064
1.30204	1.30204	0.151283
1.30846	1.30846	0.150498
1.31487	1.31487	0.149708
1.32128	1.32128	0.148916
1.3277	1.3277	0.148119
1.33411	1.33411	0.147319
1.34053	1.34053	0.146515
1.34694	1.34694	0.145707
1.35335	1.35335	0.144896
1.35977	1.35977	0.144081
1.36618	1.36618	0.143262
1.3726	1.3726	0.142441
1.37901	1.37901	0.141615
1.38542	1.38542	0.140786
1.39184	1.39184	0.139954
1.39825	1.39825	0.139119
1.40467	1.40467	0.13828
1.41108	1.41108	0.137438
1.41749	1.41749	0.136593
1.42391	1.42391	0.135745
1.43032	1.43032	0.134893
1.43674	1.43674	0.134039
1.44315	1.44315	0.133182
1.44956	1.44956	0.132321
1.45598	1.45598	0.131458
1.46239	1.46239	0.130593
1.46881	1.46881	0.129725
1.47522	1.47522	0.128854
1.48163	1.48163	0.12798
1.48805	1.48805	0.127105
1.49446	1.49446	0.126226
1.50088	1.50088	0.125346
1.50729	1.50729	0.124464
1.5137	1.5137	0.123579
1.52012	1.52012	0.122693
1.52653	1.52653	0.121805
1.53295	1.53295	0.120915
1.53936	1.53936	0.120024
1.54577	1.54577	0.119131
1.55219	1.55219	0.118236
1.5586	1.5586	0.117341
1.56502	1.56502	0.116444
1.57143	1.57143	0.115547
1.57784	1.57784	0.114648
1.58426	1.58426	0.113749
1.59067	1.59067	0.11285
1.59709	1.59709	0.11195
1.6035	1.6035	0.111049
1.60991	1.60991	0.110149
1.61633	1.61633	0.109249
1.62274	1.62274	0.108349
1.62916	1.62916	0.107449
1.63557	1.63557	0.106551
1.64198	1.64198	0.105653
1.6484	1.6484	0.104756
1.65481	1.65481	0.10386
1.66123	1.66123	0.102965
1.66764	1.66764	0.102073
1.67405	1.67405	0.101182
1.68047	1.68047	0.100293
1.68688	1.68688	0.0994066
1.6933	1.6933	0.0985226
1.69971	1.69971	0.0976414
1.70612	1.70612	0.0967632
1.71254	1.71254	0.0958883
1.71895	1.71895	0.0950169
1.72537	1.72537	0.0941494
1.73178	1.73178	0.0932859
1.73819	1.73819	0.0924269
1.74461	1.74461	0.0915724
1.75102	1.75102	0.090723
1.75744	1.75744	0.0898788
1.76385	1.76385	0.0890401
1.77026	1.77026	0.0882074
1.77668	1.77668	0.0873809
1.78309	1.78309	0.0865609
1.78951	1.78951	0.0857479
1.79592	1.79592	0.0849421
1.80233	1.80233	0.0841439
1.80875	1.80875	0.0833538
1.81516	1.81516	0.082572
1.82158	1.82158	0.0817989
1.82799	1.82799	0.081035
1.8344	1.8344	0.0802807
1.84082	1.84082	0.0795363
1.84723	1.84723	0.0788023
1.85365	1.85365	0.0780791
1.86006	1.86006	0.0773672
1.86647	1.86647	0.076667
1.87289	1.87289	0.075979
1.8793	1.8793	0.0753036
1.88572	1.88572	0.0746413
1.89213	1.89213	0.0739926
1.89854	1.89854	0.073358
1.90496	1.90496	0.0727381
1.91137	1.91137	0.0721332
1.91779	1.91779	0.0715441
1.9242	1.9242	0.0709711
1.93061	1.93061	0.0704148
1.93703	1.93703	0.0698759
1.94344	1.94344	0.0693548
1.94986	1.94986	0.0688522
1.95627	1.95627	0.0683686
1.96268	1.96268	0.0679046
1.9691	1.9691	0.0674608
1.97551	1.97551	0.067038
1.98193	1.98193	0.0666366
1.98834	1.98834	0.0662573
1.99475	1.99475	0.0659008
2.00117	2.00117	0.0655677
2.00758	2.00758	0.0652587
2.014	2.014	0.0649745
2.02041	2.02041	0.0647158
2.02682	2.02682	0.0644832
2.03324	2.03324	0.0642776
2.03965	2.03965	0.0640995
2.04607	2.04607	0.0639497
2.05248	2.05248	0.063829
2.05889	2.05889	0.0637382
2.06531	2.06531	0.0636779
2.07172	2.07172	0.0636489
2.07814	2.07814	0.0636521
2.08455	2.08455	0.0636881
2.09096	2.09096	0.0637579
2.09738	2.09738	0.0638621
2.10379	2.10379	0.0640017
2.11021	2.11021	0.0641774
2.11662	2.11662	0.0643901
2.12303	2.12303	0.0646405
2.12945	2.12945	0.0649296
2.13586	2.13586	0.0652582
2.14228	2.14228	0.0656272
2.14869	2.14869	0.0660374
2.1551	2.1551	0.0664896
2.16152	2.16152	0.0669848
2.16793	2.16793	0.0675239
2.17435	2.17435	0.0681076
2.18076	2.18076	0.068737
2.18717	2.18717	0.0694129
2.19359	2.19359	0.0701362
2.2	2.2	0.0709078
2.20642	2.20642	0.0717285
2.21283	2.21283	0.0725994
2.21924	2.21924	0.0735211
2.22566	2.22566	0.0744948
2.23207	2.23207	0.0755211
2.23849	2.23849	0.076601
2.2449	2.2449	0.0777354
2.25131	2.25131	0.078925
2.25773	2.25773	0.0801707
2.26414	2.26414	0.0814733
2.27056	2.27056	0.0828336
2.27697	2.27697	0.0842523
2.28338	2.28338	0.0857301
2.2898	2.2898	0.0872678
2.29621	2.29621	0.088866
2.30263	2.30263	0.0905253
2.30904	2.30904	0.0922463
2.31545	2.31545	0.0940296
2.32187	2.32187	0.0958756
2.32828	2.32828	0.097785
2.3347	2.3347	0.099758
2.34111	2.34111	0.101795
2.34752	2.34752	0.103897
2.35394	2.35394	0.106064
2.36035	2.36035	0.108296
2.36677	2.36677	0.110594
2.37318	2.37318	0.112958
2.37959	2.37959	0.115389
2.38601	2.38601	0.117886
2.39242	2.39242	0.120452
2.39884	2.39884	0.123085
2.40525	2.40525	0.125787
2.41166	2.41166	0.128558
2.41808	2.41808	0.131399
2.42449	2.42449	0.13431
2.43091	2.43091	0.137292
2.43732	2.43732	0.140345
2.44373	2.44373	0.143471
2.45015	2.45015	0.14667
2.45656	2.45656	0.149942
2.46298	2.46298	0.153289
2.46939	2.46939	0.15671
2.4758	2.4758	0.160206
2.48222	2.48222	0.163778
2.48863	2.48863	0.167427
2.49505	2.49505	0.171152
2.50146	2.50146	0.174955
2.50787	2.50787	0.178834
2.51429	2.51429	0.182792
2.5207	2.5207	0.186828
2.52712	2.52712	0.190942
2.53353	2.53353	0.195135
2.53994	2.53994	0.199407
2.54636	2.54636	0.203757
2.55277	2.55277	0.208187
2.55919	2.55919	0.212695
2.5656	2.5656	0.217282
2.57201	2.57201	0.221948
2.57843	2.57843	0.226693
2.58484	2.58484	0.231517
2.59126	2.59126	0.236419
2.59767	2.59767	0.2414
2.60408	2.60408	0.246459
2.6105	2.6105	0.251596
2.61691	2.61691	0.256811
2.62333	2.62333	0.262103
2.62974	2.62974	0.267472
2.63615	2.63615	0.272918
2.64257	2.64257	0.27844
2.64898	2.64898	0.284038
2.6554	2.6554	0.289711
2.66181	2.66181	0.29546
2.66822	2.66822	0.301283
2.67464	2.67464	0.30718
2.68105	2.68105	0.313151
2.68747	2.68747	0.319194
2.69388	2.69388	0.32531
2.70029	2.70029	0.331497
2.70671	2.70671	0.337756
2.71312	2.71312	0.344084
2.71954	2.71954	0.350483
2.72595	2.72595	0.35695
2.73236	2.73236	0.363486
2.73878	2.73878	0.370089
2.74519	2.74519	0.376759
2.75161	2.75161	0.383495
2.75802	2.75802	0.390296
2.76443	2.76443	0.397162
2.77085	2.77085	0.40409
2.77726	2.77726	0.411082
2.78368	2.78368	0.418135
2.79009	2.79009	0.425249
2.7965	2.7965	0.432423
2.80292	2.80292	0.439657
2.80933	2.80933	0.446948
2.81575	2.81575	0.454296
2.82216	2.82216	0.461701
2.82857	2.82857	0.469161
2.83499	2.83499	0.476675
2.8414	2.8414	0.484242
2.84782	2.84782	0.491862
2.85423	2.85423	0.499532
2.86064	2.86064	0.507253
2.86706	2.86706	0.515023
2.87347	2.87347	0.522842
2.87989	2.87989	0.530707
2.8863	2.8863	0.538618
2.89271	2.89271	0.546574
2.89913	2.89913	0.554573
2.90554	2.90554	0.562615
2.91196	2.91196	0.570699
2.91837	2.91837	0.578823
2.92478	2.92478	0.586987
2.9312	2.9312	0.595188
2.93761	2.93761	0.603427
2.94403	2.94403	0.611701
2.95044	2.95044	0.620011
2.95685	2.95685	0.628353
2.96327	2.96327	0.636728
2.96968	2.96968	0.645134
2.9761	2.9761	0.65357
2.98251	2.98251	0.662035
2.98892	2.98892	0.670527
2.99534	2.99534	0.679045
3.00175	3.00175	0.687589
3.00817	3.00817	0.696156
3.01458	3.01458	0.704746
3.02099	3.02099	0.713357
3.02741	3.02741	0.721988
3.03382	3.03382	0.730638
3.04024	3.04024	0.739305
3.04665	3.04665	0.747989
3.05306	3.05306	0.756687
3.05948	3.05948	0.765399
3.06589	3.06589	0.774122
3.07231	3.07231	0.782857
3.07872	3.07872	0.791601
3.08513	3.08513	0.800353
3.09155	3.09155	0.809111
3.09796	3.09796	0.817875
3.10438	3.10438	0.826642
3.11079	3.11079	0.835412
3.1172	3.1172	0.844183
3.12362	3.12362	0.852953
3.13003	3.13003	0.861721
3.13645	3.13645	0.870485
3.14286	3.14286	0.879244
3.14927	3.14927	0.887997
3.15569	3.15569	0.896741
3.1621	3.1621	0.905475
3.16852	3.16852	0.914198
3.17493	3.17493	0.922908
3.18134	3.18134	0.931603
3.18776	3.18776	0.940282
3.19417	3.19417	0.948943
3.20059	3.20059	0.957584
3.207	3.207	0.966204
3.21341	3.21341	0.9748
3.21983	3.21983	0.983371
3.22624	3.22624	0.991916
3.23266	3.23266	1.00043
3.23907	3.23907	1.00892
3.24548	3.24548	1.01737
3.2519	3.2519	1.02579
3.25831	3.25831	1.03417
3.26473	3.26473	1.04252
3.27114	3.27114	1.05082
3.27755	3.27755	1.05909
3.28397	3.28397	1.06731
3.29038	3.29038	1.07548
3.2968	3.2968	1.08361
3.30321	3.30321	1.09169
3.30962	3.30962	1.09971
3.31604	3.31604	1.10768
3.32245	3.32245	1.1156
3.32887	3.32887	1.12346
3.33528	3.33528	1.13126
3.34169	3.34169	1.13899
3.34811	3.34811	1.14667
3.35452	3.35452	1.15427
3.36094	3.36094	1.16181
3.36735	3.36735	1.16928
3.37376	3.37376	1.17668
3.38018	3.38018	1.184
3.38659	3.38659	1.19124
3.39301	3.39301	1.19841
3.39942	3.39942	1.2055
3.40583	3.40583	1.2125
3.41225	3.41225	1.21942
3.41866	3.41866	1.22625
3.42508	3.42508	1.233
3.43149	3.43149	1.23965
3.4379	3.4379	1.24621
3.44432	3.44432	1.25268
3.45073	3.45073	1.25905
3.45715	3.45715	1.26532
3.46356	3.46356	1.27149
3.46997	3.46997	1.27756
3.47639	3.47639	1.28353
3.4828	3.4828	1.2894
3.48922	3.48922	1.29515
3.49563	3.49563	1.3008
3.50204	3.50204	1.30634
3.50846	3.50846	1.31177
3.51487	3.51487	1.31708
3.52129	3.52129	1.32228
3.5277	3.5277	1.32736
3.53411	3.53411	1.33233
3.54053	3.54053	1.33718
3.54694	3.54694	1.34191
3.55336	3.55336	1.34652
3.55977	3.55977	1.351
3.56618	3.56618	1.35537
3.5726	3.5726	1.35961
3.57901	3.57901	1.36373
3.58543	3.58543	1.36772
3.59184	3.59184	1.37158
3.59825	3.59825	1.37532
3.60467	3.60467	1.37893
3.61108	3.61108	1.38241
3.6175	3.6175	1.38576
3.62391	3.62391	1.38898
3.63032	3.63032	1.39208
3.63674	3.63674	1.39504
3.64315	3.64315	1.39787
3.64957	3.64957	1.40056
3.65598	3.65598	1.40313
3.66239	3.66239	1.40556
3.66881	3.66881	1.40786
3.67522	3.67522	1.41002
3.68164	3.68164	1.41205
3.68805	3.68805	1.41395
3.69446	3.69446	1.41571
3.70088	3.70088	1.41734
3.70729	3.70729	1.41883
3.71371	3.71371	1.42018
3.72012	3.72012	1.4214
3.72653	3.72653	1.42248
3.73295	3.73295	1.42342
3.73936	3.73936	1.42422
3.74578	3.74578	1.42489
3.75219	3.75219	1.42541
3.7586	3.7586	1.4258
3.76502	3.76502	1.42605
3.77143	3.77143	1.42615
3.77785	3.77785	1.42612
3.78426	3.78426	1.42594
3.79067	3.79067	1.42562
3.79709	3.79709	1.42516
3.8035	3.8035	1.42455
3.80992	3.80992	1.4238
3.81633	3.81633	1.4229
3.82274	3.82274	1.42186
3.82916	3.82916	1.42067
3.83557	3.83557	1.41933
3.84199	3.84199	1.41784
3.8484	3.8484	1.41621
3.85481	3.85481	1.41443
3.86123	3.86123	1.4125
3.86764	3.86764	1.41042
3.87406	3.87406	1.40818
3.88047	3.88047	1.4058
3.88688	3.88688	1.40327
3.8933	3.8933	1.40058
3.89971	3.89971	1.39775
3.90613	3.90613	1.39476
3.91254	3.91254	1.39162
3.91895	3.91895	1.38833
3.92537	3.92537	1.38489
3.93178	3.93178	1.38127
3.9382	3.9382	1.37755
3.94461	3.94461	1.37366
3.95102	3.95102	1.36962
3.95744	3.95744	1.36544
3.96385	3.96385	1.3611
3.97027	3.97027	1.35662
3.97668	3.97668	1.35199
3.98309	3.98309	1.34723
3.98951	3.98951	1.34232
3.99592	3.99592	1.33727
4.00234	4.00234	1.33208
4.00875	4.00875	1.32676
4.01516	4.01516	1.3213
4.02158	4.02158	1.31571
4.02799	4.02799	1.31
4.03441	4.03441	1.30415
4.04082	4.04082	1.29819
4.04723	4.04723	1.2921
4.05365	4.05365	1.28589
4.06006	4.06006	1.27957
4.06648	4.06648	1.27314
4.07289	4.07289	1.2666
4.0793	4.0793	1.25995
4.08572	4.08572	1.25321
4.09213	4.09213	1.24636
4.09855	4.09855	1.23943
4.10496	4.10496	1.2324
4.11137	4.11137	1.22555
4.11779	4.11779	1.21808
4.1242	4.1242	1.2108
4.13062	4.13062	1.20345
4.13703	4.13703	1.19603
4.14344	4.14344	1.18854
4.14986	4.14986	1.18098
4.15627	4.15627	1.17337
4.16269	4.16269	1.1657
4.1691	4.1691	1.15799
4.17551	4.17551	1.15022
4.18193	4.18193	1.14241
4.18834	4.18834	1.13457
4.19476	4.19476	1.12668
4.20117	4.20117	1.11877
4.20758	4.20758	1.11083
4.214	4.214	1.10287
4.22041	4.22041	1.09489
4.22683	4.22683	1.08689
4.23324	4.23324	1.07888
4.23965	4.23965	1.07087
4.24607	4.24607	1.06285
4.25248	4.25248	1.05482
4.2589	4.2589	1.0468
4.26531	4.26531	1.03879
4.27172	4.27172	1.03079
4.27814	4.27814	1.02279
4.28455	4.28455	1.01482
4.29097	4.29097	1.00686
4.29738	4.29738	0.998921
4.30379	4.30379	0.991009
4.31021	4.31021	0.983124
4.31662	4.31662	0.975269
4.32304	4.32304	0.967446
4.32945	4.32945	0.959658
4.33586	4.33586	0.951908
4.34228	4.34228	0.944198
4.34869	4.34869	0.936531
4.35511	4.35511	0.928907
4.36152	4.36152	0.92133
4.36793	4.36793	0.913801
4.37435	4.37435	0.906323
4.38076	4.38076	0.898897
4.38718	4.38718	0.891525
4.39359	4.39359	0.884209
4.4	4.4	0.87695
4.40642	4.40642	0.86975
4.41283	4.41283	0.862611
4.41925	4.41925	0.855533
4.42566	4.42566	0.848517
4.43207	4.43207	0.841566
4.43849	4.43849	0.834681
4.4449	4.4449	0.827861
4.45132	4.45132	0.821109
4.45773	4.45773	0.814426
4.46414	4.46414	0.807811
4.47056	4.47056	0.801267
4.47697	4.47697	0.794793
4.48339	4.48339	0.788392
4.4898	4.4898	0.782062
4.49621	4.49621	0.775805
4.50263	4.50263	0.769621
4.50904	4.50904	0.763512
4.51546	4.51546	0.757476
4.52187	4.52187	0.751516
4.52828	4.52828	0.74563
4.5347	4.5347	0.73982
4.54111	4.54111	0.734085
4.54753	4.54753	0.728426
4.55394	4.55394	0.722844
4.56035	4.56035	0.717338
4.56677	4.56677	0.711908
4.57318	4.57318	0.706555
4.5796	4.5796	0.701278
4.58601	4.58601	0.696078
4.59242	4.59242	0.690954
4.59884	4.59884	0.685908
4.60525	4.60525	0.680937
4.61167	4.61167	0.676044
4.61808	4.61808	0.671227
4.62449	4.62449	0.666486
4.63091	4.63091	0.661822
4.63732	4.63732	0.657234
4.64374	4.64374	0.652721
4.65015	4.65015	0.648285
4.65656	4.65656	0.643924
4.66298	4.66298	0.639639
4.66939	4.66939	0.63543
4.67581	4.67581	0.631295
4.68222	4.68222	0.627235
4.68863	4.68863	0.62325
4.69505	4.69505	0.619339
4.70146	4.70146	0.615503
4.70788	4.70788	0.61174
4.71429	4.71429	0.608052
4.7207	4.7207	0.604436
4.72712	4.72712	0.600895
4.73353	4.73353	0.597426
4.73995	4.73995	0.594029
4.74636	4.74636	0.590706
4.75277	4.75277	0.587454
4.75919	4.75919	0.584275
4.7656	4.7656	0.581168
4.77202	4.77202	0.578132
4.77843	4.77843	0.575167
4.78484	4.78484	0.572273
4.79126	4.79126	0.569451
4.79767	4.79767	0.566699
4.80409	4.80409	0.564017
4.8105	4.8105	0.561406
4.81691	4.81691	0.558865
4.82333	4.82333	0.556394
4.82974	4.82974	0.553993
4.83616	4.83616	0.551661
4.84257	4.84257	0.549398
4.84898	4.84898	0.547205
4.8554	4.8554	0.545081
4.86181	4.86181	0.543026
4.86823	4.86823	0.54104
4.87464	4.87464	0.539123
4.88105	4.88105	0.537275
4.88747	4.88747	0.535495
4.89388	4.89388	0.533784
4.9003	4.9003	0.532142
4.90671	4.90671	0.530568
4.91312	4.91312	0.529063
4.91954	4.91954	0.527627
4.92595	4.92595	0.526259
4.93237	4.93237	0.52496
4.93878	4.93878	0.52373
4.94519	4.94519	0.522569
4.95161	4.95161	0.521476
4.95802	4.95802	0.520453
4.96444	4.96444	0.519499
4.97085	4.97085	0.518615
4.97726	4.97726	0.517801
4.98368	4.98368	0.517056
4.99009	4.99009	0.516381
4.99651	4.99651	0.515777
5.00292	5.00292	0.515243
5.00933	5.00933	0.514781
5.01575	5.01575	0.514389
5.02216	5.02216	0.51407
5.02858	5.02858	0.513822
5.03499	5.03499	0.513647
5.0414	5.0414	0.513545
5.04782	5.04782	0.513516
5.05423	5.05423	0.513561
5.06065	5.06065	0.513681
5.06706	5.06706	0.513875
5.07347	5.07347	0.514145
5.07989	5.07989	0.514492
5.0863	5.0863	0.514915
5.09272	5.09272	0.515415
5.09913	5.09913	0.515994
5.10554	5.10554	0.516652
5.11196	5.11196	0.51739
5.11837	5.11837	0.518208
5.12479	5.12479	0.519108
5.1312	5.1312	0.52009
5.13761	5.13761	0.521155
5.14403	5.14403	0.522305
5.15044	5.15044	0.52354
5.15686	5.15686	0.524861
5.16327	5.16327	0.52627
5.16968	5.16968	0.527768
5.1761	5.1761	0.529355
5.18251	5.18251	0.531034
5.18893	5.18893	0.532805
5.19534	5.19534	0.534669
5.20175	5.20175	0.536629
5.20817	5.20817	0.538686
5.21458	5.21458	0.54084
5.221	5.221	0.543094
5.22741	5.22741	0.545449
5.23382	5.23382	0.547908
5.24024	5.24024	0.55047
5.24665	5.24665	0.553139
5.25307	5.25307	0.555917
5.25948	5.25948	0.558804
5.26589	5.26589	0.5618
5.27231	5.27231	0.564916
5.27872	5.27872	0.568147
5.28514	5.28514	0.571496
5.29155	5.29155	0.574965
5.29796	5.29796	0.578557
5.30438	5.30438	0.582274
5.31079	5.31079	0.586119
5.31721	5.31721	0.590095
5.32362	5.32362	0.594203
5.33003	5.33003	0.598447
5.33645	5.33645	0.602829
5.34286	5.34286	0.607353
5.34928	5.34928	0.612021
5.35569	5.35569	0.616836
5.3621	5.3621	0.621802
5.36852	5.36852	0.626922
5.37493	5.37493	0.632198
5.38135	5.38135	0.637635
5.38776	5.38776	0.643236
5.39417	5.39417	0.649004
5.40059	5.40059	0.654944
5.407	5.407	0.661058
5.41342	5.41342	0.667352
5.41983	5.41983	0.673829
5.42624	5.42624	0.680493
5.43266	5.43266	0.687349
5.43907	5.43907	0.694401
5.44549	5.44549	0.701653
5.4519	5.4519	0.70911
5.45831	5.45831	0.716777
5.46473	5.46473	0.724658
5.47114	5.47114	0.73276
5.47756	5.47756	0.741086
5.48397	5.48397	0.749642
5.49038	5.49038	0.758433
5.4968	5.4968	0.767466
5.50321	5.50321	0.776745
5.50963	5.50963	0.786277
5.51604	5.51604	0.796066
5.52245	5.52245	0.806119
5.52887	5.52887	0.816443
5.53528	5.53528	0.827044
5.5417	5.5417	0.837928
5.54811	5.54811	0.849102
5.55452	5.55452	0.860573
5.56094	5.56094	0.872346
5.56735	5.56735	0.88443
5.57377	5.57377	0.896831
5.58018	5.58018	0.909557
5.58659	5.58659	0.922614
5.59301	5.59301	0.936011
5.59942	5.59942	0.949755
5.60584	5.60584	0.963854
5.61225	5.61225	0.978315
5.61866	5.61866	0.993146
5.62508	5.62508	1.00836
5.63149	5.63149	1.02395
5.63791	5.63791	1.03994
5.64432	5.64432	1.05634
5.65073	5.65073	1.07314
5.65715	5.65715	1.09036
5.66356	5.66356	1.10802
5.66998	5.66998	1.12611
5.67639	5.67639	1.14464
5.6828	5.6828	1.16363
5.68922	5.68922	1.18307
5.69563	5.69563	1.20299
5.70205	5.70205	1.22339
5.70846	5.70846	1.24428
5.71487	5.71487	1.26566
5.72129	5.72129	1.28754
5.7277	5.7277	1.30993
5.73412	5.73412	1.33285
5.74053	5.74053	1.35629
5.74694	5.74694	1.38026
5.75336	5.75336	1.40478
5.75977	5.75977	1.42985
5.76619	5.76619	1.45547
5.7726	5.7726	1.48165
5.77901	5.77901	1.50841
5.78543	5.78543	1.53573
5.79184	5.79184	1.56364
5.79826	5.79826	1.59213
5.80467	5.80467	1.62121
5.81108	5.81108	1.65088
5.8175	5.8175	1.68114
5.82391	5.82391	1.71201
5.83033	5.83033	1.74347
5.83674	5.83674	1.77554
5.84315	5.84315	1.80821
5.84957	5.84957	1.84148
5.85598	5.85598	1.87535
5.8624	5.8624	1.90982
5.86881	5.86881	1.94489
5.87522	5.87522	1.98055
5.88164	5.88164	2.0168
5.88805	5.88805	2.05363
5.89447	5.89447	2.09104
5.90088	5.90088	2.12901
5.90729	5.90729	2.16754
5.91371	5.91371	2.20662
5.92012	5.92012	2.24624
5.92654	5.92654	2.28639
5.93295	5.93295	2.32704
5.93936	5.93936	2.3682
5.94578	5.94578	2.40983
5.95219	5.95219	2.45192
5.95861	5.95861	2.49446
5.96502	5.96502	2.53743
5.97143	5.97143	2.5808
5.97785	5.97785	2.62455
5.98426	5.98426	2.66865
5.99068	5.99068	2.71309
5.99709	5.99709	2.75784
6.0035	6.0035	2.80286
6.00992	6.00992	2.84814
6.01633	6.01633	2.89364
6.02275	6.02275	2.93933
6.02916	6.02916	2.98518
6.03557	6.03557	3.03116
6.04199	6.04199	3.07724
6.0484	6.0484	3.12338
6.05482	6.05482	3.16955
6.06123	6.06123	3.21571
6.06764	6.06764	3.26183
6.07406	6.07406	3.30788
6.08047	6.08047	3.35381
6.08689	6.08689	3.39959
6.0933	6.0933	3.44518
6.09971	6.09971	3.49055
6.10613	6.10613	3.53564
6.11254	6.11254	3.58042
6.11896	6.11896	3.62482
6.12537	6.12537	3.66875
6.13178	6.13178	3.71217
6.1382	6.1382	3.75494
6.14461	6.14461	3.79699
6.15103	6.15103	3.83828
6.15744	6.15744	3.87878
6.16385	6.16385	3.91846
6.17027	6.17027	3.95732
6.17668	6.17668	3.99528
6.1831	6.1831	4.03234
6.18951	6.18951	4.06834
6.19592	6.19592	4.1032
6.20234	6.20234	4.13679
6.20875	6.20875	4.16898
6.21517	6.21517	4.19962
6.22158	6.22158	4.22852
6.22799	6.22799	4.25547
6.23441	6.23441	4.28024
6.24082	6.24082	4.30254
6.24724	6.24724	4.32206
6.25365	6.25365	4.3384
6.26006	6.26006	4.35113
6.26648	6.26648	4.35972
6.27289	6.27289	4.36356
6.27931	6.27931	4.36194
6.28572	6.28572	4.35407
6.29213	6.29213	4.33901
6.29855	6.29855	4.31576
6.30496	6.30496	4.28321
6.31138	6.31138	4.2402
6.31779	6.31779	4.18559
6.3242	6.3242	4.11836
6.33062	6.33062	4.03772
6.33703	6.33703	3.94333
6.34345	6.34345	3.8355
6.34986	6.34986	3.71541
6.35627	6.35627	3.5853
6.36269	6.36269	3.44862
6.3691	6.3691	3.30995
6.37552	6.37552	3.17483
6.38193	6.38193	3.04938
6.38834	6.38834	2.93981
6.39476	6.39476	2.85187
6.40117	6.40117	2.7904
6.40759	6.40759	2.75887
