  x   	 	   y   	 	V[Z|X= x, Y= y]
0	0	1.92949
0.006414	0.006414	1.93402
0.012828	0.012828	1.93855
0.019242	0.019242	1.94309
0.025656	0.025656	1.94764
0.03207	0.03207	1.95221
0.038484	0.038484	1.95677
0.044898	0.044898	1.96135
0.051312	0.051312	1.96594
0.057726	0.057726	1.97054
0.06414	0.06414	1.97514
0.070554	0.070554	1.97975
0.076968	0.076968	1.98437
0.083382	0.083382	1.989
0.089796	0.089796	1.99363
0.09621	0.09621	1.99828
0.102624	0.102624	2.00293
0.109038	0.109038	2.00758
0.115452	0.115452	2.01225
0.121866	0.121866	2.01692
0.12828	0.12828	2.0216
0.134694	0.134694	2.02628
0.141108	0.141108	2.03097
0.147522	0.147522	2.03567
0.153936	0.153936	2.04037
0.16035	0.16035	2.04508
0.166764	0.166764	2.04979
0.173178	0.173178	2.05451
0.179592	0.179592	2.05924
0.186006	0.186006	2.06396
0.19242	0.19242	2.0687
0.198834	0.198834	2.07343
0.205248	0.205248	2.07817
0.211662	0.211662	2.08292
0.218076	0.218076	2.08767
0.22449	0.22449	2.09242
0.230904	0.230904	2.09717
0.237318	0.237318	2.10193
0.243732	0.243732	2.10669
0.250146	0.250146	2.11145
0.25656	0.25656	2.11621
0.262974	0.262974	2.12098
0.269388	0.269388	2.12575
0.275802	0.275802	2.13051
0.282216	0.282216	2.13528
0.28863	0.28863	2.14005
0.295044	0.295044	2.14482
0.301458	0.301458	2.14959
0.307872	0.307872	2.15436
0.314286	0.314286	2.15912
0.3207	0.3207	2.16389
0.327114	0.327114	2.16865
0.333528	0.333528	2.17342
0.339942	0.339942	2.17818
0.346356	0.346356	2.18294
0.35277	0.35277	2.18769
0.359184	0.359184	2.19244
0.365598	0.365598	2.19719
0.372012	0.372012	2.20194
0.378426	0.378426	2.20668
0.38484	0.38484	2.21141
0.391254	0.391254	2.21614
0.397668	0.397668	2.22087
0.404082	0.404082	2.22558
0.410496	0.410496	2.2303
0.41691	0.41691	2.235
0.423324	0.423324	2.2397
0.429738	0.429738	2.24439
0.436152	0.436152	2.24907
0.442566	0.442566	2.25375
0.44898	0.44898	2.25841
0.455394	0.455394	2.26307
0.461808	0.461808	2.26771
0.468222	0.468222	2.27235
0.474636	0.474636	2.27697
0.48105	0.48105	2.28159
0.487464	0.487464	2.28619
0.493878	0.493878	2.29078
0.500292	0.500292	2.29536
0.506706	0.506706	2.29992
0.51312	0.51312	2.30447
0.519534	0.519534	2.30901
0.525948	0.525948	2.31353
0.532362	0.532362	2.31803
0.538776	0.538776	2.32252
0.54519	0.54519	2.327
0.551604	0.551604	2.33146
0.558018	0.558018	2.3359
0.564432	0.564432	2.34032
0.570846	0.570846	2.34472
0.57726	0.57726	2.34911
0.583674	0.583674	2.35347
0.590088	0.590088	2.35782
0.596502	0.596502	2.36214
0.602916	0.602916	2.36645
0.60933	0.60933	2.37073
0.615744	0.615744	2.37499
0.622158	0.622158	2.37922
0.628572	0.628572	2.38344
0.634986	0.634986	2.38762
0.6414	0.6414	2.39179
0.647814	0.647814	2.39593
0.654228	0.654228	2.40004
0.660642	0.660642	2.40413
0.667056	0.667056	2.40819
0.67347	0.67347	2.41222
0.679884	0.679884	2.41622
0.686298	0.686298	2.42019
0.692712	0.692712	2.42414
0.699126	0.699126	2.42805
0.70554	0.70554	2.43193
0.711954	0.711954	2.43578
0.718368	0.718368	2.4396
0.724782	0.724782	2.44339
0.731196	0.731196	2.44714
0.73761	0.73761	2.45086
0.744024	0.744024	2.45454
0.750438	0.750438	2.45819
0.756852	0.756852	2.4618
0.763266	0.763266	2.46537
0.76968	0.76968	2.46891
0.776094	0.776094	2.47241
0.782508	0.782508	2.47587
0.788922	0.788922	2.47929
0.795336	0.795336	2.48267
0.80175	0.80175	2.486
0.808164	0.808164	2.4893
0.814578	0.814578	2.49256
0.820992	0.820992	2.49577
0.827406	0.827406	2.49894
0.83382	0.83382	2.50206
0.840234	0.840234	2.50514
0.846648	0.846648	2.50817
0.853062	0.853062	2.51116
0.859476	0.859476	2.5141
0.86589	0.86589	2.51699
0.872304	0.872304	2.51984
0.878718	0.878718	2.52263
0.885132	0.885132	2.52538
0.891546	0.891546	2.52807
0.89796	0.89796	2.53072
0.904374	0.904374	2.53331
0.910788	0.910788	2.53585
0.917202	0.917202	2.53834
0.923616	0.923616	2.54077
0.93003	0.93003	2.54315
0.936444	0.936444	2.54548
0.942858	0.942858	2.54775
0.949272	0.949272	2.54996
0.955686	0.955686	2.55212
0.9621	0.9621	2.55422
0.968514	0.968514	2.55626
0.974928	0.974928	2.55824
0.981342	0.981342	2.56017
0.987756	0.987756	2.56203
0.99417	0.99417	2.56384
1.00058	1.00058	2.56558
1.007	1.007	2.56726
1.01341	1.01341	2.56888
1.01983	1.01983	2.57044
1.02624	1.02624	2.57193
1.03265	1.03265	2.57337
1.03907	1.03907	2.57473
1.04548	1.04548	2.57604
1.0519	1.0519	2.57728
1.05831	1.05831	2.57845
1.06472	1.06472	2.57956
1.07114	1.07114	2.5806
1.07755	1.07755	2.58157
1.08397	1.08397	2.58248
1.09038	1.09038	2.58332
1.09679	1.09679	2.58409
1.10321	1.10321	2.58479
1.10962	1.10962	2.58542
1.11604	1.11604	2.58599
1.12245	1.12245	2.58648
1.12886	1.12886	2.58691
1.13528	1.13528	2.58727
1.14169	1.14169	2.58755
1.14811	1.14811	2.58777
1.15452	1.15452	2.58791
1.16093	1.16093	2.58798
1.16735	1.16735	2.58798
1.17376	1.17376	2.58791
1.18018	1.18018	2.58777
1.18659	1.18659	2.58756
1.193	1.193	2.58727
1.19942	1.19942	2.58692
1.20583	1.20583	2.58649
1.21225	1.21225	2.58598
1.21866	1.21866	2.58541
1.22507	1.22507	2.58476
1.23149	1.23149	2.58404
1.2379	1.2379	2.58325
1.24432	1.24432	2.58239
1.25073	1.25073	2.58145
1.25714	1.25714	2.58044
1.26356	1.26356	2.57936
1.26997	1.26997	2.57821
1.27639	1.27639	2.57698
1.2828	1.2828	2.57569
1.28921	1.28921	2.57432
1.29563	1.29563	2.57288
1.30204	1.30204	2.57137
1.30846	1.30846	2.56979
1.31487	1.31487	2.56814
1.32128	1.32128	2.56641
1.3277	1.3277	2.56462
1.33411	1.33411	2.56276
1.34053	1.34053	2.56083
1.34694	1.34694	2.55883
1.35335	1.35335	2.55676
1.35977	1.35977	2.55462
1.36618	1.36618	2.55242
1.3726	1.3726	2.55015
1.37901	1.37901	2.54781
1.38542	1.38542	2.54541
1.39184	1.39184	2.54294
1.39825	1.39825	2.54041
1.40467	1.40467	2.53781
1.41108	1.41108	2.53515
1.41749	1.41749	2.53243
1.42391	1.42391	2.52964
1.43032	1.43032	2.5268
1.43674	1.43674	2.52389
1.44315	1.44315	2.52093
1.44956	1.44956	2.5179
1.45598	1.45598	2.51482
1.46239	1.46239	2.51168
1.46881	1.46881	2.50849
1.47522	1.47522	2.50523
1.48163	1.48163	2.50193
1.48805	1.48805	2.49857
1.49446	1.49446	2.49516
1.50088	1.50088	2.4917
1.50729	1.50729	2.48818
1.5137	1.5137	2.48462
1.52012	1.52012	2.48101
1.52653	1.52653	2.47736
1.53295	1.53295	2.47365
1.53936	1.53936	2.46991
1.54577	1.54577	2.46612
1.55219	1.55219	2.46228
1.5586	1.5586	2.45841
1.56502	1.56502	2.45449
1.57143	1.57143	2.45054
1.57784	1.57784	2.44655
1.58426	1.58426	2.44253
1.59067	1.59067	2.43847
1.59709	1.59709	2.43437
1.6035	1.6035	2.43025
1.60991	1.60991	2.42609
1.61633	1.61633	2.42191
1.62274	1.62274	2.41769
1.62916	1.62916	2.41346
1.63557	1.63557	2.40919
1.64198	1.64198	2.40491
1.6484	1.6484	2.4006
1.65481	1.65481	2.39627
1.66123	1.66123	2.39192
1.66764	1.66764	2.38756
1.67405	1.67405	2.38318
1.68047	1.68047	2.37879
1.68688	1.68688	2.37438
1.6933	1.6933	2.36996
1.69971	1.69971	2.36554
1.70612	1.70612	2.3611
1.71254	1.71254	2.35666
1.71895	1.71895	2.35222
1.72537	1.72537	2.34777
1.73178	1.73178	2.34333
1.73819	1.73819	2.33888
1.74461	1.74461	2.33444
1.75102	1.75102	2.33
1.75744	1.75744	2.32556
1.76385	1.76385	2.32114
1.77026	1.77026	2.31672
1.77668	1.77668	2.31232
1.78309	1.78309	2.30792
1.78951	1.78951	2.30355
1.79592	1.79592	2.29918
1.80233	1.80233	2.29484
1.80875	1.80875	2.29052
1.81516	1.81516	2.28621
1.82158	1.82158	2.28193
1.82799	1.82799	2.27768
1.8344	1.8344	2.27345
1.84082	1.84082	2.26925
1.84723	1.84723	2.26509
1.85365	1.85365	2.26095
1.86006	1.86006	2.25685
1.86647	1.86647	2.25278
1.87289	1.87289	2.24875
1.8793	1.8793	2.24476
1.88572	1.88572	2.24081
1.89213	1.89213	2.23691
1.89854	1.89854	2.23305
1.90496	1.90496	2.22923
1.91137	1.91137	2.22546
1.91779	1.91779	2.22175
1.9242	1.9242	2.21808
1.93061	1.93061	2.21447
1.93703	1.93703	2.21091
1.94344	1.94344	2.20741
1.94986	1.94986	2.20396
1.95627	1.95627	2.20058
1.96268	1.96268	2.19726
1.9691	1.9691	2.194
1.97551	1.97551	2.19081
1.98193	1.98193	2.18768
1.98834	1.98834	2.18462
1.99475	1.99475	2.18164
2.00117	2.00117	2.17872
2.00758	2.00758	2.17588
2.014	2.014	2.17311
2.02041	2.02041	2.17042
2.02682	2.02682	2.16781
2.03324	2.03324	2.16528
2.03965	2.03965	2.16283
2.04607	2.04607	2.16046
2.05248	2.05248	2.15818
2.05889	2.05889	2.15599
2.06531	2.06531	2.15388
2.07172	2.07172	2.15186
2.07814	2.07814	2.14993
2.08455	2.08455	2.14809
2.09096	2.09096	2.14635
2.09738	2.09738	2.14471
2.10379	2.10379	2.14316
2.11021	2.11021	2.1417
2.11662	2.11662	2.14035
2.12303	2.12303	2.1391
2.12945	2.12945	2.13795
2.13586	2.13586	2.13691
2.14228	2.14228	2.13597
2.14869	2.14869	2.13514
2.1551	2.1551	2.13441
2.16152	2.16152	2.1338
2.16793	2.16793	2.1333
2.17435	2.17435	2.1329
2.18076	2.18076	2.13262
2.18717	2.18717	2.13246
2.19359	2.19359	2.13241
2.2	2.2	2.13248
2.20642	2.20642	2.13266
2.21283	2.21283	2.13297
2.21924	2.21924	2.1334
2.22566	2.22566	2.13394
2.23207	2.23207	2.13461
2.23849	2.23849	2.13541
2.2449	2.2449	2.13633
2.25131	2.25131	2.13737
2.25773	2.25773	2.13855
2.26414	2.26414	2.13985
2.27056	2.27056	2.14128
2.27697	2.27697	2.14283
2.28338	2.28338	2.14452
2.2898	2.2898	2.14635
2.29621	2.29621	2.1483
2.30263	2.30263	2.15039
2.30904	2.30904	2.15261
2.31545	2.31545	2.15497
2.32187	2.32187	2.15746
2.32828	2.32828	2.16009
2.3347	2.3347	2.16285
2.34111	2.34111	2.16575
2.34752	2.34752	2.1688
2.35394	2.35394	2.17198
2.36035	2.36035	2.17529
2.36677	2.36677	2.17875
2.37318	2.37318	2.18235
2.37959	2.37959	2.1861
2.38601	2.38601	2.18998
2.39242	2.39242	2.194
2.39884	2.39884	2.19817
2.40525	2.40525	2.20248
2.41166	2.41166	2.20694
2.41808	2.41808	2.21153
2.42449	2.42449	2.21628
2.43091	2.43091	2.22117
2.43732	2.43732	2.2262
2.44373	2.44373	2.23138
2.45015	2.45015	2.23671
2.45656	2.45656	2.24218
2.46298	2.46298	2.2478
2.46939	2.46939	2.25356
2.4758	2.4758	2.25948
2.48222	2.48222	2.26554
2.48863	2.48863	2.27174
2.49505	2.49505	2.2781
2.50146	2.50146	2.2846
2.50787	2.50787	2.29125
2.51429	2.51429	2.29804
2.5207	2.5207	2.30499
2.52712	2.52712	2.31208
2.53353	2.53353	2.31931
2.53994	2.53994	2.32669
2.54636	2.54636	2.33422
2.55277	2.55277	2.34189
2.55919	2.55919	2.34971
2.5656	2.5656	2.35767
2.57201	2.57201	2.36578
2.57843	2.57843	2.37403
2.58484	2.58484	2.38242
2.59126	2.59126	2.39095
2.59767	2.59767	2.39963
2.60408	2.60408	2.40844
2.6105	2.6105	2.41739
2.61691	2.61691	2.42648
2.62333	2.62333	2.43571
2.62974	2.62974	2.44508
2.63615	2.63615	2.45458
2.64257	2.64257	2.46421
2.64898	2.64898	2.47398
2.6554	2.6554	2.48388
2.66181	2.66181	2.49391
2.66822	2.66822	2.50407
2.67464	2.67464	2.51436
2.68105	2.68105	2.52477
2.68747	2.68747	2.53531
2.69388	2.69388	2.54597
2.70029	2.70029	2.55675
2.70671	2.70671	2.56765
2.71312	2.71312	2.57867
2.71954	2.71954	2.58981
2.72595	2.72595	2.60106
2.73236	2.73236	2.61243
2.73878	2.73878	2.6239
2.74519	2.74519	2.63548
2.75161	2.75161	2.64717
2.75802	2.75802	2.65896
2.76443	2.76443	2.67086
2.77085	2.77085	2.68285
2.77726	2.77726	2.69495
2.78368	2.78368	2.70713
2.79009	2.79009	2.71941
2.7965	2.7965	2.73179
2.80292	2.80292	2.74424
2.80933	2.80933	2.75679
2.81575	2.81575	2.76942
2.82216	2.82216	2.78212
2.82857	2.82857	2.79491
2.83499	2.83499	2.80777
2.8414	2.8414	2.8207
2.84782	2.84782	2.8337
2.85423	2.85423	2.84677
2.86064	2.86064	2.8599
2.86706	2.86706	2.87309
2.87347	2.87347	2.88634
2.87989	2.87989	2.89964
2.8863	2.8863	2.91299
2.89271	2.89271	2.92639
2.89913	2.89913	2.93984
2.90554	2.90554	2.95333
2.91196	2.91196	2.96686
2.91837	2.91837	2.98042
2.92478	2.92478	2.99402
2.9312	2.9312	3.00764
2.93761	2.93761	3.0213
2.94403	2.94403	3.03497
2.95044	2.95044	3.04866
2.95685	2.95685	3.06237
2.96327	2.96327	3.0761
2.96968	2.96968	3.08983
2.9761	2.9761	3.10357
2.98251	2.98251	3.11731
2.98892	2.98892	3.13105
2.99534	2.99534	3.14478
3.00175	3.00175	3.15851
3.00817	3.00817	3.17223
3.01458	3.01458	3.18594
3.02099	3.02099	3.19963
3.02741	3.02741	3.2133
3.03382	3.03382	3.22694
3.04024	3.04024	3.24056
3.04665	3.04665	3.25415
3.05306	3.05306	3.2677
3.05948	3.05948	3.28122
3.06589	3.06589	3.2947
3.07231	3.07231	3.30813
3.07872	3.07872	3.32152
3.08513	3.08513	3.33487
3.09155	3.09155	3.34816
3.09796	3.09796	3.36139
3.10438	3.10438	3.37457
3.11079	3.11079	3.38769
3.1172	3.1172	3.40074
3.12362	3.12362	3.41373
3.13003	3.13003	3.42665
3.13645	3.13645	3.43949
3.14286	3.14286	3.45227
3.14927	3.14927	3.46496
3.15569	3.15569	3.47758
3.1621	3.1621	3.49012
3.16852	3.16852	3.50257
3.17493	3.17493	3.51494
3.18134	3.18134	3.52722
3.18776	3.18776	3.5394
3.19417	3.19417	3.5515
3.20059	3.20059	3.5635
3.207	3.207	3.5754
3.21341	3.21341	3.58721
3.21983	3.21983	3.59891
3.22624	3.22624	3.61051
3.23266	3.23266	3.62201
3.23907	3.23907	3.6334
3.24548	3.24548	3.64469
3.2519	3.2519	3.65587
3.25831	3.25831	3.66694
3.26473	3.26473	3.67789
3.27114	3.27114	3.68874
3.27755	3.27755	3.69947
3.28397	3.28397	3.71009
3.29038	3.29038	3.72059
3.2968	3.2968	3.73098
3.30321	3.30321	3.74125
3.30962	3.30962	3.7514
3.31604	3.31604	3.76144
3.32245	3.32245	3.77135
3.32887	3.32887	3.78115
3.33528	3.33528	3.79083
3.34169	3.34169	3.80038
3.34811	3.34811	3.80982
3.35452	3.35452	3.81913
3.36094	3.36094	3.82833
3.36735	3.36735	3.8374
3.37376	3.37376	3.84636
3.38018	3.38018	3.85519
3.38659	3.38659	3.8639
3.39301	3.39301	3.8725
3.39942	3.39942	3.88097
3.40583	3.40583	3.88932
3.41225	3.41225	3.89756
3.41866	3.41866	3.90567
3.42508	3.42508	3.91367
3.43149	3.43149	3.92155
3.4379	3.4379	3.92931
3.44432	3.44432	3.93696
3.45073	3.45073	3.94449
3.45715	3.45715	3.95191
3.46356	3.46356	3.95921
3.46997	3.46997	3.9664
3.47639	3.47639	3.97348
3.4828	3.4828	3.98045
3.48922	3.48922	3.9873
3.49563	3.49563	3.99405
3.50204	3.50204	4.00069
3.50846	3.50846	4.00723
3.51487	3.51487	4.01365
3.52129	3.52129	4.01998
3.5277	3.5277	4.0262
3.53411	3.53411	4.03231
3.54053	3.54053	4.03833
3.54694	3.54694	4.04425
3.55336	3.55336	4.05007
3.55977	3.55977	4.05579
3.56618	3.56618	4.06142
3.5726	3.5726	4.06695
3.57901	3.57901	4.07239
3.58543	3.58543	4.07774
3.59184	3.59184	4.083
3.59825	3.59825	4.08817
3.60467	3.60467	4.09325
3.61108	3.61108	4.09825
3.6175	3.6175	4.10316
3.62391	3.62391	4.10799
3.63032	3.63032	4.11273
3.63674	3.63674	4.1174
3.64315	3.64315	4.12198
3.64957	3.64957	4.12649
3.65598	3.65598	4.13092
3.66239	3.66239	4.13528
3.66881	3.66881	4.13956
3.67522	3.67522	4.14377
3.68164	3.68164	4.14791
3.68805	3.68805	4.15198
3.69446	3.69446	4.15598
3.70088	3.70088	4.15991
3.70729	3.70729	4.16377
3.71371	3.71371	4.16757
3.72012	3.72012	4.17131
3.72653	3.72653	4.17498
3.73295	3.73295	4.17859
3.73936	3.73936	4.18214
3.74578	3.74578	4.18563
3.75219	3.75219	4.18906
3.7586	3.7586	4.19244
3.76502	3.76502	4.19575
3.77143	3.77143	4.19901
3.77785	3.77785	4.20222
3.78426	3.78426	4.20537
3.79067	3.79067	4.20847
3.79709	3.79709	4.21151
3.8035	3.8035	4.21451
3.80992	3.80992	4.21745
3.81633	3.81633	4.22034
3.82274	3.82274	4.22318
3.82916	3.82916	4.22598
3.83557	3.83557	4.22872
3.84199	3.84199	4.23142
3.8484	3.8484	4.23406
3.85481	3.85481	4.23667
3.86123	3.86123	4.23922
3.86764	3.86764	4.24173
3.87406	3.87406	4.24419
3.88047	3.88047	4.24661
3.88688	3.88688	4.24898
3.8933	3.8933	4.25131
3.89971	3.89971	4.25359
3.90613	3.90613	4.25583
3.91254	3.91254	4.25803
3.91895	3.91895	4.26018
3.92537	3.92537	4.26228
3.93178	3.93178	4.26426
3.9382	3.9382	4.26636
3.94461	3.94461	4.26833
3.95102	3.95102	4.27026
3.95744	3.95744	4.27215
3.96385	3.96385	4.27399
3.97027	3.97027	4.27578
3.97668	3.97668	4.27753
3.98309	3.98309	4.27924
3.98951	3.98951	4.2809
3.99592	3.99592	4.28252
4.00234	4.00234	4.28408
4.00875	4.00875	4.28561
4.01516	4.01516	4.28708
4.02158	4.02158	4.28851
4.02799	4.02799	4.2899
4.03441	4.03441	4.29123
4.04082	4.04082	4.29252
4.04723	4.04723	4.29375
4.05365	4.05365	4.29494
4.06006	4.06006	4.29608
4.06648	4.06648	4.29717
4.07289	4.07289	4.2982
4.0793	4.0793	4.29919
4.08572	4.08572	4.30012
4.09213	4.09213	4.301
4.09855	4.09855	4.30182
4.10496	4.10496	4.30258
4.11137	4.11137	4.2987
4.11779	4.11779	4.30396
4.1242	4.1242	4.30458
4.13062	4.13062	4.30513
4.13703	4.13703	4.30562
4.14344	4.14344	4.30605
4.14986	4.14986	4.30643
4.15627	4.15627	4.30674
4.16269	4.16269	4.30699
4.1691	4.1691	4.30718
4.17551	4.17551	4.30731
4.18193	4.18193	4.30737
4.18834	4.18834	4.30737
4.19476	4.19476	4.30731
4.20117	4.20117	4.30718
4.20758	4.20758	4.30698
4.214	4.214	4.30672
4.22041	4.22041	4.30638
4.22683	4.22683	4.30598
4.23324	4.23324	4.30551
4.23965	4.23965	4.30497
4.24607	4.24607	4.30436
4.25248	4.25248	4.30367
4.2589	4.2589	4.30292
4.26531	4.26531	4.30209
4.27172	4.27172	4.30118
4.27814	4.27814	4.3002
4.28455	4.28455	4.29915
4.29097	4.29097	4.29802
4.29738	4.29738	4.29681
4.30379	4.30379	4.29552
4.31021	4.31021	4.29416
4.31662	4.31662	4.29271
4.32304	4.32304	4.29119
4.32945	4.32945	4.28958
4.33586	4.33586	4.2879
4.34228	4.34228	4.28613
4.34869	4.34869	4.28429
4.35511	4.35511	4.28236
4.36152	4.36152	4.28034
4.36793	4.36793	4.27825
4.37435	4.37435	4.27607
4.38076	4.38076	4.2738
4.38718	4.38718	4.27145
4.39359	4.39359	4.26902
4.4	4.4	4.2665
4.40642	4.40642	4.2639
4.41283	4.41283	4.26121
4.41925	4.41925	4.25843
4.42566	4.42566	4.25557
4.43207	4.43207	4.25262
4.43849	4.43849	4.24959
4.4449	4.4449	4.24647
4.45132	4.45132	4.24326
4.45773	4.45773	4.23996
4.46414	4.46414	4.23658
4.47056	4.47056	4.23312
4.47697	4.47697	4.22957
4.48339	4.48339	4.22593
4.4898	4.4898	4.2222
4.49621	4.49621	4.21839
4.50263	4.50263	4.2145
4.50904	4.50904	4.21052
4.51546	4.51546	4.20645
4.52187	4.52187	4.2023
4.52828	4.52828	4.19807
4.5347	4.5347	4.19375
4.54111	4.54111	4.18935
4.54753	4.54753	4.18487
4.55394	4.55394	4.18031
4.56035	4.56035	4.17566
4.56677	4.56677	4.17094
4.57318	4.57318	4.16613
4.5796	4.5796	4.16125
4.58601	4.58601	4.15628
4.59242	4.59242	4.15124
4.59884	4.59884	4.14613
4.60525	4.60525	4.14094
4.61167	4.61167	4.13567
4.61808	4.61808	4.13033
4.62449	4.62449	4.12492
4.63091	4.63091	4.11944
4.63732	4.63732	4.11388
4.64374	4.64374	4.10826
4.65015	4.65015	4.10257
4.65656	4.65656	4.09682
4.66298	4.66298	4.09099
4.66939	4.66939	4.08511
4.67581	4.67581	4.07916
4.68222	4.68222	4.07315
4.68863	4.68863	4.06708
4.69505	4.69505	4.06095
4.70146	4.70146	4.05477
4.70788	4.70788	4.04853
4.71429	4.71429	4.04224
4.7207	4.7207	4.03589
4.72712	4.72712	4.0295
4.73353	4.73353	4.02305
4.73995	4.73995	4.01656
4.74636	4.74636	4.01003
4.75277	4.75277	4.00345
4.75919	4.75919	3.99682
4.7656	4.7656	3.99016
4.77202	4.77202	3.98346
4.77843	4.77843	3.97673
4.78484	4.78484	3.96995
4.79126	4.79126	3.96315
4.79767	4.79767	3.95632
4.80409	4.80409	3.94946
4.8105	4.8105	3.94257
4.81691	4.81691	3.93565
4.82333	4.82333	3.92872
4.82974	4.82974	3.92176
4.83616	4.83616	3.91478
4.84257	4.84257	3.90779
4.84898	4.84898	3.90078
4.8554	4.8554	3.89376
4.86181	4.86181	3.88673
4.86823	4.86823	3.87969
4.87464	4.87464	3.87265
4.88105	4.88105	3.8656
4.88747	4.88747	3.85855
4.89388	4.89388	3.8515
4.9003	4.9003	3.84445
4.90671	4.90671	3.8374
4.91312	4.91312	3.83036
4.91954	4.91954	3.82333
4.92595	4.92595	3.81631
4.93237	4.93237	3.8093
4.93878	4.93878	3.80231
4.94519	4.94519	3.79534
4.95161	4.95161	3.78838
4.95802	4.95802	3.78144
4.96444	4.96444	3.77453
4.97085	4.97085	3.76764
4.97726	4.97726	3.76078
4.98368	4.98368	3.75395
4.99009	4.99009	3.74715
4.99651	4.99651	3.74039
5.00292	5.00292	3.73366
5.00933	5.00933	3.72697
5.01575	5.01575	3.72031
5.02216	5.02216	3.7137
5.02858	5.02858	3.70713
5.03499	5.03499	3.70061
5.0414	5.0414	3.69413
5.04782	5.04782	3.6877
5.05423	5.05423	3.68132
5.06065	5.06065	3.675
5.06706	5.06706	3.66873
5.07347	5.07347	3.66252
5.07989	5.07989	3.65636
5.0863	5.0863	3.65027
5.09272	5.09272	3.64423
5.09913	5.09913	3.63826
5.10554	5.10554	3.63236
5.11196	5.11196	3.62652
5.11837	5.11837	3.62075
5.12479	5.12479	3.61504
5.1312	5.1312	3.60941
5.13761	5.13761	3.60386
5.14403	5.14403	3.59837
5.15044	5.15044	3.59297
5.15686	5.15686	3.58764
5.16327	5.16327	3.58239
5.16968	5.16968	3.57722
5.1761	5.1761	3.57213
5.18251	5.18251	3.56712
5.18893	5.18893	3.5622
5.19534	5.19534	3.55736
5.20175	5.20175	3.55261
5.20817	5.20817	3.54794
5.21458	5.21458	3.54337
5.221	5.221	3.53888
5.22741	5.22741	3.53448
5.23382	5.23382	3.53018
5.24024	5.24024	3.52597
5.24665	5.24665	3.52185
5.25307	5.25307	3.51782
5.25948	5.25948	3.51389
5.26589	5.26589	3.51004
5.27231	5.27231	3.50631
5.27872	5.27872	3.50269
5.28514	5.28514	3.49915
5.29155	5.29155	3.49571
5.29796	5.29796	3.49237
5.30438	5.30438	3.48913
5.31079	5.31079	3.48598
5.31721	5.31721	3.48294
5.32362	5.32362	3.48001
5.33003	5.33003	3.47717
5.33645	5.33645	3.47444
5.34286	5.34286	3.4718
5.34928	5.34928	3.46928
5.35569	5.35569	3.46685
5.3621	5.3621	3.46453
5.36852	5.36852	3.46231
5.37493	5.37493	3.46019
5.38135	5.38135	3.45818
5.38776	5.38776	3.45627
5.39417	5.39417	3.45447
5.40059	5.40059	3.45277
5.407	5.407	3.45117
5.41342	5.41342	3.44968
5.41983	5.41983	3.44829
5.42624	5.42624	3.447
5.43266	5.43266	3.44582
5.43907	5.43907	3.44473
5.44549	5.44549	3.44375
5.4519	5.4519	3.44288
5.45831	5.45831	3.4421
5.46473	5.46473	3.44142
5.47114	5.47114	3.44085
5.47756	5.47756	3.44037
5.48397	5.48397	3.43999
5.49038	5.49038	3.43971
5.4968	5.4968	3.43953
5.50321	5.50321	3.43945
5.50963	5.50963	3.43946
5.51604	5.51604	3.43957
5.52245	5.52245	3.43978
5.52887	5.52887	3.44007
5.53528	5.53528	3.44046
5.5417	5.5417	3.44095
5.54811	5.54811	3.44152
5.55452	5.55452	3.44218
5.56094	5.56094	3.44294
5.56735	5.56735	3.44378
5.57377	5.57377	3.4447
5.58018	5.58018	3.44572
5.58659	5.58659	3.44681
5.59301	5.59301	3.44799
5.59942	5.59942	3.44926
5.60584	5.60584	3.4506
5.61225	5.61225	3.45202
5.61866	5.61866	3.45352
5.62508	5.62508	3.45509
5.63149	5.63149	3.45674
5.63791	5.63791	3.45847
5.64432	5.64432	3.46026
5.65073	5.65073	3.46212
5.65715	5.65715	3.46406
5.66356	5.66356	3.46606
5.66998	5.66998	3.46812
5.67639	5.67639	3.47025
5.6828	5.6828	3.47244
5.68922	5.68922	3.47469
5.69563	5.69563	3.47699
5.70205	5.70205	3.47936
5.70846	5.70846	3.48177
5.71487	5.71487	3.48424
5.72129	5.72129	3.48676
5.7277	5.7277	3.48933
5.73412	5.73412	3.49194
5.74053	5.74053	3.4946
5.74694	5.74694	3.49729
5.75336	5.75336	3.50003
5.75977	5.75977	3.50281
5.76619	5.76619	3.50562
5.7726	5.7726	3.50846
5.77901	5.77901	3.51133
5.78543	5.78543	3.51423
5.79184	5.79184	3.51716
5.79826	5.79826	3.52011
5.80467	5.80467	3.52308
5.81108	5.81108	3.52607
5.8175	5.8175	3.52908
5.82391	5.82391	3.53209
5.83033	5.83033	3.53512
5.83674	5.83674	3.53816
5.84315	5.84315	3.5412
5.84957	5.84957	3.54424
5.85598	5.85598	3.54728
5.8624	5.8624	3.55032
5.86881	5.86881	3.55335
5.87522	5.87522	3.55637
5.88164	5.88164	3.55938
5.88805	5.88805	3.56237
5.89447	5.89447	3.56534
5.90088	5.90088	3.56829
5.90729	5.90729	3.57121
5.91371	5.91371	3.5741
5.92012	5.92012	3.57696
5.92654	5.92654	3.57978
5.93295	5.93295	3.58255
5.93936	5.93936	3.58528
5.94578	5.94578	3.58796
5.95219	5.95219	3.59059
5.95861	5.95861	3.59316
5.96502	5.96502	3.59566
5.97143	5.97143	3.5981
5.97785	5.97785	3.60046
5.98426	5.98426	3.60274
5.99068	5.99068	3.60494
5.99709	5.99709	3.60705
6.0035	6.0035	3.60906
6.00992	6.00992	3.61097
6.01633	6.01633	3.61277
6.02275	6.02275	3.61445
6.02916	6.02916	3.61601
6.03557	6.03557	3.61744
6.04199	6.04199	3.61873
6.0484	6.0484	3.61987
6.05482	6.05482	3.62085
6.06123	6.06123	3.62167
6.06764	6.06764	3.6223
6.07406	6.07406	3.62275
6.08047	6.08047	3.62301
6.08689	6.08689	3.62305
6.0933	6.0933	3.62287
6.09971	6.09971	3.62245
6.10613	6.10613	3.62177
6.11254	6.11254	3.62081
6.11896	6.11896	3.61954
6.12537	6.12537	3.61789
6.13178	6.13178	3.61581
6.1382	6.1382	3.6132
6.14461	6.14461	3.60998
6.15103	6.15103	3.6061
6.15744	6.15744	3.60154
6.16385	6.16385	3.59631
6.17027	6.17027	3.5904
6.17668	6.17668	3.58375
6.1831	6.1831	3.57636
6.18951	6.18951	3.56809
6.19592	6.19592	3.55886
6.20234	6.20234	3.54856
6.20875	6.20875	3.53706
6.21517	6.21517	3.52421
6.22158	6.22158	3.50985
6.22799	6.22799	3.49379
6.23441	6.23441	3.47584
6.24082	6.24082	3.45575
6.24724	6.24724	3.43328
6.25365	6.25365	3.40813
6.26006	6.26006	3.37997
6.26648	6.26648	3.34844
6.27289	6.27289	3.31316
6.27931	6.27931	3.27368
6.28572	6.28572	3.22954
6.29213	6.29213	3.18025
6.29855	6.29855	3.12534
6.30496	6.30496	3.06433
6.31138	6.31138	2.99682
6.31779	6.31779	2.92252
6.3242	6.3242	2.84133
6.33062	6.33062	2.75343
6.33703	6.33703	2.6594
6.34345	6.34345	2.56027
6.34986	6.34986	2.45765
6.35627	6.35627	2.35373
6.36269	6.36269	2.25128
6.3691	6.3691	2.15345
6.37552	6.37552	2.06366
6.38193	6.38193	1.98526
6.38834	6.38834	1.92138
6.39476	6.39476	1.87458
6.40117	6.40117	1.84682
6.40759	6.40759	1.83913
