6.9714   6.9714   0.28652   0.28652   -2.0428   0.999971
5.26864   0.908681   4.21973e-05   0.940937   -0.550326   0.999998
0.88774   5.83317   0.563494   3.45833e-06   -5.17515   1
3.47477   4.17354   0.556313   2.27413e-07   0.766536   1
2.51377   2.51377   1.07866   1.07866   -1.41447   0.999993
2.38027   6.14407   0.176663   0.0392503   2.16053   1
3.81902   6.17766   0.835985   7.93453e-06   -0.719989   1
3.99968   6.49659   0.632373   0.00936515   6.8508   1
2.26435   5.51123   0.467012   2.61042e-05   -1.62307   0.999999
3.89672   7.23798   0.971376   8.29172   0.770976   1.00001
4.0508   8.10785   0.879007   0.0120636   15.0185   1.00001
5.93781   5.32672   0.274152   2.46969e-08   -0.503474   1
3.02498   6.12654   0.388182   2.74369e-05   -1.70797   1
6.49733   -4.60011   0.00121532   10.8422   2.08031   0.999999
5.3566   5.50021   1.35305   1.35358   -2.35525   1
7.47928   6.15473   0.0403374   0.474587   8.9674   1.00001
6.37943   4.11103   0.242091   4.42324e-05   0.921912   1
6.80525   6.77279   1.13529   0.0980505   2.09477   1
5.74932   2.50985   5.85121e-06   0.360763   -1.44942   1
4.80769   3.93314   0.71667   8.76239e-06   0.527164   0.999998
7.86229   5.04712   0.0104009   1.67581   5.10866   1
5.35325   9.44748   3.44763   8.10285   1.32298   1.00001
6.48685   7.33136   0.0390641   0.379578   -0.471587   1
3.66222   4.11144   0.0139353   0.000417426   1.11637   1
6.41629   6.32022   0.000238749   0.25959   0.0646317   1
