 Location  Dispersion    Centroids   Volume
0.00524572   0.104743   -0.0440947   1.02272
0.253019   0.0813039   0.231901   0.982629
0.49831   0.0802745   0.478455   0.987052
0.750525   0.0831843   0.697227   0.992253
1.0025   0.0897721   0.874271   1.00109
1.24892   0.0958274   0.997888   1.00808
1.50069   0.100058   1.05627   1.01304
1.7474   0.101566   1.04567   1.01416
1.99926   0.0997982   0.964282   1.01055
2.25118   0.0945441   0.820018   1.00338
2.49743   0.0894559   0.625677   0.996727
2.74927   0.0833755   0.395155   0.988811
3.00106   0.0801933   0.144429   0.985179
3.24699   0.0799133   -0.112569   0.984873
3.49881   0.0822782   -0.363431   0.988053
3.74473   0.0863243   -0.595347   0.993102
3.99642   0.0925806   -0.794524   1.00103
4.24796   0.0973639   -0.945318   1.00847
4.49442   0.0997984   -1.03546   1.01198
4.74642   0.0999058   -1.05726   1.01265
4.99826   0.0953799   -1.00548   1.00781
5.24457   0.0891763   -0.888886   1.00082
5.49715   0.0820597   -0.713733   0.99196
5.7434   0.0748846   -0.499213   0.980476
5.99128   0.0948148   -0.253333   1.01142
