5.01481e-05   3.37634   0.266983   0.266983   -0.499983   1
0.874371   1.65945   0.768344   4.58957   0.360951   1
5.16185   4.25847   0.684388   0.791896   -0.322102   1
3.7165   2.55689   0.615859   0.57123   0.3849   1
3.41172   4.50578   0.264176   0.218092   -0.333161   1
1.403   5.83296   0.266983   0.266983   -0.291654   1
0.301442   4.88385   0.266983   0.266983   -0.249988   1
4.34988   1.68169   0.266983   0.266983   -0.208322   1
4.35265   0.304133   0.266983   0.266983   -0.166656   1
6.01297   4.6097   0.246508   0.119178   -0.131558   1
2.49403   2.11119   1.05714   0.745006   -0.505747   1
3.32019   4.1094   0.248987   0.0929385   -0.0364659   1
5.39285   4.78271   0.0503008   0.164869   -0.00827919   1
0.221524   6.35016   0.266983   0.266983   0.0416732   1
0.342567   2.34093   0.267007   0.26702   0.0833393   1
3.3941   1.58292   0.266983   0.266983   0.125005   1
4.30045   6.29578   0.266983   0.266983   0.166671   1
0.0493268   4.63051   0.266983   0.266983   0.208337   1
2.45677   4.82719   0.266983   0.266983   0.250002   1
0.428297   4.17466   0.266983   0.266983   0.291668   1
2.67508   0.465741   0.266983   0.266983   0.333334   1
4.29071   4.18975   0.549695   0.586462   0.529454   1
3.77392   5.66884   0.266983   0.266983   0.416666   1
5.96185   1.74741   0.266983   0.266983   0.458332   1
5.42189   2.79634   0.266983   0.266983   0.499997   1
