 Location  Dispersion    Centroids   Volume
0.00131341   0.0484341   -0.00309472   1.00166
0.121559   0.0453409   0.119935   0.99853
0.24608   0.0480932   0.241067   0.999922
0.366362   0.0479947   0.361048   0.999866
0.491902   0.0474333   0.473176   0.999831
0.611977   0.0466781   0.577226   1.00012
0.732087   0.0458767   0.672554   0.999884
0.85775   0.0450967   0.758246   0.999951
0.977818   0.0440609   0.832193   1.00009
1.09788   0.0430649   0.893628   0.99997
1.2238   0.0424259   0.942106   1.00005
1.34388   0.0416512   0.97684   1.00004
1.46993   0.0413092   0.996579   1.00006
1.59002   0.0411912   1.00165   1.00006
1.71013   0.0415039   0.991976   1.00008
1.8362   0.0419529   0.967664   1.00006
1.95635   0.0429107   0.928354   1.00011
2.08232   0.0434967   0.875554   0.99999
2.20245   0.0445763   0.810163   1.00015
2.32266   0.045758   0.732309   1.00004
2.44848   0.0464312   0.643247   0.999979
2.56873   0.0474707   0.543072   1.00005
2.69441   0.0476937   0.435973   0.999824
2.81454   0.0482134   0.323084   1.00017
2.93479   0.0487763   0.204826   0.999869
3.06026   0.0487327   0.0831728   0.99978
3.18038   0.0487193   -0.0388998   1.00016
3.30058   0.0487617   -0.160736   0.999814
3.4261   0.0484927   -0.280525   0.999911
3.54631   0.0480462   -0.397583   0.999926
3.67188   0.0473006   -0.507057   0.999851
3.79195   0.0464601   -0.608363   1.00012
3.91206   0.0456067   -0.700585   0.99989
4.03777   0.0448896   -0.782758   1.00001
4.15787   0.0438089   -0.853937   1
4.28377   0.0429649   -0.911382   1.00002
4.40384   0.0420855   -0.955064   1.00007
4.5239   0.0414506   -0.984573   1.00003
4.64995   0.041239   -0.99976   1.00006
4.77006   0.0412697   -1.00006   1.00007
4.89613   0.0415212   -0.985464   1.00005
5.01624   0.0421986   -0.95652   1.00009
5.13639   0.043174   -0.913265   1.00009
5.26234   0.0437874   -0.856208   0.999982
5.38247   0.044858   -0.786869   1.00015
5.50268   0.0459853   -0.705232   1.00002
5.62848   0.0464784   -0.61235   0.999929
5.74884   0.0470674   -0.507418   1.00002
5.87347   0.0437005   -0.397164   0.998442
5.99313   0.046455   -0.283425   1.00114
