 Location  Dispersion    Centroids   Volume
-0.00012972   0.31507   -0.00240036   1.00043
0.320156   0.309833   0.31214   0.999287
0.627713   0.314263   0.591154   0.999926
0.944911   0.316172   0.816443   1.00011
1.25841   0.316551   0.959962   1.00016
1.57807   0.316866   1.00676   1.0002
1.89169   0.316512   0.955197   1.00015
2.21088   0.315852   0.809408   1.00008
2.5283   0.314433   0.580451   0.999892
2.84002   0.314169   0.300262   0.999855
3.15554   0.314055   -0.0144786   0.99985
3.4668   0.313925   -0.32304   0.999824
3.78348   0.315072   -0.604404   0.999973
4.10146   0.315596   -0.825622   1.00003
4.41456   0.316419   -0.962686   1.00015
4.73406   0.316911   -1.00712   1.00021
5.04788   0.316597   -0.950879   1.00016
5.36642   0.315277   -0.800699   1.00003
5.6748   0.310983   -0.571644   0.999477
5.99501   0.314395   -0.281081   1.00021
