 Location  Dispersion    Centroids   Volume
0.000735638   0.208171   -0.000545552   1.00003
0.207035   0.208281   0.294602   1.00026
0.414647   0.205276   0.456204   0.999831
0.622871   0.206762   0.632168   0.999987
0.828245   0.208067   0.809503   1.00011
1.03341   0.204383   0.928496   0.999752
1.24138   0.205613   0.975794   0.999927
1.44483   0.206922   1.00645   0.999994
1.65484   0.207556   1.03946   1.0001
1.85894   0.206276   1.04028   0.999867
2.06376   0.208606   0.950045   1.00013
2.2772   0.211225   0.80817   1.00045
2.47958   0.205413   0.632987   0.999752
2.68976   0.203408   0.502618   0.999624
2.88722   0.203254   0.302061   0.999953
3.09616   0.203011   0.130524   0.999481
3.30212   0.212264   -0.0861202   1.00058
3.51022   0.210677   -0.349764   1.00018
3.7181   0.203426   -0.486028   0.999709
3.92797   0.208328   -0.616685   0.999948
4.13251   0.211987   -0.790045   1.00056
4.33856   0.206855   -0.922557   0.999819
4.54887   0.206325   -0.942996   0.999978
4.75241   0.207138   -0.927618   1
4.96368   0.207992   -0.928588   1.00025
5.1671   0.203829   -0.807021   0.999709
5.37261   0.20298   -0.770814   0.999497
5.57582   0.208462   -0.632836   1.00017
5.78269   0.209277   -0.414798   1.00008
5.99304   0.207347   -0.25904   1.00028
