 Location  Dispersion    Centroids   Volume
-0.000138298   0.060494   0.00122021   0.999992
0.0598013   0.0606007   0.051626   1
0.120178   0.0608867   0.12058   1.00002
0.180101   0.0605336   0.178172   0.999985
0.239937   0.0605696   0.231259   0.999998
0.299998   0.0606613   0.295983   1.00001
0.365982   0.0605556   0.357922   0.999997
0.426023   0.0605975   0.412869   1
0.486032   0.0605626   0.472342   1
0.545867   0.0604363   0.51792   0.999988
0.605886   0.0606613   0.569793   1.00001
0.666044   0.0605704   0.618732   0.999999
0.725959   0.0605194   0.663832   0.999996
0.785938   0.0605837   0.70111   1
0.84596   0.0606178   0.748821   1
0.90605   0.0605689   0.794938   1
0.96609   0.0605909   0.822059   1
1.03202   0.0605818   0.866015   0.999999
1.09201   0.0605562   0.887751   0.999999
1.15198   0.0605622   0.912983   1
1.212   0.0605635   0.933982   1
1.27201   0.0605918   0.956054   1
1.332   0.060565   0.970825   0.999999
1.39199   0.0605754   0.983905   1
1.452   0.0605774   0.993356   1
1.51201   0.0605803   0.999408   1
1.57199   0.060568   0.99373   0.999999
1.63198   0.0605842   0.999019   1
1.698   0.0605751   0.992329   1
1.75802   0.0605873   0.982459   1
1.81804   0.0605856   0.963894   1
1.901   0.0733991   0.945429   1.00164
1.93814   0.0292482   1.49889   0.996507
1.9734   0.0741197   0.903692   1.00185
2.05802   0.0605503   0.8851   0.999998
2.11811   0.0606449   0.854669   1.00001
2.17813   0.0605445   0.809779   0.999996
2.23802   0.0605288   0.786327   0.999996
2.29797   0.0605848   0.746869   1
2.36395   0.0605667   0.701823   0.999997
2.42381   0.0605405   0.65749   0.999997
2.51369   0.0788943   0.617308   1.00193
2.544   0.00608722   -0.395594   0.996353
2.58433   0.0705616   0.516749   1.00172
2.66415   0.0605996   0.458419   0.999999
2.72404   0.0605501   0.406334   0.999996
2.7841   0.0606314   0.350139   1
2.84397   0.0605582   0.293923   0.999995
2.90394   0.060557   0.2361   1
2.96389   0.0605313   0.176783   0.999997
3.02984   0.0606009   0.123432   0.999999
3.08986   0.0606586   0.0489562   1.00001
3.15007   0.0605513   -0.00836123   0.999999
3.21002   0.0605691   -0.0673695   0.999999
3.27002   0.0605807   -0.128439   1
3.33001   0.0605535   -0.187934   0.999999
3.39009   0.0606066   -0.245446   1
3.45005   0.0605632   -0.303326   0.999997
3.50999   0.0605747   -0.359543   0.999999
3.57004   0.0606447   -0.415705   1
3.63003   0.0605672   -0.469601   0.999997
3.69598   0.0605894   -0.525795   1
3.75594   0.0605562   -0.577085   0.999996
3.81586   0.060595   -0.62367   1
3.873   0.0571928   -0.646713   0.99994
3.9339   0.0580062   -0.46377   0.999846
3.9924   0.0626439   -0.756197   1.00022
4.05603   0.0605666   -0.792788   1
4.11596   0.0605167   -0.827265   0.999997
4.17603   0.0605809   -0.861495   1.00001
4.23611   0.0604894   -0.887213   0.999995
4.29598   0.0605697   -0.914916   0.999999
4.36198   0.0605892   -0.941138   1
4.42205   0.0606071   -0.957803   1
4.48204   0.0605607   -0.984412   0.999998
4.54202   0.0605826   -0.986866   1
4.602   0.0605721   -0.99631   0.999999
4.662   0.0605773   -0.997529   1
4.722   0.0605765   -1.00009   1
4.782   0.0605723   -0.997422   1
4.842   0.0605736   -0.991502   1
4.90201   0.060582   -0.981657   1
4.96202   0.0605841   -0.96827   1
5.02802   0.0605778   -0.948407   1
5.08803   0.0605755   -0.930438   1
5.14798   0.0605555   -0.905575   0.999998
5.20795   0.0605777   -0.88295   1
5.26799   0.0605937   -0.850826   1
5.32798   0.0605661   -0.815704   0.999999
5.38798   0.0605682   -0.784307   0.999999
5.44793   0.0605711   -0.741071   1
5.50802   0.0605625   -0.69823   1
5.56806   0.0605623   -0.651794   1
5.62808   0.0605874   -0.609886   1
5.69405   0.0606028   -0.556603   1
5.75395   0.0605307   -0.501459   0.999994
5.81396   0.0606445   -0.452843   1.00001
5.87398   0.0605045   -0.396317   0.999997
5.93403   0.0605204   -0.352595   1
5.994   0.0605795   -0.285272   1
