 Location  Dispersion    Centroids   Volume
-0.000190152   0.0804859   0.000443089   0.999982
0.121481   0.0817073   0.118904   1.00019
0.247607   0.0794822   0.240124   0.99981
0.36556   0.0810847   0.359727   0.99997
0.489612   0.0802489   0.472034   0.999928
0.611441   0.0810384   0.57713   1.00014
0.732009   0.0811653   0.669371   0.999959
0.857008   0.0810768   0.757498   0.999972
0.976745   0.0807932   0.832098   1.00002
1.09737   0.0811186   0.894212   1.00008
1.22376   0.0814697   0.944166   1.0001
1.34425   0.0821851   0.979989   1.00023
1.47087   0.0846899   1.009   1.00059
1.59333   0.0881049   1.0181   1.00116
1.716   0.0939755   1.01466   1.00216
1.85052   0.10701   1.0011   1.00404
1.96701   0.11174   0.99053   1.00629
2.09987   0.116041   0.916769   1.00686
2.22225   0.124426   0.854463   1.00853
2.34056   0.121455   0.780999   1.00977
2.44748   0.10955   0.673604   1.00702
2.59027   0.12054   0.557333   1.00885
2.69688   0.119156   0.471717   1.00838
2.81599   0.101336   0.337233   1.00526
2.92959   0.0953664   0.206657   1.00395
3.04636   0.0935145   0.0675105   1.00324
3.16094   0.0981985   -0.0761611   1.00388
3.27504   0.109158   -0.219002   1.00578
3.40256   0.126608   -0.346333   1.0087
3.53133   0.148107   -0.565209   1.03096
3.7297   0.0803828   -0.757168   1.06515
3.86737   0.026038   -0.763188   1.05927
3.18411   -0.891932   0.516176   0.431916
3.95943   0.0113387   -0.88582   1.04499
4.02862   0.0372635   -1.01781   1.0399
4.1983   0.0975303   -1.04503   1.02903
4.36665   0.147647   -1.04199   1.01467
4.50714   0.123884   -1.03906   1.00822
4.63894   0.116097   -1.06648   1.00591
4.76777   0.099119   -1.02989   1.00323
4.89364   0.0925275   -1.01046   1.00205
5.01518   0.0856058   -0.971153   1.0009
5.13658   0.0833994   -0.924521   1.00035
5.26309   0.0829941   -0.859826   1.00026
5.38326   0.0801851   -0.786438   1.00002
5.50339   0.0804719   -0.705038   0.999938
5.62762   0.0808778   -0.612426   1.00005
5.74951   0.0816235   -0.509215   0.999919
5.87279   0.0826353   -0.399927   1.00011
5.99505   0.079249   -0.285272   0.999927
