 Location  Dispersion    Centroids   Volume
0.00791816   0.187921   0.00474861   1.03674
0.437774   0.161795   0.435295   0.947353
0.854163   0.173294   0.771463   0.994329
1.28115   0.174083   0.985578   1.01526
1.71378   0.18333   1.02458   1.0282
2.1516   0.187212   0.8688   1.01472
2.5808   0.187851   0.548533   0.992548
3.01007   0.187247   0.133537   0.977261
3.43106   0.185012   -0.301605   0.979303
3.85119   0.180358   -0.681181   0.989592
4.28017   0.176278   -0.938653   1.0101
4.7113   0.178907   -1.03153   1.0258
5.14452   0.17535   -0.922488   1.01468
5.57163   0.150387   -0.657087   0.955069
5.99084   0.168348   -0.291397   1.01423
