 Location  Dispersion    Centroids   Volume
3.28772e-05   0.0198566   -0.000273446   1
0.0300822   0.0197759   0.029952   0.999999
0.0599973   0.0198821   0.0599653   1
0.089999   0.01988   0.0898812   1
0.119997   0.0198806   0.119717   1
0.149997   0.0198803   0.149444   1
0.179996   0.0198797   0.179036   1
0.209996   0.0198791   0.208468   1
0.239995   0.0198784   0.237712   1
0.269995   0.0198776   0.266742   1
0.299994   0.0198767   0.295531   1
0.329993   0.0198758   0.324055   1
0.359993   0.0198747   0.352288   1
0.389992   0.0198736   0.380203   1
0.419992   0.0198724   0.407776   1
0.449992   0.0198712   0.434982   1
0.479991   0.0198699   0.461797   1
0.509991   0.0198685   0.488196   1
0.53999   0.0198671   0.514156   1
0.56999   0.0198656   0.539653   1
0.59999   0.0198641   0.564664   1
0.629989   0.0198619   0.589168   1
0.659992   0.019864   0.613141   1
0.689943   0.0197838   0.636574   0.999999
0.720066   0.0199907   0.659801   1
0.755906   0.019996   0.685668   1
0.786032   0.0197836   0.707549   0.999999
0.815987   0.0198552   0.72844   1
0.845989   0.0198504   0.748664   1
0.875989   0.0198492   0.768215   1
0.905989   0.0198476   0.787074   1
0.935989   0.019846   0.805225   1
0.965989   0.0198444   0.822651   1
0.99599   0.0198429   0.839337   1
1.02599   0.0198414   0.855268   1
1.05599   0.01984   0.870428   1
1.08599   0.0198386   0.884806   1
1.11599   0.0198372   0.898387   1
1.14599   0.019836   0.91116   1
1.17599   0.0198347   0.923113   1
1.20599   0.0198336   0.934235   1
1.23599   0.0198325   0.944516   1
1.26599   0.0198315   0.953948   1
1.29599   0.0198306   0.96252   1
1.32599   0.0198298   0.970227   1
1.356   0.0198291   0.97706   1
1.386   0.0198284   0.983015   1
1.416   0.0198279   0.988084   1
1.446   0.0198274   0.992264   1
1.476   0.019827   0.995552   1
1.506   0.0198268   0.997943   1
1.536   0.0198266   0.999436   1
1.566   0.0198265   1.00003   1
1.596   0.0198266   0.999724   1
1.626   0.0198267   0.998518   1
1.656   0.0198269   0.996414   1
1.686   0.0198273   0.993413   1
1.716   0.0198277   0.989518   1
1.746   0.0198282   0.984732   1
1.776   0.0198288   0.97906   1
1.80601   0.0198296   0.972507   1
1.83601   0.0198303   0.965079   1
1.86601   0.0198312   0.956782   1
1.89601   0.0198322   0.947625   1
1.92601   0.0198332   0.937614   1
1.95601   0.0198344   0.92676   1
1.98601   0.0198356   0.915072   1
2.01601   0.0198368   0.90256   1
2.04601   0.0198381   0.889236   1
2.07601   0.0198395   0.875111   1
2.10601   0.0198409   0.8602   1
2.13601   0.0198423   0.844513   1
2.16601   0.0198455   0.828068   1
2.19598   0.0197948   0.810864   1
2.22607   0.01995   0.792637   1
2.26196   0.0199431   0.770847   1
2.29204   0.0197952   0.751053   1
2.32201   0.0198543   0.730897   1
2.35201   0.0198536   0.710095   1
2.38201   0.0198556   0.688653   1
2.41201   0.0198572   0.666592   1
2.44201   0.0198589   0.643931   1
2.47201   0.0198605   0.620691   1
2.50201   0.0198621   0.596892   1
2.53201   0.0198636   0.572556   1
2.56201   0.0198651   0.547704   1
2.59201   0.0198666   0.52236   1
2.62201   0.0198681   0.496546   1
2.65201   0.0198694   0.470284   1
2.68201   0.0198708   0.4436   1
2.71201   0.019872   0.416516   1
2.74201   0.0198733   0.389058   1
2.77201   0.0198744   0.361249   1
2.80201   0.0198755   0.333115   1
2.83201   0.0198764   0.304682   1
2.86201   0.0198774   0.275974   1
2.89201   0.0198782   0.247018   1
2.922   0.0198789   0.21784   1
2.952   0.0198796   0.188466   1
2.982   0.0198801   0.158922   1
3.012   0.0198806   0.129235   1
3.042   0.019881   0.0994317   1
3.072   0.0198812   0.069539   1
3.102   0.0198814   0.0395837   1
3.132   0.0198815   0.00959274   1
3.162   0.0198815   -0.0204068   1
3.192   0.0198814   -0.050388   1
3.222   0.0198811   -0.0803239   1
3.252   0.0198808   -0.110187   1
3.282   0.0198804   -0.139952   1
3.312   0.0198799   -0.16959   1
3.342   0.0198793   -0.199076   1
3.372   0.0198787   -0.228383   1
3.40199   0.0198779   -0.257484   1
3.43199   0.019877   -0.286353   1
3.46199   0.0198761   -0.314965   1
3.49199   0.0198751   -0.343294   1
3.52199   0.019874   -0.371313   1
3.55199   0.0198728   -0.398998   1
3.58199   0.0198716   -0.426324   1
3.61199   0.0198703   -0.453267   1
3.64199   0.019868   -0.479802   1
3.67199   0.0198716   -0.505905   1
3.70193   0.0197755   -0.531563   0.999999
3.73209   0.0200274   -0.557146   1
3.76789   0.020032   -0.585847   1
3.79804   0.0197752   -0.610288   0.999999
3.82799   0.0198633   -0.633786   1
3.85799   0.0198573   -0.656705   1
3.88799   0.0198563   -0.679032   1
3.91799   0.0198547   -0.700748   1
3.94799   0.019853   -0.721834   1
3.97799   0.0198514   -0.74227   1
4.00799   0.0198497   -0.762038   1
4.03799   0.0198481   -0.78112   1
4.06799   0.0198465   -0.799499   1
4.09799   0.0198449   -0.817159   1
4.12799   0.0198434   -0.834083   1
4.15799   0.0198419   -0.850257   1
4.18799   0.0198404   -0.865665   1
4.21799   0.019839   -0.880295   1
4.24799   0.0198377   -0.894132   1
4.27799   0.0198364   -0.907165   1
4.30799   0.0198351   -0.919381   1
4.33799   0.019834   -0.93077   1
4.36799   0.0198329   -0.941321   1
4.39799   0.0198318   -0.951025   1
4.42799   0.0198309   -0.959873   1
4.45799   0.0198301   -0.967857   1
4.48799   0.0198293   -0.974971   1
4.518   0.0198286   -0.981207   1
4.548   0.019828   -0.98656   1
4.578   0.0198275   -0.991025   1
4.608   0.0198271   -0.994598   1
4.638   0.0198268   -0.997276   1
4.668   0.0198266   -0.999057   1
4.698   0.0198265   -0.999938   1
4.728   0.0198265   -0.99992   1
4.758   0.0198266   -0.999002   1
4.788   0.0198269   -0.997184   1
4.818   0.0198272   -0.99447   1
4.848   0.0198275   -0.99086   1
4.878   0.019828   -0.986359   1
4.908   0.0198286   -0.98097   1
4.93801   0.0198293   -0.974698   1
4.96801   0.0198301   -0.967549   1
4.99801   0.0198309   -0.959529   1
5.02801   0.0198319   -0.950646   1
5.05801   0.0198329   -0.940907   1
5.08801   0.019834   -0.930322   1
5.11801   0.0198352   -0.918899   1
5.14801   0.0198364   -0.906649   1
5.17801   0.0198386   -0.893585   1
5.20799   0.0198042   -0.879702   1
5.23805   0.019913   -0.864787   1
5.27397   0.0199068   -0.846718   1
5.30403   0.0198043   -0.830088   1
5.33401   0.0198465   -0.812974   1
5.36401   0.0198467   -0.79514   1
5.39401   0.0198485   -0.77659   1
5.42401   0.0198501   -0.757341   1
5.45401   0.0198518   -0.73741   1
5.48401   0.0198534   -0.716816   1
5.51401   0.0198551   -0.695577   1
5.54401   0.0198567   -0.673712   1
5.57401   0.0198583   -0.651241   1
5.60401   0.01986   -0.628184   1
5.63401   0.0198616   -0.604561   1
5.66401   0.0198631   -0.580394   1
5.69401   0.0198647   -0.555705   1
5.72401   0.0198662   -0.530516   1
5.75401   0.0198676   -0.50485   1
5.78401   0.019869   -0.478729   1
5.81401   0.0198704   -0.452177   1
5.84401   0.0198716   -0.425218   1
5.87401   0.0198728   -0.397877   1
5.90401   0.0198732   -0.370177   1
5.93401   0.0198757   -0.342144   1
5.96393   0.0197782   -0.313761   0.999999
5.99397   0.0198513   -0.284914   1
