 x 	V[Y|X = x] 
0	0.0105167
0.003	0.0103799
0.006	0.0105363
0.009	0.0108103
0.012	0.010995
0.015	0.0109283
0.018	0.0105607
0.021	0.00997078
0.024	0.00932269
0.027	0.0087968
0.03	0.00852645
0.033	0.00855539
0.036	0.00882428
0.039	0.009194
0.042	0.00950349
0.045	0.00963675
0.048	0.00956334
0.051	0.00933524
0.054	0.00905267
0.057	0.00882306
0.06	0.00872876
0.063	0.0088068
0.066	0.00903873
0.069	0.00935004
0.072	0.00962269
0.075	0.00972588
0.078	0.00956514
0.081	0.00913535
0.084	0.00854681
0.087	0.00799605
0.09	0.00768397
0.093	0.00772174
0.096	0.00807556
0.099	0.00857849
0.102	0.00900201
0.105	0.00915273
0.108	0.00895141
0.111	0.00846295
0.114	0.00786861
0.117	0.00739389
0.12	0.0072188
0.123	0.00740517
0.126	0.00787472
0.129	0.00845155
0.132	0.00894454
0.135	0.00922189
0.138	0.00924358
0.141	0.00905156
0.144	0.00873842
0.147	0.00841399
0.15	0.008179
0.153	0.00810628
0.156	0.00822756
0.159	0.00852373
0.162	0.00891775
0.165	0.00927233
0.168	0.00940071
0.171	0.00911276
0.174	0.00833502
0.177	0.00730146
0.18	0.00659777
0.183	0.00671671
0.186	0.00750713
0.189	0.00837246
0.192	0.00885275
0.195	0.00882505
0.198	0.00839088
0.201	0.00773865
0.204	0.00706495
0.207	0.00653586
0.21	0.00626128
0.213	0.00627129
0.216	0.0065027
0.219	0.00681362
0.222	0.00703506
0.225	0.00704111
0.228	0.00679996
0.231	0.00637865
0.234	0.0059075
0.237	0.00552905
0.24	0.00534912
0.243	0.00539768
0.246	0.00561234
0.249	0.00586091
0.252	0.00600177
0.255	0.00594944
0.258	0.00570541
0.261	0.00534246
0.264	0.00496454
0.267	0.00466874
0.27	0.00451831
0.273	0.00452432
0.276	0.00463913
0.279	0.00477195
0.282	0.00482798
0.285	0.00475224
0.288	0.00455025
0.291	0.00427551
0.294	0.00399924
0.297	0.00378376
0.3	0.00366624
0.303	0.00364918
0.306	0.00369781
0.309	0.0037513
0.312	0.00374949
0.315	0.00366195
0.318	0.00349954
0.321	0.0033017
0.324	0.00311322
0.327	0.00296764
0.33	0.00288081
0.333	0.00284749
0.336	0.00284002
0.339	0.00281652
0.342	0.00274202
0.345	0.00261032
0.348	0.00244739
0.351	0.00229172
0.354	0.00216936
0.357	0.00208405
0.36	0.00202286
0.363	0.00196407
0.366	0.00188226
0.369	0.00175797
0.372	0.0015931
0.375	0.00141713
0.378	0.00127153
0.381	0.00118243
0.384	0.00114489
0.387	0.00112905
0.39	0.00109773
0.393	0.00102055
0.396	0.000880183
0.399	0.000676316
0.402	0.00043174
0.405	0.000194519
0.408	2.40669e-05
0.411	-4.107e-05
0.414	-1.38937e-05
0.417	3.963e-05
0.42	3.34187e-05
0.423	-9.5847e-05
0.426	-0.000361409
0.429	-0.000720207
0.432	-0.00108369
0.435	-0.00134701
0.438	-0.00143465
0.441	-0.00134205
0.444	-0.00114403
0.447	-0.000961379
0.45	-0.00090781
0.453	-0.00104804
0.456	-0.00137981
0.459	-0.00183464
0.462	-0.0022932
0.465	-0.00262056
0.468	-0.00272104
0.471	-0.00258901
0.474	-0.00232029
0.477	-0.00207181
0.48	-0.00199285
0.483	-0.00216594
0.486	-0.00257851
0.489	-0.00312682
0.492	-0.00364824
0.495	-0.00397946
0.498	-0.00402554
0.501	-0.00380589
0.504	-0.00344721
0.507	-0.00312744
0.51	-0.00300525
0.513	-0.00316852
0.516	-0.00361244
0.519	-0.00424076
0.522	-0.00488576
0.525	-0.00535268
0.528	-0.00549166
0.531	-0.00527461
0.534	-0.00482859
0.537	-0.00439124
0.54	-0.00420889
0.543	-0.00443713
0.546	-0.00508825
0.549	-0.006028
0.552	-0.0070059
0.555	-0.0077155
0.558	-0.00789466
0.561	-0.00745791
0.564	-0.0066007
0.567	-0.00577309
0.57	-0.0054721
0.573	-0.00595726
0.576	-0.00709573
0.579	-0.00844587
0.582	-0.00949918
0.585	-0.00991535
0.588	-0.00963524
0.591	-0.00885557
0.594	-0.00791796
0.597	-0.00717795
0.6	-0.00689681
0.603	-0.00717335
0.606	-0.0079191
0.609	-0.00888163
0.612	-0.00972285
0.615	-0.0101434
0.618	-0.0100076
0.621	-0.00940343
0.624	-0.00860029
0.627	-0.00793367
0.63	-0.00767966
0.633	-0.00796848
0.636	-0.00875022
0.639	-0.00980696
0.642	-0.0108091
0.645	-0.011418
0.648	-0.0114198
0.651	-0.0108347
0.654	-0.00993343
0.657	-0.00913259
0.66	-0.00881934
0.663	-0.0091932
0.666	-0.0101898
0.669	-0.0115028
0.672	-0.012691
0.675	-0.0133429
0.678	-0.0132455
0.681	-0.0124823
0.684	-0.0114034
0.687	-0.0104815
0.69	-0.0101234
0.693	-0.0105207
0.696	-0.0115857
0.699	-0.0129819
0.702	-0.0142398
0.705	-0.0149327
0.708	-0.0148504
0.711	-0.0140908
0.714	-0.0130174
0.717	-0.0121084
0.72	-0.0117795
0.723	-0.0122538
0.726	-0.0135096
0.729	-0.015297
0.732	-0.0172053
0.735	-0.0187677
0.738	-0.0195882
0.741	-0.0194624
0.744	-0.0184491
0.747	-0.0168628
0.75	-0.0151821
0.753	-0.0139071
0.756	-0.0134109
0.759	-0.013829
0.762	-0.0150115
0.765	-0.0165537
0.768	-0.0179134
0.771	-0.0185985
0.774	-0.0183647
0.777	-0.0173289
0.78	-0.0159298
0.783	-0.0147498
0.786	-0.0142858
0.789	-0.0147651
0.792	-0.0160666
0.795	-0.0177604
0.798	-0.0192572
0.801	-0.02003
0.804	-0.0198281
0.807	-0.0187851
0.81	-0.0173625
0.813	-0.0161584
0.816	-0.0156774
0.819	-0.0161529
0.822	-0.01747
0.825	-0.0192025
0.828	-0.0207543
0.831	-0.0215779
0.834	-0.0213967
0.837	-0.0203292
0.84	-0.0188448
0.843	-0.0175713
0.846	-0.0170511
0.849	-0.0175492
0.852	-0.0189661
0.855	-0.0208665
0.858	-0.0226132
0.861	-0.0235872
0.864	-0.0234347
0.867	-0.0222399
0.87	-0.0205208
0.873	-0.0190278
0.876	-0.0184341
0.879	-0.0190627
0.882	-0.0207591
0.885	-0.0229491
0.888	-0.024857
0.891	-0.0258089
0.894	-0.0255046
0.897	-0.0241376
0.9	-0.022308
0.903	-0.0207771
0.906	-0.020176
0.909	-0.0207823
0.912	-0.022425
0.915	-0.0245427
0.918	-0.0263812
0.921	-0.0272786
0.924	-0.0269329
0.927	-0.025528
0.93	-0.0236545
0.933	-0.0220685
0.936	-0.0214052
0.939	-0.0219579
0.942	-0.0235808
0.945	-0.0257339
0.948	-0.0276597
0.951	-0.0286587
0.954	-0.0283726
0.957	-0.0269489
0.96	-0.0249934
0.963	-0.0233255
0.966	-0.0226525
0.969	-0.0233022
0.972	-0.0251049
0.975	-0.0274512
0.978	-0.0295105
0.981	-0.0305462
0.984	-0.0302136
0.987	-0.0287062
0.99	-0.0266756
0.993	-0.0249657
0.996	-0.0242862
0.999	-0.0249568
1.002	-0.0267966
1.005	-0.029185
1.008	-0.0312771
1.011	-0.03232
1.014	-0.0319556
1.017	-0.030375
1.02	-0.0282436
1.023	-0.0264328
1.026	-0.0256821
1.029	-0.0263292
1.032	-0.0281902
1.035	-0.0306212
1.038	-0.032746
1.041	-0.0337883
1.044	-0.0333867
1.047	-0.0317493
1.05	-0.0295694
1.053	-0.0277424
1.056	-0.0270169
1.059	-0.0277197
1.062	-0.0296394
1.065	-0.0321009
1.068	-0.0342116
1.071	-0.0352067
1.074	-0.0347583
1.077	-0.0331079
1.08	-0.0309578
1.083	-0.0291833
1.086	-0.0285007
1.089	-0.0292157
1.092	-0.0311211
1.095	-0.0335648
1.098	-0.0356744
1.101	-0.0366835
1.104	-0.03624
1.107	-0.0345587
1.11	-0.0323371
1.113	-0.0304744
1.116	-0.0297241
1.119	-0.0304196
1.122	-0.0323563
1.125	-0.0348599
1.128	-0.0370275
1.131	-0.0380709
1.134	-0.037636
1.137	-0.0359505
1.14	-0.0337268
1.143	-0.0318721
1.146	-0.0311401
1.149	-0.0318616
1.152	-0.0338312
1.155	-0.0363755
1.158	-0.0385891
1.161	-0.0396745
1.164	-0.0392632
1.167	-0.0375704
1.17	-0.0353073
1.173	-0.033393
1.176	-0.0326051
1.179	-0.0333033
1.182	-0.0353071
1.185	-0.0379481
1.188	-0.040291
1.191	-0.0414715
1.194	-0.0410468
1.197	-0.0392047
1.2	-0.0367145
1.203	-0.0346221
1.206	-0.0338261
1.209	-0.0347178
1.212	-0.0370271
1.215	-0.0399259
1.218	-0.0423526
1.221	-0.0434362
1.224	-0.0428426
1.227	-0.0408909
1.23	-0.0384002
1.233	-0.0363563
1.236	-0.0355493
1.239	-0.0363049
1.242	-0.0383796
1.245	-0.0410406
1.248	-0.0433196
1.251	-0.0443752
1.254	-0.043832
1.257	-0.0419418
1.26	-0.0394837
1.263	-0.0374504
1.266	-0.036666
1.269	-0.0374857
1.272	-0.0396705
1.275	-0.0424704
1.278	-0.044893
1.281	-0.0460756
1.284	-0.045622
1.287	-0.0437557
1.29	-0.041222
1.293	-0.0389904
1.296	-0.037891
1.299	-0.038319
1.302	-0.0400969
1.305	-0.0425347
1.308	-0.0446828
1.311	-0.0457047
1.314	-0.0452203
1.317	-0.0434605
1.32	-0.0411572
1.323	-0.0392373
1.326	-0.0384685
1.329	-0.0391917
1.332	-0.0412078
1.335	-0.04384
1.338	-0.0461579
1.341	-0.047319
1.344	-0.0469112
1.347	-0.0451458
1.35	-0.0427903
1.353	-0.0408587
1.356	-0.0402031
1.359	-0.0411789
1.362	-0.043508
1.365	-0.0463817
1.368	-0.04877
1.371	-0.0498257
1.374	-0.0492228
1.377	-0.0472765
1.38	-0.0448005
1.383	-0.0427793
1.386	-0.0420037
1.389	-0.0427996
1.392	-0.0449192
1.395	-0.0476211
1.398	-0.0499253
1.401	-0.0509778
1.404	-0.0503954
1.407	-0.0484342
1.41	-0.0458937
1.413	-0.0437974
1.416	-0.0429957
1.419	-0.0438498
1.422	-0.0460997
1.425	-0.0489523
1.428	-0.0513696
1.431	-0.0524663
1.434	-0.0518661
1.437	-0.0498564
1.44	-0.0472672
1.443	-0.045136
1.446	-0.0443105
1.449	-0.045141
1.452	-0.0473564
1.455	-0.0501583
1.458	-0.0525119
1.461	-0.0535449
1.464	-0.0528995
1.467	-0.0508784
1.47	-0.0483143
1.473	-0.0462322
1.476	-0.0454589
1.479	-0.0463257
1.482	-0.0485533
1.485	-0.0513478
1.488	-0.0536877
1.491	-0.0547144
1.494	-0.0540777
1.497	-0.0520784
1.5	-0.0495397
1.503	-0.0474753
1.506	-0.0467051
1.509	-0.0475618
1.512	-0.0497738
1.515	-0.0525521
1.518	-0.0548653
1.521	-0.0558271
1.524	-0.0550578
1.527	-0.0528563
1.53	-0.0500908
1.533	-0.0478518
1.536	-0.0470217
1.539	-0.0479352
1.542	-0.0502577
1.545	-0.0531264
1.548	-0.0555056
1.551	-0.0566081
1.554	-0.0561924
1.557	-0.0546084
1.56	-0.0526069
1.563	-0.0510365
1.566	-0.0505621
1.569	-0.0514771
1.572	-0.0536226
1.575	-0.056406
1.578	-0.0589215
1.581	-0.0601889
1.584	-0.0595087
1.587	-0.0568493
1.59	-0.0530665
1.593	-0.0497072
1.596	-0.0483267
1.599	-0.0496432
1.602	-0.0531055
1.605	-0.057211
1.608	-0.060327
1.611	-0.0614436
1.614	-0.0604689
1.617	-0.0580693
1.62	-0.0552817
1.623	-0.0531176
1.626	-0.0522686
1.629	-0.0529409
1.632	-0.0548197
1.635	-0.0571686
1.638	-0.0590675
1.641	-0.059744
1.644	-0.0588862
1.647	-0.0567879
1.65	-0.0542425
1.653	-0.0522294
1.656	-0.0515366
1.659	-0.0524682
1.662	-0.0547301
1.665	-0.0575256
1.668	-0.0598388
1.671	-0.0608218
1.674	-0.0601374
1.677	-0.0581003
1.68	-0.0555462
1.683	-0.0534955
1.686	-0.0527663
1.689	-0.0536801
1.692	-0.0559479
1.695	-0.0587622
1.698	-0.0610797
1.701	-0.0620173
1.704	-0.0612155
1.707	-0.0590026
1.71	-0.0562697
1.713	-0.0541118
1.716	-0.0533988
1.719	-0.0544473
1.722	-0.0569041
1.725	-0.0598742
1.728	-0.0622606
1.731	-0.0631971
1.734	-0.0623954
1.737	-0.0602478
1.74	-0.057646
1.743	-0.0556204
1.746	-0.0549614
1.749	-0.0559531
1.752	-0.0582791
1.755	-0.0611199
1.758	-0.0634287
1.761	-0.0643213
1.764	-0.0634432
1.767	-0.0611402
1.77	-0.058335
1.773	-0.0561585
1.776	-0.0555073
1.779	-0.0567052
1.782	-0.0593801
1.785	-0.0625891
1.788	-0.0651607
1.791	-0.0661507
1.794	-0.0652308
1.797	-0.0628284
1.8	-0.0599467
1.803	-0.0577597
1.806	-0.0571684
1.809	-0.0584832
1.812	-0.0613135
1.815	-0.0646891
1.818	-0.0673892
1.821	-0.0684019
1.824	-0.0673473
1.827	-0.0646662
1.83	-0.0614613
1.833	-0.059058
1.836	-0.0584912
1.839	-0.0601211
1.842	-0.0634915
1.845	-0.0674547
1.848	-0.0705367
1.851	-0.0714651
1.854	-0.0697055
1.857	-0.0657816
1.86	-0.0611731
1.863	-0.0577516
1.866	-0.0569654
1.869	-0.0591785
1.872	-0.063541
1.875	-0.0684644
1.878	-0.0723942
1.881	-0.0744174
1.884	-0.0744436
1.887	-0.0730217
1.89	-0.0710149
1.893	-0.0693162
1.896	-0.0686758
1.899	-0.0696291
1.902	-0.072488
1.905	-0.0773604
1.908	-0.084177
1.911	-0.0927184
1.914	-0.102639
1.917	-0.113488
1.92	-0.124739
1.923	-0.135814
1.926	-0.146121
1.929	-0.155084
1.932	-0.162173
1.935	-0.166849
1.938	-0.0304181
1.941	-0.168358
1.944	-0.164693
1.947	-0.15728
1.95	-0.144551
1.953	-0.119473
1.956	-0.065423
1.959	-0.086825
1.962	-0.105849
1.965	-0.102816
1.968	-0.095273
1.971	-0.0872731
1.974	-0.0800932
1.977	-0.0742858
1.98	-0.0700987
1.983	-0.0675693
1.986	-0.0665388
1.989	-0.0666522
1.992	-0.0673805
1.995	-0.0680923
1.998	-0.068187
2.001	-0.067268
2.004	-0.0652937
2.007	-0.0626253
2.01	-0.0599253
2.013	-0.0579308
2.016	-0.0571895
2.019	-0.0578536
2.022	-0.0596046
2.025	-0.0617399
2.028	-0.0634093
2.031	-0.0639316
2.034	-0.0630681
2.037	-0.061124
2.04	-0.0588255
2.043	-0.057029
2.046	-0.056391
2.049	-0.0571252
2.052	-0.0589239
2.055	-0.0610692
2.058	-0.0627051
2.061	-0.0631747
2.064	-0.0622841
2.067	-0.0603701
2.07	-0.0581491
2.073	-0.0564267
2.076	-0.0557947
2.079	-0.056424
2.082	-0.0580126
2.085	-0.0599046
2.088	-0.0613466
2.091	-0.0617869
2.094	-0.0610881
2.097	-0.0595593
2.1	-0.0578072
2.103	-0.056491
2.106	-0.0560853
2.109	-0.0567238
2.112	-0.0581546
2.115	-0.059815
2.118	-0.0610177
2.121	-0.0612059
2.124	-0.0601892
2.127	-0.0582498
2.13	-0.0560533
2.133	-0.0543874
2.136	-0.0538444
2.139	-0.054581
2.142	-0.0562558
2.145	-0.0581711
2.148	-0.059564
2.151	-0.0599175
2.154	-0.059149
2.157	-0.0576029
2.16	-0.0558777
2.163	-0.0545858
2.166	-0.0541411
2.169	-0.0546332
2.172	-0.0558093
2.175	-0.0571686
2.178	-0.0581456
2.181	-0.0583274
2.184	-0.0576161
2.187	-0.056263
2.19	-0.0547619
2.193	-0.0536544
2.196	-0.0533334
2.199	-0.0539081
2.202	-0.0551667
2.205	-0.0566448
2.208	-0.0577862
2.211	-0.0581515
2.214	-0.0575956
2.217	-0.0563344
2.22	-0.0548665
2.223	-0.0537845
2.226	-0.0535615
2.229	-0.0543903
2.232	-0.0561206
2.235	-0.0583063
2.238	-0.0603447
2.241	-0.0616666
2.244	-0.0619151
2.247	-0.0610492
2.25	-0.0593382
2.253	-0.05726
2.256	-0.0553489
2.259	-0.0540458
2.262	-0.0535863
2.265	-0.0539446
2.268	-0.0548423
2.271	-0.0558275
2.274	-0.0564172
2.277	-0.05627
2.28	-0.0553229
2.283	-0.0538266
2.286	-0.0522551
2.289	-0.0511264
2.292	-0.0508095
2.295	-0.0513884
2.298	-0.0526234
2.301	-0.0540256
2.304	-0.0550285
2.307	-0.0552048
2.31	-0.0544445
2.313	-0.0530071
2.316	-0.0514192
2.319	-0.0502661
2.322	-0.0499689
2.325	-0.050629
2.328	-0.0519883
2.331	-0.0535156
2.334	-0.0545992
2.337	-0.0547813
2.34	-0.0539415
2.343	-0.0523437
2.346	-0.0505252
2.349	-0.0490846
2.352	-0.0484607
2.355	-0.0487812
2.358	-0.0498269
2.361	-0.0511211
2.364	-0.0521182
2.367	-0.05242
2.37	-0.0519253
2.373	-0.0508475
2.376	-0.0496055
2.379	-0.0486539
2.382	-0.0483251
2.385	-0.0487257
2.388	-0.049699
2.391	-0.0508588
2.394	-0.0516986
2.397	-0.0517698
2.4	-0.0508807
2.403	-0.0492254
2.406	-0.0473524
2.409	-0.0459573
2.412	-0.0455887
2.415	-0.0464078
2.418	-0.0481123
2.421	-0.0500578
2.424	-0.051526
2.427	-0.0520205
2.43	-0.0514496
2.433	-0.0501229
2.436	-0.0485899
2.439	-0.0474217
2.442	-0.0470258
2.445	-0.0475373
2.448	-0.0487913
2.451	-0.050375
2.454	-0.0517553
2.457	-0.0524643
2.46	-0.0522801
2.463	-0.0513229
2.466	-0.0500148
2.469	-0.0489256
2.472	-0.0485841
2.475	-0.0493254
2.478	-0.0511963
2.481	-0.053913
2.484	-0.0568645
2.487	-0.0591909
2.49	-0.0599983
2.493	-0.0587427
2.496	-0.0556713
2.499	-0.0520062
2.502	-0.0495769
2.505	-0.050038
2.508	-0.0542008
2.511	-0.0618359
2.514	-0.0718614
2.517	-0.0826476
2.52	-0.0922539
2.523	-0.0985439
2.526	-0.0992057
2.529	-0.091786
2.532	-0.0740727
2.535	-0.0457481
2.538	-0.0126232
2.541	0.0108262
2.544	0.0167153
2.547	0.009371
2.55	-0.0146193
2.553	-0.0457546
2.556	-0.0704345
2.559	-0.0846461
2.562	-0.0898655
2.565	-0.0886873
2.568	-0.0833833
2.571	-0.0757016
2.574	-0.066974
2.577	-0.0582501
2.58	-0.0503881
2.583	-0.0440803
2.586	-0.0397998
2.589	-0.0376773
2.592	-0.0373861
2.595	-0.0381798
2.598	-0.0391577
2.601	-0.0396224
2.604	-0.0392871
2.607	-0.0382375
2.61	-0.0367591
2.613	-0.0351708
2.616	-0.0337251
2.619	-0.03257
2.622	-0.0317453
2.625	-0.0311998
2.628	-0.0308207
2.631	-0.0304731
2.634	-0.0300437
2.637	-0.0294751
2.64	-0.0287798
2.643	-0.0280281
2.646	-0.0273172
2.649	-0.0267343
2.652	-0.0263267
2.655	-0.0260879
2.658	-0.0259617
2.661	-0.0258632
2.664	-0.0257098
2.667	-0.02545
2.67	-0.0250803
2.673	-0.0246426
2.676	-0.0242044
2.679	-0.023832
2.682	-0.0235649
2.685	-0.0234019
2.688	-0.0233004
2.691	-0.0231905
2.694	-0.0229997
2.697	-0.0226807
2.7	-0.0222313
2.703	-0.0216974
2.706	-0.0211572
2.709	-0.0206912
2.712	-0.0203521
2.715	-0.0201447
2.718	-0.0200239
2.721	-0.019913
2.724	-0.0197332
2.727	-0.0194346
2.73	-0.0190144
2.733	-0.0185152
2.736	-0.0180051
2.739	-0.017551
2.742	-0.0171934
2.745	-0.0169344
2.748	-0.016739
2.751	-0.0165499
2.754	-0.0163112
2.757	-0.0159896
2.76	-0.0155868
2.763	-0.0151368
2.766	-0.0146903
2.769	-0.0142951
2.772	-0.0139783
2.775	-0.0137387
2.778	-0.0135486
2.781	-0.0133661
2.784	-0.0131515
2.787	-0.0128825
2.79	-0.0125618
2.793	-0.0122142
2.796	-0.0118752
2.799	-0.0115764
2.802	-0.0113332
2.805	-0.0111385
2.808	-0.0109637
2.811	-0.0107671
2.814	-0.0105077
2.817	-0.010161
2.82	-0.00972976
2.823	-0.00924485
2.826	-0.00875386
2.829	-0.00830182
2.832	-0.00791268
2.835	-0.00758055
2.838	-0.00727474
2.841	-0.00695584
2.844	-0.00659423
2.847	-0.00618167
2.85	-0.00573149
2.853	-0.00526953
2.856	-0.0048222
2.859	-0.00440714
2.862	-0.00402913
2.865	-0.00368099
2.868	-0.00334781
2.871	-0.00301309
2.874	-0.00266471
2.877	-0.00229888
2.88	-0.00192067
2.883	-0.00154088
2.886	-0.00117073
2.889	-0.000816923
2.892	-0.000478945
2.895	-0.000149318
2.898	0.000183442
2.901	0.000530411
2.904	0.00089795
2.907	0.00128529
2.91	0.00168524
2.913	0.0020878
2.916	0.00248497
2.919	0.00287429
2.922	0.00325954
2.925	0.00364872
2.928	0.00405025
2.931	0.00446905
2.934	0.00490405
2.937	0.00534811
2.94	0.00579086
2.943	0.00622309
2.946	0.00664078
2.949	0.00704666
2.952	0.00744855
2.955	0.00785574
2.958	0.00827487
2.961	0.00870728
2.964	0.00914851
2.967	0.00959043
2.97	0.0100252
2.973	0.0104495
2.976	0.010867
2.979	0.0112878
2.982	0.0117243
2.985	0.0121863
2.988	0.0126762
2.991	0.0131879
2.994	0.0137084
2.997	0.0142225
3	0.0147194
3.003	0.0151978
3.006	0.0156673
3.009	0.016146
3.012	0.0166524
3.015	0.0171988
3.018	0.0177848
3.021	0.0183972
3.024	0.0190139
3.027	0.0196123
3.03	0.020178
3.033	0.0207119
3.036	0.0212305
3.039	0.0217604
3.042	0.0223277
3.045	0.0229475
3.048	0.0236173
3.051	0.024317
3.054	0.0250163
3.057	0.0256863
3.06	0.0263119
3.063	0.0268986
3.066	0.0274724
3.069	0.0280702
3.072	0.0287254
3.075	0.0294544
3.078	0.0302495
3.081	0.0310805
3.084	0.031906
3.087	0.0326898
3.09	0.0334157
3.093	0.0340963
3.096	0.0347696
3.099	0.0354855
3.102	0.0362859
3.105	0.0371879
3.108	0.038175
3.111	0.0392009
3.114	0.0402057
3.117	0.0411372
3.12	0.0419716
3.123	0.042725
3.126	0.0434484
3.129	0.0442098
3.132	0.0450679
3.135	0.0460491
3.138	0.0471362
3.141	0.0482744
3.144	0.0493919
3.147	0.0504291
3.15	0.0513651
3.153	0.0522295
3.156	0.0530946
3.159	0.0540478
3.162	0.0551566
3.165	0.0564391
3.168	0.0578522
3.171	0.0593036
3.174	0.0606834
3.177	0.0619079
3.18	0.0629575
3.183	0.0638926
3.186	0.0648388
3.189	0.0659438
3.192	0.0673216
3.195	0.0690066
3.198	0.0709347
3.201	0.0729603
3.204	0.0749062
3.207	0.0766305
3.21	0.0780875
3.213	0.0793534
3.216	0.0806045
3.219	0.082052
3.222	0.0838588
3.225	0.0860711
3.228	0.0885907
3.231	0.0912005
3.234	0.0936383
3.237	0.0957005
3.24	0.0973342
3.243	0.0986789
3.246	0.10003
3.249	0.101734
3.252	0.104052
3.255	0.107053
3.258	0.110564
3.261	0.114217
3.264	0.117562
3.267	0.120251
3.27	0.122197
3.273	0.123648
3.276	0.125125
3.279	0.127231
3.282	0.130419
3.285	0.134796
3.288	0.14005
3.291	0.145507
3.294	0.150349
3.297	0.153933
3.3	0.156095
3.303	0.157299
3.306	0.158515
3.309	0.160862
3.312	0.165173
3.315	0.171652
3.318	0.179726
3.321	0.188155
3.324	0.195409
3.327	0.200262
3.33	0.202399
3.333	0.202697
3.336	0.202969
3.339	0.205277
3.342	0.211142
3.345	0.220949
3.348	0.233694
3.351	0.247128
3.354	0.258395
3.357	0.265145
3.36	0.266726
3.363	0.264746
3.366	0.26254
3.369	0.263831
3.372	0.271331
3.375	0.285769
3.378	0.305464
3.381	0.326491
3.384	0.343715
3.387	0.352842
3.39	0.352736
3.393	0.346418
3.396	0.339866
3.399	0.339467
3.402	0.349729
3.405	0.371923
3.408	0.403438
3.411	0.437809
3.414	0.466121
3.417	0.480484
3.42	0.478376
3.423	0.464583
3.426	0.448907
3.429	0.44169
3.432	0.450314
3.435	0.477483
3.438	0.520274
3.441	0.569475
3.444	0.610721
3.447	0.62989
3.45	0.621701
3.453	0.594386
3.456	0.565266
3.459	0.551891
3.462	0.566067
3.465	0.611731
3.468	0.683668
3.471	0.7659
3.474	0.833419
3.477	0.862728
3.48	0.847492
3.483	0.803785
3.486	0.758939
3.489	0.737355
3.492	0.754334
3.495	0.815596
3.498	0.916098
3.501	1.03574
3.504	1.13736
3.507	1.1796
3.51	1.14628
3.513	1.06241
3.516	0.975366
3.519	0.926615
3.522	0.941043
3.525	1.02873
3.528	1.18439
3.531	1.3782
3.534	1.54779
3.537	1.61971
3.54	1.56663
3.543	1.4346
3.546	1.30052
3.549	1.22361
3.552	1.23569
3.555	1.34977
3.558	1.56111
3.561	1.83071
3.564	2.06421
3.567	2.1405
3.57	2.01809
3.573	1.78698
3.576	1.579
3.579	1.48241
3.582	1.53964
3.585	1.76925
3.588	2.16082
3.591	2.62382
3.594	2.93622
3.597	2.87266
3.6	2.48179
3.603	2.03405
3.606	1.74136
3.609	1.69139
3.612	1.91564
3.615	2.42341
3.618	3.16513
3.621	3.95244
3.624	4.47251
3.627	4.52474
3.63	4.2018
3.633	3.73893
3.636	3.3127
3.639	3.00347
3.642	2.83648
3.645	2.81822
3.648	2.9543
3.651	3.25575
3.654	3.73938
3.657	4.4231
3.66	5.31497
3.663	6.39435
3.666	7.58853
3.669	8.76068
3.672	9.734
3.675	10.3586
3.678	10.5804
3.681	10.454
3.684	10.0978
3.687	9.6352
3.69	9.16121
3.693	8.73648
3.696	8.39451
3.699	8.15171
3.702	8.01542
3.705	7.9891
3.708	8.07532
3.711	8.2773
3.714	8.59945
3.717	9.04715
3.72	9.62579
3.723	10.339
3.726	11.1856
3.729	12.1556
3.732	13.2247
3.735	14.349
3.738	15.462
3.741	16.4769
3.744	17.2981
3.747	17.8402
3.75	18.0505
3.753	17.9232
3.756	17.4995
3.759	16.8526
3.762	16.0681
3.765	15.2261
3.768	14.3909
3.771	13.6085
3.774	12.9086
3.777	12.3077
3.78	11.814
3.783	11.43
3.786	11.155
3.789	10.9865
3.792	10.9212
3.795	10.9547
3.798	11.0816
3.801	11.2946
3.804	11.5832
3.807	11.9321
3.81	12.3202
3.813	12.7188
3.816	13.0919
3.819	13.3973
3.822	13.5913
3.825	13.6349
3.828	13.5025
3.831	13.1882
3.834	12.7103
3.837	12.1085
3.84	11.4379
3.843	10.7597
3.846	10.1331
3.849	9.61013
3.852	9.23295
3.855	9.03394
3.858	9.03624
3.861	9.25341
3.864	9.68664
3.867	10.3181
3.87	11.0994
3.873	11.9357
3.876	12.6726
3.879	13.1001
3.882	12.9965
3.885	12.2363
3.888	10.974
3.891	9.77624
3.894	9.40626
3.897	10.2907
3.9	12.0853
3.903	13.5965
3.906	13.444
3.909	11.9471
3.912	12.5592
3.915	13.8377
3.918	12.668
3.921	12.9455
3.924	6.69526
3.927	2.75863
3.93	5.24844
3.933	9.8274
3.936	13.0497
3.939	14.2085
3.942	13.8709
3.945	12.7972
3.948	11.5823
3.951	10.5991
3.954	10.0023
3.957	9.74705
3.96	9.66029
3.963	9.56131
3.966	9.35254
3.969	9.03309
3.972	8.66192
3.975	8.31347
3.978	8.04641
3.981	7.88881
3.984	7.83641
3.987	7.85994
3.99	7.91771
3.993	7.96931
3.996	7.98608
3.999	7.95555
4.002	7.88046
4.005	7.77401
4.008	7.65428
4.011	7.53914
4.014	7.44287
4.017	7.37427
4.02	7.33619
4.023	7.32606
4.026	7.33707
4.029	7.35982
4.032	7.38413
4.035	7.40082
4.038	7.40327
4.041	7.3884
4.044	7.35696
4.047	7.31315
4.05	7.2637
4.053	7.21664
4.056	7.18001
4.059	7.16083
4.062	7.16419
4.065	7.19277
4.068	7.24657
4.071	7.32275
4.074	7.41579
4.077	7.51776
4.08	7.61883
4.083	7.70813
4.086	7.77495
4.089	7.81009
4.092	7.80742
4.095	7.76503
4.098	7.68589
4.101	7.57773
4.104	7.45216
4.107	7.32324
4.11	7.20595
4.113	7.11483
4.116	7.06303
4.119	7.06176
4.122	7.1201
4.125	7.24489
4.128	7.44047
4.131	7.70799
4.134	8.04398
4.137	8.43782
4.14	8.86799
4.143	9.29746
4.146	9.67
4.149	9.91128
4.152	9.94039
4.155	9.69477
4.158	9.16133
4.161	8.39444
4.164	7.5037
4.167	6.61702
4.17	5.84373
4.173	5.25746
4.176	4.89961
4.179	4.79295
4.182	4.95651
4.185	5.41696
4.188	6.21421
4.191	7.39428
4.194	8.96735
4.197	10.7833
4.2	12.3062
4.203	12.5892
4.206	11.0926
4.209	8.55417
4.212	6.17683
4.215	4.56114
4.218	3.78034
4.221	3.78896
4.224	4.66227
4.227	6.77089
4.23	11.0753
4.233	19.2802
4.236	29.1007
4.239	24.8109
4.242	12.9842
4.245	6.39615
4.248	3.69347
4.251	3.04437
4.254	3.98469
4.257	7.31725
4.26	16.7783
4.263	44.9717
4.266	64.5552
4.269	27.6481
4.272	11.3705
4.275	5.59746
4.278	3.27202
4.281	2.40298
4.284	2.38003
4.287	2.99945
4.29	4.03992
4.293	4.9053
4.296	4.86836
4.299	4.00475
4.302	2.97246
4.305	2.17467
4.308	1.69697
4.311	1.5082
4.314	1.54496
4.317	1.71337
4.32	1.88993
4.323	1.97041
4.326	1.92763
4.329	1.8039
4.332	1.65843
4.335	1.53327
4.338	1.44874
4.341	1.40993
4.344	1.41238
4.347	1.44427
4.35	1.4864
4.353	1.5117
4.356	1.48677
4.359	1.37855
4.362	1.17249
4.365	0.911872
4.368	0.734333
4.371	0.768341
4.374	0.93839
4.377	1.08413
4.38	1.14985
4.383	1.15387
4.386	1.12517
4.389	1.08392
4.392	1.04125
4.395	1.0022
4.398	0.968079
4.401	0.937852
4.404	0.909068
4.407	0.878592
4.41	0.843415
4.413	0.801621
4.416	0.753321
4.419	0.701176
4.422	0.650089
4.425	0.605974
4.428	0.573981
4.431	0.556808
4.434	0.553646
4.437	0.560093
4.44	0.569224
4.443	0.573779
4.446	0.568852
4.449	0.553798
4.452	0.532223
4.455	0.510088
4.458	0.4931
4.461	0.484668
4.464	0.484948
4.467	0.49098
4.47	0.49777
4.473	0.500141
4.476	0.494796
4.479	0.481655
4.482	0.463716
4.485	0.445586
4.488	0.431555
4.491	0.424113
4.494	0.423273
4.497	0.426681
4.5	0.430447
4.503	0.430549
4.506	0.424437
4.509	0.412102
4.512	0.396038
4.515	0.380095
4.518	0.367894
4.521	0.361529
4.524	0.360942
4.527	0.364026
4.53	0.367401
4.533	0.367681
4.536	0.36282
4.539	0.352925
4.542	0.340104
4.545	0.327476
4.548	0.317897
4.551	0.312975
4.554	0.312626
4.557	0.31522
4.56	0.318222
4.563	0.319143
4.566	0.316484
4.569	0.310237
4.572	0.301741
4.575	0.293022
4.578	0.285973
4.581	0.281713
4.584	0.280282
4.587	0.280677
4.59	0.281199
4.593	0.280064
4.596	0.276077
4.599	0.269144
4.602	0.260338
4.605	0.25148
4.608	0.244423
4.611	0.240364
4.614	0.239416
4.617	0.240571
4.62	0.242042
4.623	0.241919
4.626	0.23894
4.629	0.23303
4.632	0.225353
4.635	0.217804
4.638	0.21222
4.641	0.209656
4.644	0.210006
4.647	0.212066
4.65	0.214016
4.653	0.214141
4.656	0.211533
4.659	0.206431
4.662	0.200057
4.665	0.194061
4.668	0.18985
4.671	0.188092
4.674	0.188524
4.677	0.190107
4.68	0.191444
4.683	0.19133
4.686	0.189202
4.689	0.185309
4.692	0.180537
4.695	0.176011
4.698	0.172666
4.701	0.170933
4.704	0.170634
4.707	0.171075
4.71	0.171311
4.713	0.170507
4.716	0.168256
4.719	0.164732
4.722	0.160602
4.725	0.156753
4.728	0.153947
4.731	0.152551
4.734	0.152413
4.737	0.152921
4.74	0.153222
4.743	0.15254
4.746	0.150482
4.749	0.1472
4.752	0.143334
4.755	0.139755
4.758	0.13723
4.761	0.136134
4.764	0.136317
4.767	0.137161
4.77	0.137815
4.773	0.137516
4.776	0.135886
4.779	0.13308
4.782	0.129709
4.785	0.126583
4.788	0.1244
4.791	0.123484
4.794	0.123686
4.797	0.124452
4.8	0.125044
4.803	0.12483
4.806	0.123528
4.809	0.121304
4.812	0.118684
4.815	0.116328
4.818	0.114773
4.821	0.114241
4.824	0.114564
4.827	0.115259
4.83	0.115704
4.833	0.115375
4.836	0.114043
4.839	0.111854
4.842	0.109269
4.845	0.106875
4.848	0.105172
4.851	0.104389
4.854	0.104418
4.857	0.104861
4.86	0.10518
4.863	0.104906
4.866	0.103817
4.869	0.102025
4.872	0.0999214
4.875	0.0980165
4.878	0.0967392
4.881	0.0962789
4.884	0.0965194
4.887	0.0970846
4.89	0.0974795
4.893	0.0972782
4.896	0.0962895
4.899	0.0946315
4.902	0.0926816
4.905	0.0909257
4.908	0.0897714
4.911	0.0893965
4.914	0.0896868
4.917	0.0902782
4.92	0.0906919
4.923	0.0905154
4.926	0.0895636
4.929	0.087953
4.932	0.0860556
4.935	0.0843522
4.938	0.0832477
4.941	0.082921
4.944	0.083263
4.947	0.0839205
4.95	0.0844317
4.953	0.0844031
4.956	0.0836611
4.959	0.0823151
4.962	0.0807061
4.965	0.0792672
4.968	0.0783552
4.971	0.0781193
4.974	0.0784508
4.977	0.0790267
4.98	0.079432
4.983	0.0793191
4.986	0.0785432
4.989	0.0772186
4.992	0.0756719
4.995	0.0743124
4.998	0.0734757
5.001	0.0733007
5.004	0.0736819
5.007	0.0743119
5.01	0.0747976
5.013	0.0748093
5.016	0.0742064
5.019	0.0730879
5.022	0.0717474
5.025	0.0705545
5.028	0.0698121
5.031	0.069645
5.034	0.0699559
5.037	0.0704611
5.04	0.0707956
5.043	0.0706521
5.046	0.0699035
5.049	0.0686588
5.052	0.067225
5.055	0.065989
5.058	0.0652697
5.061	0.065197
5.064	0.0656651
5.067	0.0663725
5.07	0.0669362
5.073	0.0670378
5.076	0.0665435
5.079	0.0655508
5.082	0.0643429
5.085	0.0632734
5.088	0.0626311
5.091	0.0625347
5.094	0.0628938
5.097	0.0634447
5.1	0.0638505
5.103	0.0638296
5.106	0.0632648
5.109	0.0622492
5.112	0.0610489
5.115	0.0599983
5.118	0.0593723
5.121	0.0592849
5.124	0.0596488
5.127	0.0602097
5.13	0.0606425
5.133	0.0606755
5.136	0.0601962
5.139	0.0592946
5.142	0.0582257
5.145	0.0573078
5.148	0.0568002
5.151	0.0568068
5.154	0.0572401
5.157	0.0578548
5.16	0.0583394
5.163	0.0584347
5.166	0.0580327
5.169	0.0572169
5.172	0.0562266
5.175	0.0553609
5.178	0.0548641
5.181	0.054835
5.184	0.055192
5.187	0.0557044
5.19	0.0560788
5.193	0.0560718
5.196	0.055588
5.199	0.0547208
5.202	0.0537196
5.205	0.052894
5.208	0.0524971
5.211	0.0526315
5.214	0.053213
5.217	0.0540031
5.22	0.0546967
5.223	0.055036
5.226	0.0549062
5.229	0.0543763
5.232	0.05367
5.235	0.0530803
5.238	0.0528649
5.241	0.0531588
5.244	0.0539305
5.247	0.0549898
5.25	0.0560415
5.253	0.0567707
5.256	0.056935
5.259	0.0564389
5.262	0.0553644
5.265	0.0539478
5.268	0.0525093
5.271	0.0513572
5.274	0.0506975
5.277	0.0505743
5.28	0.0508598
5.283	0.0512968
5.286	0.0515862
5.289	0.0514929
5.292	0.0509328
5.295	0.0500054
5.298	0.0489563
5.301	0.0480834
5.304	0.0476247
5.307	0.0476699
5.31	0.0481271
5.313	0.0487536
5.316	0.0492444
5.319	0.0493455
5.322	0.048954
5.325	0.0481594
5.328	0.0472101
5.331	0.0464165
5.334	0.046031
5.337	0.0461528
5.34	0.0466902
5.343	0.0473928
5.346	0.0479444
5.349	0.0480822
5.352	0.0477009
5.355	0.0468968
5.358	0.045931
5.361	0.0451279
5.364	0.0447491
5.367	0.0448952
5.37	0.0454677
5.373	0.0462061
5.376	0.0467854
5.379	0.0469405
5.382	0.0465705
5.385	0.0457785
5.388	0.0448303
5.391	0.0440493
5.394	0.0436925
5.397	0.0438551
5.4	0.0444374
5.403	0.0451833
5.406	0.0457767
5.409	0.0459616
5.412	0.0456407
5.415	0.0449113
5.418	0.0440251
5.421	0.0432895
5.424	0.0429524
5.427	0.0431135
5.43	0.0436909
5.433	0.0444517
5.436	0.0450951
5.439	0.0453624
5.442	0.0451333
5.445	0.0444705
5.448	0.0435954
5.451	0.0428031
5.454	0.042354
5.457	0.0423797
5.46	0.0428352
5.463	0.0435106
5.466	0.0441007
5.469	0.0443157
5.472	0.0439983
5.475	0.0431983
5.478	0.0421662
5.481	0.041259
5.484	0.0407964
5.487	0.0409296
5.49	0.0415781
5.493	0.042459
5.496	0.0431968
5.499	0.0434724
5.502	0.0431523
5.505	0.0423441
5.508	0.0413528
5.511	0.0405578
5.514	0.0402636
5.517	0.0405826
5.52	0.0413928
5.523	0.0423824
5.526	0.0431649
5.529	0.0434264
5.532	0.0430491
5.535	0.0421581
5.538	0.0410725
5.541	0.0401793
5.544	0.039786
5.547	0.0400074
5.55	0.0407258
5.553	0.0416351
5.556	0.0423544
5.559	0.042572
5.562	0.0421686
5.565	0.0412651
5.568	0.0401758
5.571	0.0392842
5.574	0.0388969
5.577	0.0391295
5.58	0.0398658
5.583	0.0407985
5.586	0.041542
5.589	0.0417776
5.592	0.0413797
5.595	0.0404691
5.598	0.0393675
5.601	0.038471
5.604	0.0380981
5.607	0.0383702
5.61	0.0391665
5.613	0.0401658
5.616	0.0409631
5.619	0.0412226
5.622	0.0408123
5.625	0.0398614
5.628	0.0387119
5.631	0.0377837
5.634	0.0374108
5.637	0.0377155
5.64	0.0385622
5.643	0.0396056
5.646	0.0404171
5.649	0.0406475
5.652	0.040168
5.655	0.0391281
5.658	0.0379004
5.661	0.0369347
5.664	0.0365829
5.667	0.0369648
5.67	0.0379239
5.673	0.0390856
5.676	0.0399976
5.679	0.0403035
5.682	0.0398809
5.685	0.0388865
5.688	0.037689
5.691	0.036722
5.694	0.036322
5.697	0.0366099
5.7	0.0374514
5.703	0.0385049
5.706	0.0393429
5.709	0.0396117
5.712	0.0391721
5.715	0.0381607
5.718	0.0369392
5.721	0.0359533
5.724	0.035561
5.727	0.0358993
5.73	0.0368327
5.733	0.0379952
5.736	0.038916
5.739	0.039194
5.742	0.0386623
5.745	0.0374727
5.748	0.036049
5.751	0.0349222
5.754	0.0345168
5.757	0.0349812
5.76	0.0361286
5.763	0.037509
5.766	0.0385823
5.769	0.0389297
5.772	0.0384168
5.775	0.0372396
5.778	0.0358369
5.781	0.0347121
5.784	0.0342452
5.787	0.034561
5.79	0.0354919
5.793	0.0366411
5.796	0.0375267
5.799	0.0377642
5.802	0.0372185
5.805	0.0360599
5.808	0.0346958
5.811	0.0336093
5.814	0.033176
5.817	0.0335289
5.82	0.0345122
5.823	0.0357349
5.826	0.0367082
5.829	0.037029
5.832	0.0365408
5.835	0.0354028
5.838	0.0340277
5.841	0.0329178
5.844	0.0324724
5.847	0.0328436
5.85	0.0338845
5.853	0.0352008
5.856	0.0362897
5.859	0.0367272
5.862	0.0363367
5.865	0.0352638
5.868	0.0339189
5.871	0.0328141
5.874	0.03237
5.877	0.0327691
5.88	0.033893
5.883	0.0353518
5.886	0.0365978
5.889	0.037107
5.892	0.0365869
5.895	0.0351293
5.898	0.0332179
5.901	0.0315542
5.904	0.0307646
5.907	0.0311309
5.91	0.0324688
5.913	0.034209
5.916	0.0356424
5.919	0.0362215
5.922	0.0357792
5.925	0.0345661
5.928	0.0331101
5.931	0.0319902
5.934	0.0316291
5.937	0.0321686
5.94	0.0334359
5.943	0.0349951
5.946	0.0362778
5.949	0.0367777
5.952	0.036256
5.955	0.0348655
5.958	0.0331102
5.961	0.0316477
5.964	0.0310338
5.967	0.0315218
5.97	0.0329754
5.973	0.0349014
5.976	0.0366008
5.979	0.0374307
5.982	0.037106
5.985	0.0358848
5.988	0.0344931
5.991	0.0338247
5.994	0.0346254
5.997	0.0373327
