 Location  Dispersion    Centroids   Volume
0.00098256   0.0147678   -0.0253351   1.00113
0.0304294   0.0135818   0.023988   1.00046
0.0607569   0.017075   0.0393273   1.0011
0.0909552   0.0118198   0.0897539   1.00031
0.119801   0.0115125   0.115979   1.00012
0.153652   0.0164171   0.113983   1.00168
0.180874   0.00700239   0.176371   0.99969
0.21054   0.0121858   0.19419   1.00041
0.240177   0.0116293   0.223478   1.00025
0.270188   0.0123308   0.255955   1.00038
0.300252   0.0126345   0.286515   1.00041
0.33048   0.0124747   0.312598   1.00045
0.360118   0.0119406   0.341613   1.0003
0.390372   0.0134014   0.370736   1.00057
0.420479   0.0120013   0.406377   1.00032
0.450186   0.0122972   0.425395   1.00039
0.48023   0.0125854   0.457052   1.00045
0.510398   0.0133122   0.477183   1.00059
0.540621   0.0126104   0.50864   1.0005
0.570033   0.0107949   0.545647   1.00014
0.599925   0.0136403   0.562059   1.00078
0.63014   0.0138626   0.576187   1.00073
0.660232   0.0132982   0.607171   1.00062
0.690123   0.0135669   0.627843   1.00071
0.720278   0.0144766   0.650657   1.00094
0.755873   0.0147157   0.678864   1.00097
0.786067   0.0144996   0.700752   1.00097
0.816135   0.0149505   0.72185   1.00105
0.846233   0.0149966   0.73939   1.00106
0.87614   0.014749   0.766048   1.00101
0.906054   0.0156428   0.787399   1.00127
0.936224   0.0156174   0.797099   1.00123
0.966138   0.0155841   0.815815   1.00129
0.996092   0.01617   0.835554   1.00146
1.02618   0.0163613   0.851551   1.00149
1.05608   0.0166618   0.867354   1.00159
1.08603   0.0172064   0.880895   1.00175
1.11614   0.0172738   0.893454   1.00177
1.14611   0.0175948   0.905218   1.00192
1.17626   0.0176678   0.913545   1.0019
1.20603   0.0177231   0.93362   1.00202
1.23608   0.0183393   0.93757   1.00217
1.26609   0.018577   0.949339   1.00226
1.29661   0.0192596   0.960576   1.00242
1.32619   0.0183006   0.946352   1.00218
1.35596   0.0196914   0.980081   1.00265
1.3861   0.0199069   0.978013   1.00269
1.41613   0.0198275   0.984477   1.00274
1.44613   0.02016   0.989252   1.00288
1.47607   0.0204054   0.991216   1.003
1.50612   0.0207435   0.993508   1.00312
1.53603   0.0206335   0.998757   1.00313
1.56622   0.0221778   0.984443   1.00368
1.59621   0.0193687   1.01446   1.00265
1.62596   0.0222038   0.988498   1.00376
1.65608   0.0218225   0.991163   1.00361
1.68617   0.0219744   0.987519   1.00372
1.71601   0.0218283   0.985781   1.00371
1.74605   0.0222221   0.974392   1.00389
1.77599   0.0218358   0.971575   1.0038
1.80591   0.0218633   0.961629   1.00384
1.83585   0.0212852   0.952283   1.00369
1.86549   0.0197379   0.948543   1.00302
1.89885   0.025097   0.880585   1.00534
1.9381   0.0254608   1.37877   1.0334
1.9568   0.008287   0.945335   0.999359
1.98342   0.0272004   0.872054   1.00591
2.01605   0.0242687   0.890812   1.0045
2.04613   0.0238973   0.880502   1.00455
2.07605   0.0242708   0.866958   1.00475
2.10602   0.0250914   0.844467   1.00512
2.13593   0.0241352   0.842345   1.00476
2.16586   0.0255841   0.813999   1.00529
2.19611   0.0259629   0.796927   1.00554
2.22648   0.0258206   0.783224   1.00574
2.26131   0.02682   0.752165   1.00613
2.29195   0.0256876   0.73752   1.00559
2.32196   0.0250749   0.716803   1.00538
2.35241   0.0252473   0.698103   1.00567
2.38261   0.0257495   0.652777   1.00586
2.4122   0.0236219   0.652763   1.00524
2.44262   0.0253915   0.615071   1.00634
2.47412   0.0248801   0.584801   1.00732
2.50481   0.0195354   0.578447   1.00588
2.5299   4.40031e-25   0.479221   0.998783
2.544   9.16855e-05   0.111154   1.03801
2.58819   0.02152   0.522713   1.00713
2.6203   0.0292988   0.47786   1.00765
2.65128   0.0294476   0.459416   1.00655
2.68175   0.0297206   0.425604   1.00677
2.71199   0.0274218   0.411977   1.00565
2.74192   0.0275451   0.371068   1.00577
2.77168   0.0279094   0.338637   1.00605
2.80168   0.0289481   0.299261   1.00672
2.8314   0.0252216   0.31274   1.00493
2.86134   0.0304549   0.24221   1.00755
2.89161   0.0295012   0.219109   1.00708
2.92166   0.0291216   0.190094   1.00709
2.95174   0.0295941   0.152501   1.0076
2.98156   0.029697   0.126117   1.00786
3.01157   0.0295917   0.0954684   1.00815
3.04166   0.0296133   0.0616809   1.00838
3.07145   0.0296663   0.0286821   1.0089
3.10122   0.0298154   -0.00403653   1.00943
3.1316   0.0297345   -0.0435326   1.00988
3.16102   0.0295589   -0.0765   1.01062
3.19114   0.0288622   -0.101105   1.01055
3.22106   0.0285498   -0.143821   1.01156
3.25103   0.0276965   -0.178283   1.01198
3.28089   0.0266249   -0.213623   1.01246
3.3108   0.0253555   -0.251107   1.01309
3.34074   0.0243584   -0.28509   1.01355
3.37076   0.0233615   -0.325971   1.01458
3.40065   0.022638   -0.362567   1.01564
3.43128   0.0227951   -0.386678   1.01528
3.46089   0.0212103   -0.428855   1.01686
3.49101   0.0221129   -0.456861   1.01794
3.52119   0.0203693   -0.49788   1.01952
3.55136   0.0208374   -0.5227   1.0202
3.58053   0.0186756   -0.558831   1.02146
3.60883   0.0159929   -0.590211   1.02141
3.64564   0.0295425   -0.616575   1.02745
3.71032   0.0661685   -0.745265   1.05902
3.7973   0.0730412   -1.16876   1.16294
3.86284   0.159335   -1.50612   1.06989
3.86359   0.0809118   -1.6483   0.837034
3.88955   0.00801426   -1.49393   0.55715
3.918   8.57759e-05   -1.04193   0.35113
3.92021   -7.84093e-158   -0.416941   0.349097
3.5918   0.594275   1.19731   0.537244
3.90768   -0.438717   -0.934445   -1.65701
3.92695   -0.0588712   3.10528   2.2271
3.9954   0.0175308   -0.771898   0.0244219
3.94703   -0.0838841   -1.04043   0.328068
3.86119   -0.496043   -1.43022   0.416454
3.94033   -0.305336   -1.5409   0.860986
4.00848   -0.191252   -1.50567   1.04907
4.06342   -0.0699817   -1.43248   1.13104
4.118   -0.0579759   -1.29113   1.07426
4.17865   -0.0276813   -1.05003   1.02116
4.21998   -0.0152263   -1.04519   1.02317
4.25091   -0.0127476   -1.00142   1.01853
4.2822   -0.0152282   -0.960014   1.01448
4.31079   0.0176788   -0.955625   1.01477
4.33928   0.0285615   -0.927411   1.01879
4.36898   0.0148849   -0.985291   1.01386
4.39521   0.0407913   -0.90154   1.0217
4.43017   0.0252882   -0.950848   1.01621
4.45982   0.0256299   -0.948369   1.01604
4.48978   0.0260535   -0.950992   1.01558
4.51974   0.0257206   -0.959406   1.01497
4.54953   0.0261733   -0.966657   1.01443
4.57975   0.0275715   -0.961954   1.01449
4.61016   0.0266395   -0.980719   1.01372
4.63943   0.025731   -0.987972   1.01306
4.66872   0.0261374   -0.988401   1.0124
4.69873   0.0272601   -0.981421   1.01194
4.72889   0.0271438   -0.983852   1.01133
4.75888   0.0263848   -0.990068   1.01076
4.78872   0.0261722   -0.989878   1.01019
4.81828   0.026401   -0.983255   1.00966
4.84879   0.02632   -0.981481   1.00937
4.87854   0.0260663   -0.976832   1.00877
4.90854   0.0258321   -0.975556   1.00848
4.93857   0.0253117   -0.973548   1.00806
4.9684   0.0251575   -0.962292   1.0075
4.99838   0.0249007   -0.957473   1.00717
5.02841   0.0247175   -0.943195   1.00672
5.05836   0.0241116   -0.945394   1.0065
5.08837   0.0241102   -0.927187   1.00606
5.11843   0.0238747   -0.919343   1.00583
5.14829   0.0237356   -0.90826   1.00561
5.17834   0.0230017   -0.878389   1.00496
5.20823   0.0231904   -0.886906   1.00519
5.23871   0.0235197   -0.862614   1.00523
5.27385   0.0228644   -0.845755   1.00486
5.30427   0.0219637   -0.829615   1.00419
5.33424   0.021419   -0.813705   1.00387
5.36418   0.0208671   -0.795416   1.00361
5.39408   0.0206231   -0.774045   1.00338
5.42421   0.0208492   -0.754481   1.00336
5.45505   0.0212223   -0.745116   1.00372
5.4846   0.0183844   -0.69339   1.00239
5.51399   0.0192079   -0.704111   1.00283
5.54408   0.0186821   -0.663359   1.00249
5.5741   0.0185999   -0.644824   1.00245
5.6041   0.0183425   -0.627643   1.00235
5.63399   0.0177464   -0.596406   1.00209
5.66385   0.0173762   -0.583986   1.00197
5.69398   0.0176733   -0.548509   1.00203
5.72407   0.0172464   -0.525121   1.00188
5.75384   0.0159766   -0.498988   1.00151
5.78381   0.0165925   -0.456449   1.00181
5.81392   0.0166367   -0.447132   1.00163
5.844   0.0163713   -0.41764   1.00151
5.87422   0.0164724   -0.392103   1.00162
5.90439   0.014122   -0.363504   1.00088
5.93364   0.0164441   -0.331581   1.00165
5.96432   0.0153022   -0.304928   1.00114
5.99263   0.0147842   -0.263367   1.00137
