 Location  Dispersion    Centroids   Volume
0.00250038   0.175542   0.0475684   1.01766
0.422799   0.160932   0.447693   0.94164
0.84673   0.186681   0.810174   1.01227
1.28065   0.183118   1.03397   1.02294
1.71507   0.190141   1.07241   1.03573
2.15428   0.185689   0.914154   1.00731
2.57609   0.181337   0.604323   0.972554
2.99807   0.191895   0.218128   0.97649
3.42493   0.191564   -0.250265   0.988082
3.84794   0.18986   -0.619126   0.999764
4.28079   0.182217   -0.893526   1.00641
4.71204   0.18873   -0.981677   1.03832
5.14279   0.160287   -0.866583   0.991529
5.56724   0.154847   -0.609928   0.972046
5.99071   0.167067   -0.23907   1.01258
