 x  	 F(x)  
0	0.0973424
0.003	0.0989825
0.006	0.100635
0.009	0.1023
0.012	0.103976
0.015	0.105665
0.018	0.107365
0.021	0.109077
0.024	0.1108
0.027	0.112535
0.03	0.114281
0.033	0.116037
0.036	0.117804
0.039	0.119582
0.042	0.12137
0.045	0.123169
0.048	0.124977
0.051	0.126795
0.054	0.128623
0.057	0.130461
0.06	0.132307
0.063	0.134163
0.066	0.136028
0.069	0.137901
0.072	0.139783
0.075	0.141674
0.078	0.143573
0.081	0.145479
0.084	0.147394
0.087	0.149316
0.09	0.151245
0.093	0.153182
0.096	0.155126
0.099	0.157077
0.102	0.159035
0.105	0.160999
0.108	0.16297
0.111	0.164947
0.114	0.16693
0.117	0.168919
0.12	0.170914
0.123	0.172914
0.126	0.17492
0.129	0.176932
0.132	0.178948
0.135	0.18097
0.138	0.182996
0.141	0.185027
0.144	0.187063
0.147	0.189103
0.15	0.191148
0.153	0.193197
0.156	0.19525
0.159	0.197307
0.162	0.199368
0.165	0.201433
0.168	0.203502
0.171	0.205574
0.174	0.20765
0.177	0.20973
0.18	0.211812
0.183	0.213898
0.186	0.215988
0.189	0.21808
0.192	0.220176
0.195	0.222275
0.198	0.224377
0.201	0.226481
0.204	0.228589
0.207	0.2307
0.21	0.232813
0.213	0.23493
0.216	0.237049
0.219	0.239171
0.222	0.241296
0.225	0.243423
0.228	0.245554
0.231	0.247687
0.234	0.249823
0.237	0.251962
0.24	0.254104
0.243	0.256248
0.246	0.258396
0.249	0.260546
0.252	0.2627
0.255	0.264856
0.258	0.267015
0.261	0.269178
0.264	0.271343
0.267	0.273512
0.27	0.275684
0.273	0.277859
0.276	0.280037
0.279	0.282219
0.282	0.284405
0.285	0.286594
0.288	0.288786
0.291	0.290983
0.294	0.293183
0.297	0.295387
0.3	0.297595
0.303	0.299807
0.306	0.302023
0.309	0.304243
0.312	0.306468
0.315	0.308697
0.318	0.31093
0.321	0.313168
0.324	0.315411
0.327	0.317659
0.33	0.319911
0.333	0.322169
0.336	0.324432
0.339	0.3267
0.342	0.328973
0.345	0.331251
0.348	0.333535
0.351	0.335825
0.354	0.33812
0.357	0.340422
0.36	0.342729
0.363	0.345042
0.366	0.347361
0.369	0.349686
0.372	0.352018
0.375	0.354356
0.378	0.356701
0.381	0.359052
0.384	0.36141
0.387	0.363774
0.39	0.366146
0.393	0.368524
0.396	0.370909
0.399	0.373302
0.402	0.375701
0.405	0.378108
0.408	0.380521
0.411	0.382943
0.414	0.385371
0.417	0.387807
0.42	0.39025
0.423	0.392701
0.426	0.395159
0.429	0.397625
0.432	0.400099
0.435	0.40258
0.438	0.405069
0.441	0.407565
0.444	0.410069
0.447	0.41258
0.45	0.4151
0.453	0.417626
0.456	0.420161
0.459	0.422703
0.462	0.425252
0.465	0.427809
0.468	0.430373
0.471	0.432945
0.474	0.435524
0.477	0.438111
0.48	0.440704
0.483	0.443305
0.486	0.445913
0.489	0.448527
0.492	0.451148
0.495	0.453777
0.498	0.456411
0.501	0.459052
0.504	0.4617
0.507	0.464353
0.51	0.467013
0.513	0.469679
0.516	0.47235
0.519	0.475027
0.522	0.477709
0.525	0.480396
0.528	0.483089
0.531	0.485786
0.534	0.488488
0.537	0.491194
0.54	0.493905
0.543	0.496619
0.546	0.499337
0.549	0.502058
0.552	0.504783
0.555	0.507511
0.558	0.510241
0.561	0.512974
0.564	0.515709
0.567	0.518446
0.57	0.521184
0.573	0.523924
0.576	0.526665
0.579	0.529407
0.582	0.532149
0.585	0.534892
0.588	0.537634
0.591	0.540376
0.594	0.543117
0.597	0.545856
0.6	0.548595
0.603	0.551332
0.606	0.554066
0.609	0.556799
0.612	0.559529
0.615	0.562255
0.618	0.564979
0.621	0.567698
0.624	0.570414
0.627	0.573125
0.63	0.575832
0.633	0.578534
0.636	0.58123
0.639	0.583921
0.642	0.586606
0.645	0.589284
0.648	0.591956
0.651	0.594621
0.654	0.597279
0.657	0.59993
0.66	0.602572
0.663	0.605207
0.666	0.607832
0.669	0.61045
0.672	0.613058
0.675	0.615657
0.678	0.618246
0.681	0.620826
0.684	0.623395
0.687	0.625955
0.69	0.628503
0.693	0.631041
0.696	0.633567
0.699	0.636082
0.702	0.638586
0.705	0.641078
0.708	0.643558
0.711	0.646025
0.714	0.648481
0.717	0.650923
0.72	0.653353
0.723	0.65577
0.726	0.658174
0.729	0.660564
0.732	0.662941
0.735	0.665305
0.738	0.667655
0.741	0.669991
0.744	0.672313
0.747	0.674621
0.75	0.676915
0.753	0.679194
0.756	0.681459
0.759	0.68371
0.762	0.685947
0.765	0.688168
0.768	0.690376
0.771	0.692568
0.774	0.694746
0.777	0.69691
0.78	0.699058
0.783	0.701192
0.786	0.703311
0.789	0.705415
0.792	0.707505
0.795	0.70958
0.798	0.71164
0.801	0.713686
0.804	0.715717
0.807	0.717733
0.81	0.719735
0.813	0.721723
0.816	0.723696
0.819	0.725654
0.822	0.727599
0.825	0.729529
0.828	0.731446
0.831	0.733348
0.834	0.735236
0.837	0.737111
0.84	0.738972
0.843	0.740819
0.846	0.742653
0.849	0.744474
0.852	0.746282
0.855	0.748076
0.858	0.749857
0.861	0.751626
0.864	0.753382
0.867	0.755126
0.87	0.756857
0.873	0.758576
0.876	0.760283
0.879	0.761978
0.882	0.763661
0.885	0.765332
0.888	0.766993
0.891	0.768642
0.894	0.770279
0.897	0.771906
0.9	0.773523
0.903	0.775128
0.906	0.776723
0.909	0.778308
0.912	0.779883
0.915	0.781448
0.918	0.783004
0.921	0.784549
0.924	0.786086
0.927	0.787613
0.93	0.789131
0.933	0.79064
0.936	0.792141
0.939	0.793633
0.942	0.795117
0.945	0.796593
0.948	0.79806
0.951	0.79952
0.954	0.800973
0.957	0.802418
0.96	0.803855
0.963	0.805286
0.966	0.806709
0.969	0.808126
0.972	0.809536
0.975	0.81094
0.978	0.812337
0.981	0.813728
0.984	0.815113
0.987	0.816493
0.99	0.817866
0.993	0.819234
0.996	0.820597
0.999	0.821954
1.002	0.823307
1.005	0.824654
1.008	0.825996
1.011	0.827334
1.014	0.828667
1.017	0.829996
1.02	0.831321
1.023	0.832641
1.026	0.833957
1.029	0.835269
1.032	0.836577
1.035	0.837881
1.038	0.839182
1.041	0.840479
1.044	0.841773
1.047	0.843063
1.05	0.84435
1.053	0.845634
1.056	0.846915
1.059	0.848193
1.062	0.849467
1.065	0.850739
1.068	0.852008
1.071	0.853274
1.074	0.854537
1.077	0.855797
1.08	0.857055
1.083	0.858311
1.086	0.859563
1.089	0.860813
1.092	0.862061
1.095	0.863306
1.098	0.864549
1.101	0.865789
1.104	0.867027
1.107	0.868262
1.11	0.869495
1.113	0.870725
1.116	0.871953
1.119	0.873178
1.122	0.874401
1.125	0.875621
1.128	0.876839
1.131	0.878054
1.134	0.879267
1.137	0.880477
1.14	0.881684
1.143	0.882888
1.146	0.884089
1.149	0.885288
1.152	0.886484
1.155	0.887676
1.158	0.888866
1.161	0.890052
1.164	0.891235
1.167	0.892415
1.17	0.893591
1.173	0.894764
1.176	0.895933
1.179	0.897098
1.182	0.898259
1.185	0.899417
1.188	0.90057
1.191	0.901719
1.194	0.902864
1.197	0.904005
1.2	0.905141
1.203	0.906272
1.206	0.907398
1.209	0.90852
1.212	0.909636
1.215	0.910747
1.218	0.911853
1.221	0.912953
1.224	0.914047
1.227	0.915136
1.23	0.916219
1.233	0.917295
1.236	0.918366
1.239	0.91943
1.242	0.920487
1.245	0.921538
1.248	0.922582
1.251	0.923618
1.254	0.924648
1.257	0.92567
1.26	0.926685
1.263	0.927692
1.266	0.928691
1.269	0.929683
1.272	0.930666
1.275	0.931641
1.278	0.932608
1.281	0.933566
1.284	0.934515
1.287	0.935456
1.29	0.936388
1.293	0.93731
1.296	0.938224
1.299	0.939128
1.302	0.940022
1.305	0.940907
1.308	0.941782
1.311	0.942648
1.314	0.943503
1.317	0.944349
1.32	0.945184
1.323	0.946009
1.326	0.946823
1.329	0.947627
1.332	0.94842
1.335	0.949203
1.338	0.949975
1.341	0.950736
1.344	0.951486
1.347	0.952226
1.35	0.952954
1.353	0.953671
1.356	0.954377
1.359	0.955072
1.362	0.955755
1.365	0.956428
1.368	0.957088
1.371	0.957738
1.374	0.958376
1.377	0.959003
1.38	0.959618
1.383	0.960222
1.386	0.960814
1.389	0.961395
1.392	0.961965
1.395	0.962522
1.398	0.963069
1.401	0.963604
1.404	0.964128
1.407	0.96464
1.41	0.965141
1.413	0.96563
1.416	0.966108
1.419	0.966575
1.422	0.967031
1.425	0.967475
1.428	0.967909
1.431	0.968331
1.434	0.968742
1.437	0.969142
1.44	0.969531
1.443	0.96991
1.446	0.970277
1.449	0.970634
1.452	0.97098
1.455	0.971316
1.458	0.971641
1.461	0.971955
1.464	0.972259
1.467	0.972553
1.47	0.972837
1.473	0.97311
1.476	0.973374
1.479	0.973628
1.482	0.973871
1.485	0.974105
1.488	0.974329
1.491	0.974544
1.494	0.974749
1.497	0.974945
1.5	0.975131
1.503	0.975308
1.506	0.975476
1.509	0.975635
1.512	0.975785
1.515	0.975926
1.518	0.976058
1.521	0.976181
1.524	0.976296
1.527	0.976402
1.53	0.9765
1.533	0.976589
1.536	0.976671
1.539	0.976743
1.542	0.976808
1.545	0.976865
1.548	0.976914
1.551	0.976954
1.554	0.976987
1.557	0.977013
1.56	0.97703
1.563	0.97704
1.566	0.977043
1.569	0.977037
1.572	0.977025
1.575	0.977005
1.578	0.976978
1.581	0.976944
1.584	0.976902
1.587	0.976853
1.59	0.976797
1.593	0.976735
1.596	0.976665
1.599	0.976588
1.602	0.976504
1.605	0.976414
1.608	0.976316
1.611	0.976212
1.614	0.976101
1.617	0.975983
1.62	0.975859
1.623	0.975728
1.626	0.97559
1.629	0.975445
1.632	0.975294
1.635	0.975136
1.638	0.974972
1.641	0.974801
1.644	0.974623
1.647	0.974439
1.65	0.974248
1.653	0.97405
1.656	0.973846
1.659	0.973635
1.662	0.973418
1.665	0.973193
1.668	0.972962
1.671	0.972725
1.674	0.97248
1.677	0.972229
1.68	0.971971
1.683	0.971706
1.686	0.971435
1.689	0.971156
1.692	0.97087
1.695	0.970578
1.698	0.970278
1.701	0.969972
1.704	0.969658
1.707	0.969337
1.71	0.969009
1.713	0.968673
1.716	0.96833
1.719	0.96798
1.722	0.967622
1.725	0.967257
1.728	0.966884
1.731	0.966503
1.734	0.966114
1.737	0.965718
1.74	0.965314
1.743	0.964902
1.746	0.964481
1.749	0.964053
1.752	0.963616
1.755	0.963171
1.758	0.962718
1.761	0.962256
1.764	0.961786
1.767	0.961307
1.77	0.960819
1.773	0.960322
1.776	0.959816
1.779	0.959302
1.782	0.958778
1.785	0.958245
1.788	0.957702
1.791	0.957151
1.794	0.956589
1.797	0.956018
1.8	0.955438
1.803	0.954847
1.806	0.954247
1.809	0.953636
1.812	0.953016
1.815	0.952385
1.818	0.951744
1.821	0.951093
1.824	0.950431
1.827	0.949759
1.83	0.949075
1.833	0.948381
1.836	0.947677
1.839	0.946961
1.842	0.946234
1.845	0.945497
1.848	0.944747
1.851	0.943987
1.854	0.943216
1.857	0.942432
1.86	0.941638
1.863	0.940832
1.866	0.940014
1.869	0.939184
1.872	0.938343
1.875	0.937489
1.878	0.936624
1.881	0.935747
1.884	0.934858
1.887	0.933957
1.89	0.933044
1.893	0.932118
1.896	0.931181
1.899	0.930231
1.902	0.929269
1.905	0.928295
1.908	0.927308
1.911	0.926309
1.914	0.925298
1.917	0.924274
1.92	0.923239
1.923	0.92219
1.926	0.92113
1.929	0.920057
1.932	0.918972
1.935	0.917875
1.938	0.916766
1.941	0.915644
1.944	0.914511
1.947	0.913365
1.95	0.912207
1.953	0.911037
1.956	0.909855
1.959	0.908662
1.962	0.907457
1.965	0.90624
1.968	0.905011
1.971	0.903771
1.974	0.902519
1.977	0.901256
1.98	0.899982
1.983	0.898697
1.986	0.897401
1.989	0.896093
1.992	0.894775
1.995	0.893447
1.998	0.892108
2.001	0.890758
2.004	0.889399
2.007	0.888029
2.01	0.886649
2.013	0.88526
2.016	0.883861
2.019	0.882452
2.022	0.881035
2.025	0.879608
2.028	0.878172
2.031	0.876727
2.034	0.875274
2.037	0.873813
2.04	0.872343
2.043	0.870865
2.046	0.869379
2.049	0.867885
2.052	0.866385
2.055	0.864876
2.058	0.863361
2.061	0.861839
2.064	0.86031
2.067	0.858774
2.07	0.857232
2.073	0.855684
2.076	0.85413
2.079	0.85257
2.082	0.851005
2.085	0.849434
2.088	0.847859
2.091	0.846278
2.094	0.844692
2.097	0.843102
2.1	0.841507
2.103	0.839908
2.106	0.838305
2.109	0.836698
2.112	0.835087
2.115	0.833473
2.118	0.831855
2.121	0.830234
2.124	0.82861
2.127	0.826983
2.13	0.825354
2.133	0.823721
2.136	0.822087
2.139	0.820449
2.142	0.81881
2.145	0.817169
2.148	0.815526
2.151	0.813881
2.154	0.812234
2.157	0.810585
2.16	0.808936
2.163	0.807285
2.166	0.805632
2.169	0.803978
2.172	0.802324
2.175	0.800668
2.178	0.799011
2.181	0.797354
2.184	0.795696
2.187	0.794037
2.19	0.792377
2.193	0.790717
2.196	0.789056
2.199	0.787394
2.202	0.785732
2.205	0.78407
2.208	0.782407
2.211	0.780743
2.214	0.77908
2.217	0.777415
2.22	0.77575
2.223	0.774085
2.226	0.772419
2.229	0.770753
2.232	0.769086
2.235	0.767419
2.238	0.765751
2.241	0.764082
2.244	0.762413
2.247	0.760743
2.25	0.759072
2.253	0.757401
2.256	0.755728
2.259	0.754054
2.262	0.75238
2.265	0.750704
2.268	0.749027
2.271	0.747348
2.274	0.745668
2.277	0.743987
2.28	0.742303
2.283	0.740618
2.286	0.738932
2.289	0.737243
2.292	0.735552
2.295	0.733858
2.298	0.732163
2.301	0.730464
2.304	0.728763
2.307	0.72706
2.31	0.725353
2.313	0.723643
2.316	0.72193
2.319	0.720213
2.322	0.718493
2.325	0.716769
2.328	0.715041
2.331	0.713309
2.334	0.711573
2.337	0.709832
2.34	0.708086
2.343	0.706336
2.346	0.704581
2.349	0.70282
2.352	0.701054
2.355	0.699282
2.358	0.697505
2.361	0.695722
2.364	0.693932
2.367	0.692137
2.37	0.690334
2.373	0.688525
2.376	0.686709
2.379	0.684886
2.382	0.683055
2.385	0.681217
2.388	0.679371
2.391	0.677517
2.394	0.675655
2.397	0.673784
2.4	0.671905
2.403	0.670017
2.406	0.66812
2.409	0.666214
2.412	0.664298
2.415	0.662373
2.418	0.660438
2.421	0.658493
2.424	0.656537
2.427	0.654572
2.43	0.652596
2.433	0.650609
2.436	0.648611
2.439	0.646601
2.442	0.644581
2.445	0.642549
2.448	0.640505
2.451	0.638449
2.454	0.636382
2.457	0.634302
2.46	0.632209
2.463	0.630104
2.466	0.627987
2.469	0.625856
2.472	0.623713
2.475	0.621556
2.478	0.619386
2.481	0.617203
2.484	0.615006
2.487	0.612795
2.49	0.61057
2.493	0.608332
2.496	0.606079
2.499	0.603813
2.502	0.601532
2.505	0.599237
2.508	0.596927
2.511	0.594603
2.514	0.592265
2.517	0.589912
2.52	0.587544
2.523	0.585161
2.526	0.582764
2.529	0.580352
2.532	0.577925
2.535	0.575484
2.538	0.573027
2.541	0.570556
2.544	0.56807
2.547	0.56557
2.55	0.563054
2.553	0.560524
2.556	0.557979
2.559	0.55542
2.562	0.552846
2.565	0.550258
2.568	0.547655
2.571	0.545038
2.574	0.542407
2.577	0.539761
2.58	0.537102
2.583	0.534429
2.586	0.531743
2.589	0.529043
2.592	0.526329
2.595	0.523602
2.598	0.520863
2.601	0.51811
2.604	0.515345
2.607	0.512567
2.61	0.509777
2.613	0.506976
2.616	0.504162
2.619	0.501337
2.622	0.4985
2.625	0.495653
2.628	0.492794
2.631	0.489926
2.634	0.487047
2.637	0.484158
2.64	0.481259
2.643	0.478351
2.646	0.475434
2.649	0.472508
2.652	0.469573
2.655	0.466631
2.658	0.46368
2.661	0.460722
2.664	0.457757
2.667	0.454786
2.67	0.451807
2.673	0.448823
2.676	0.445832
2.679	0.442837
2.682	0.439836
2.685	0.43683
2.688	0.43382
2.691	0.430806
2.694	0.427788
2.697	0.424767
2.7	0.421743
2.703	0.418716
2.706	0.415687
2.709	0.412656
2.712	0.409624
2.715	0.40659
2.718	0.403555
2.721	0.40052
2.724	0.397485
2.727	0.39445
2.73	0.391415
2.733	0.388381
2.736	0.385348
2.739	0.382317
2.742	0.379287
2.745	0.37626
2.748	0.373235
2.751	0.370213
2.754	0.367193
2.757	0.364177
2.76	0.361164
2.763	0.358156
2.766	0.355151
2.769	0.352151
2.772	0.349155
2.775	0.346164
2.778	0.343178
2.781	0.340197
2.784	0.337222
2.787	0.334253
2.79	0.331289
2.793	0.328332
2.796	0.325381
2.799	0.322436
2.802	0.319498
2.805	0.316566
2.808	0.313642
2.811	0.310725
2.814	0.307814
2.817	0.304911
2.82	0.302016
2.823	0.299128
2.826	0.296247
2.829	0.293374
2.832	0.290509
2.835	0.287651
2.838	0.284801
2.841	0.281959
2.844	0.279125
2.847	0.276299
2.85	0.273481
2.853	0.27067
2.856	0.267868
2.859	0.265073
2.862	0.262286
2.865	0.259507
2.868	0.256735
2.871	0.253972
2.874	0.251216
2.877	0.248467
2.88	0.245726
2.883	0.242992
2.886	0.240265
2.889	0.237546
2.892	0.234834
2.895	0.232128
2.898	0.22943
2.901	0.226738
2.904	0.224052
2.907	0.221373
2.91	0.2187
2.913	0.216033
2.916	0.213372
2.919	0.210717
2.922	0.208067
2.925	0.205423
2.928	0.202784
2.931	0.200149
2.934	0.19752
2.937	0.194894
2.94	0.192274
2.943	0.189657
2.946	0.187044
2.949	0.184435
2.952	0.181829
2.955	0.179226
2.958	0.176626
2.961	0.174029
2.964	0.171435
2.967	0.168842
2.97	0.166251
2.973	0.163663
2.976	0.161075
2.979	0.158489
2.982	0.155903
2.985	0.153318
2.988	0.150734
2.991	0.14815
2.994	0.145565
2.997	0.14298
3	0.140394
3.003	0.137807
3.006	0.135219
3.009	0.13263
3.012	0.130038
3.015	0.127445
3.018	0.124849
3.021	0.122251
3.024	0.119649
3.027	0.117045
3.03	0.114436
3.033	0.111825
3.036	0.109209
3.039	0.106589
3.042	0.103965
3.045	0.101335
3.048	0.098701
3.051	0.0960614
3.054	0.0934162
3.057	0.0907653
3.06	0.0881083
3.063	0.0854451
3.066	0.0827753
3.069	0.0800988
3.072	0.0774152
3.075	0.0747245
3.078	0.0720263
3.081	0.0693204
3.084	0.0666067
3.087	0.0638849
3.09	0.0611548
3.093	0.0584162
3.096	0.0556689
3.099	0.0529128
3.102	0.0501477
3.105	0.0473733
3.108	0.0445895
3.111	0.0417962
3.114	0.0389932
3.117	0.0361804
3.12	0.0333576
3.123	0.0305247
3.126	0.0276815
3.129	0.024828
3.132	0.0219641
3.135	0.0190896
3.138	0.0162044
3.141	0.0133085
3.144	0.0104019
3.147	0.00748438
3.15	0.00455595
3.153	0.00161657
3.156	-0.0013338
3.159	-0.00429519
3.162	-0.00726762
3.165	-0.0102511
3.168	-0.0132456
3.171	-0.0162511
3.174	-0.0192676
3.177	-0.0222951
3.18	-0.0253335
3.183	-0.0283828
3.186	-0.0314429
3.189	-0.0345137
3.192	-0.0375951
3.195	-0.0406871
3.198	-0.0437896
3.201	-0.0469023
3.204	-0.0500253
3.207	-0.0531582
3.21	-0.0563011
3.213	-0.0594538
3.216	-0.062616
3.219	-0.0657876
3.222	-0.0689685
3.225	-0.0721583
3.228	-0.075357
3.231	-0.0785642
3.234	-0.0817797
3.237	-0.0850034
3.24	-0.088235
3.243	-0.0914741
3.246	-0.0947206
3.249	-0.0979741
3.252	-0.101234
3.255	-0.104501
3.258	-0.107774
3.261	-0.111053
3.264	-0.114338
3.267	-0.117627
3.27	-0.120922
3.273	-0.124221
3.276	-0.127525
3.279	-0.130832
3.282	-0.134143
3.285	-0.137457
3.288	-0.140774
3.291	-0.144094
3.294	-0.147415
3.297	-0.150738
3.3	-0.154063
3.303	-0.157388
3.306	-0.160714
3.309	-0.16404
3.312	-0.167367
3.315	-0.170692
3.318	-0.174016
3.321	-0.177339
3.324	-0.180661
3.327	-0.18398
3.33	-0.187297
3.333	-0.19061
3.336	-0.193921
3.339	-0.197227
3.342	-0.20053
3.345	-0.203828
3.348	-0.207121
3.351	-0.21041
3.354	-0.213692
3.357	-0.216969
3.36	-0.220239
3.363	-0.223503
3.366	-0.226759
3.369	-0.230009
3.372	-0.23325
3.375	-0.236484
3.378	-0.239709
3.381	-0.242926
3.384	-0.246134
3.387	-0.249332
3.39	-0.252521
3.393	-0.2557
3.396	-0.25887
3.399	-0.262028
3.402	-0.265176
3.405	-0.268313
3.408	-0.27144
3.411	-0.274554
3.414	-0.277657
3.417	-0.280749
3.42	-0.283828
3.423	-0.286895
3.426	-0.28995
3.429	-0.292993
3.432	-0.296022
3.435	-0.299039
3.438	-0.302043
3.441	-0.305034
3.444	-0.308011
3.447	-0.310976
3.45	-0.313926
3.453	-0.316863
3.456	-0.319787
3.459	-0.322697
3.462	-0.325593
3.465	-0.328476
3.468	-0.331344
3.471	-0.334199
3.474	-0.33704
3.477	-0.339867
3.48	-0.34268
3.483	-0.345479
3.486	-0.348264
3.489	-0.351036
3.492	-0.353793
3.495	-0.356537
3.498	-0.359267
3.501	-0.361984
3.504	-0.364687
3.507	-0.367377
3.51	-0.370053
3.513	-0.372716
3.516	-0.375366
3.519	-0.378002
3.522	-0.380626
3.525	-0.383237
3.528	-0.385835
3.531	-0.38842
3.534	-0.390993
3.537	-0.393554
3.54	-0.396103
3.543	-0.39864
3.546	-0.401165
3.549	-0.403678
3.552	-0.40618
3.555	-0.408671
3.558	-0.411151
3.561	-0.41362
3.564	-0.416078
3.567	-0.418526
3.57	-0.420963
3.573	-0.423391
3.576	-0.425808
3.579	-0.428216
3.582	-0.430615
3.585	-0.433005
3.588	-0.435385
3.591	-0.437757
3.594	-0.440121
3.597	-0.442476
3.6	-0.444823
3.603	-0.447163
3.606	-0.449495
3.609	-0.451819
3.612	-0.454137
3.615	-0.456448
3.618	-0.458752
3.621	-0.46105
3.624	-0.463342
3.627	-0.465628
3.63	-0.467909
3.633	-0.470184
3.636	-0.472454
3.639	-0.474719
3.642	-0.47698
3.645	-0.479236
3.648	-0.481488
3.651	-0.483737
3.654	-0.485981
3.657	-0.488223
3.66	-0.490461
3.663	-0.492696
3.666	-0.494928
3.669	-0.497159
3.672	-0.499386
3.675	-0.501612
3.678	-0.503836
3.681	-0.506058
3.684	-0.508279
3.687	-0.510499
3.69	-0.512718
3.693	-0.514936
3.696	-0.517154
3.699	-0.519371
3.702	-0.521588
3.705	-0.523806
3.708	-0.526023
3.711	-0.528241
3.714	-0.530459
3.717	-0.532678
3.72	-0.534899
3.723	-0.53712
3.726	-0.539342
3.729	-0.541566
3.732	-0.543791
3.735	-0.546018
3.738	-0.548247
3.741	-0.550478
3.744	-0.552711
3.747	-0.554946
3.75	-0.557184
3.753	-0.559423
3.756	-0.561666
3.759	-0.563911
3.762	-0.566158
3.765	-0.568409
3.768	-0.570662
3.771	-0.572918
3.774	-0.575177
3.777	-0.577439
3.78	-0.579704
3.783	-0.581973
3.786	-0.584244
3.789	-0.586518
3.792	-0.588796
3.795	-0.591077
3.798	-0.593361
3.801	-0.595648
3.804	-0.597938
3.807	-0.600232
3.81	-0.602528
3.813	-0.604828
3.816	-0.60713
3.819	-0.609436
3.822	-0.611744
3.825	-0.614055
3.828	-0.616369
3.831	-0.618686
3.834	-0.621005
3.837	-0.623327
3.84	-0.625651
3.843	-0.627977
3.846	-0.630305
3.849	-0.632636
3.852	-0.634968
3.855	-0.637302
3.858	-0.639637
3.861	-0.641974
3.864	-0.644312
3.867	-0.646651
3.87	-0.648991
3.873	-0.651332
3.876	-0.653673
3.879	-0.656014
3.882	-0.658356
3.885	-0.660697
3.888	-0.663038
3.891	-0.665379
3.894	-0.667719
3.897	-0.670058
3.9	-0.672395
3.903	-0.674731
3.906	-0.677066
3.909	-0.679398
3.912	-0.681728
3.915	-0.684056
3.918	-0.686381
3.921	-0.688703
3.924	-0.691022
3.927	-0.693337
3.93	-0.695648
3.933	-0.697956
3.936	-0.700259
3.939	-0.702557
3.942	-0.704851
3.945	-0.707139
3.948	-0.709422
3.951	-0.7117
3.954	-0.713971
3.957	-0.716236
3.96	-0.718495
3.963	-0.720747
3.966	-0.722992
3.969	-0.725229
3.972	-0.727459
3.975	-0.729681
3.978	-0.731896
3.981	-0.734101
3.984	-0.736298
3.987	-0.738487
3.99	-0.740666
3.993	-0.742835
3.996	-0.744996
3.999	-0.747146
4.002	-0.749286
4.005	-0.751416
4.008	-0.753536
4.011	-0.755645
4.014	-0.757743
4.017	-0.759829
4.02	-0.761905
4.023	-0.763969
4.026	-0.766021
4.029	-0.768062
4.032	-0.77009
4.035	-0.772106
4.038	-0.77411
4.041	-0.776101
4.044	-0.77808
4.047	-0.780045
4.05	-0.781998
4.053	-0.783938
4.056	-0.785864
4.059	-0.787778
4.062	-0.789677
4.065	-0.791564
4.068	-0.793437
4.071	-0.795296
4.074	-0.797141
4.077	-0.798973
4.08	-0.80079
4.083	-0.802594
4.086	-0.804384
4.089	-0.806159
4.092	-0.807921
4.095	-0.809669
4.098	-0.811402
4.101	-0.813122
4.104	-0.814827
4.107	-0.816518
4.11	-0.818195
4.113	-0.819858
4.116	-0.821507
4.119	-0.823142
4.122	-0.824763
4.125	-0.82637
4.128	-0.827963
4.131	-0.829542
4.134	-0.831108
4.137	-0.832659
4.14	-0.834197
4.143	-0.835721
4.146	-0.837231
4.149	-0.838729
4.152	-0.840212
4.155	-0.841683
4.158	-0.84314
4.161	-0.844584
4.164	-0.846014
4.167	-0.847432
4.17	-0.848838
4.173	-0.85023
4.176	-0.85161
4.179	-0.852977
4.182	-0.854332
4.185	-0.855674
4.188	-0.857005
4.191	-0.858323
4.194	-0.85963
4.197	-0.860925
4.2	-0.862208
4.203	-0.863479
4.206	-0.86474
4.209	-0.865989
4.212	-0.867227
4.215	-0.868453
4.218	-0.86967
4.221	-0.870875
4.224	-0.87207
4.227	-0.873254
4.23	-0.874428
4.233	-0.875592
4.236	-0.876746
4.239	-0.877891
4.242	-0.879025
4.245	-0.88015
4.248	-0.881265
4.251	-0.882371
4.254	-0.883468
4.257	-0.884556
4.26	-0.885635
4.263	-0.886706
4.266	-0.887768
4.269	-0.888821
4.272	-0.889866
4.275	-0.890902
4.278	-0.891931
4.281	-0.892952
4.284	-0.893965
4.287	-0.89497
4.29	-0.895967
4.293	-0.896957
4.296	-0.89794
4.299	-0.898916
4.302	-0.899884
4.305	-0.900846
4.308	-0.9018
4.311	-0.902748
4.314	-0.903689
4.317	-0.904624
4.32	-0.905552
4.323	-0.906474
4.326	-0.907389
4.329	-0.908299
4.332	-0.909202
4.335	-0.910099
4.338	-0.910991
4.341	-0.911877
4.344	-0.912756
4.347	-0.913631
4.35	-0.914499
4.353	-0.915363
4.356	-0.91622
4.359	-0.917073
4.362	-0.91792
4.365	-0.918762
4.368	-0.919598
4.371	-0.92043
4.374	-0.921256
4.377	-0.922078
4.38	-0.922894
4.383	-0.923705
4.386	-0.924512
4.389	-0.925313
4.392	-0.92611
4.395	-0.926902
4.398	-0.927689
4.401	-0.928471
4.404	-0.929249
4.407	-0.930022
4.41	-0.93079
4.413	-0.931553
4.416	-0.932311
4.419	-0.933065
4.422	-0.933814
4.425	-0.934558
4.428	-0.935298
4.431	-0.936032
4.434	-0.936762
4.437	-0.937487
4.44	-0.938207
4.443	-0.938922
4.446	-0.939632
4.449	-0.940338
4.452	-0.941038
4.455	-0.941733
4.458	-0.942423
4.461	-0.943108
4.464	-0.943788
4.467	-0.944463
4.47	-0.945132
4.473	-0.945796
4.476	-0.946455
4.479	-0.947108
4.482	-0.947755
4.485	-0.948397
4.488	-0.949033
4.491	-0.949663
4.494	-0.950288
4.497	-0.950906
4.5	-0.951518
4.503	-0.952125
4.506	-0.952725
4.509	-0.953319
4.512	-0.953906
4.515	-0.954487
4.518	-0.955061
4.521	-0.955629
4.524	-0.95619
4.527	-0.956744
4.53	-0.957291
4.533	-0.957831
4.536	-0.958364
4.539	-0.95889
4.542	-0.959408
4.545	-0.959918
4.548	-0.960421
4.551	-0.960917
4.554	-0.961404
4.557	-0.961884
4.56	-0.962356
4.563	-0.962819
4.566	-0.963275
4.569	-0.963722
4.572	-0.96416
4.575	-0.96459
4.578	-0.965012
4.581	-0.965424
4.584	-0.965828
4.587	-0.966223
4.59	-0.966609
4.593	-0.966986
4.596	-0.967354
4.599	-0.967712
4.602	-0.968062
4.605	-0.968401
4.608	-0.968731
4.611	-0.969052
4.614	-0.969363
4.617	-0.969664
4.62	-0.969955
4.623	-0.970237
4.626	-0.970508
4.629	-0.970769
4.632	-0.971021
4.635	-0.971262
4.638	-0.971493
4.641	-0.971714
4.644	-0.971925
4.647	-0.972125
4.65	-0.972315
4.653	-0.972495
4.656	-0.972664
4.659	-0.972823
4.662	-0.972972
4.665	-0.97311
4.668	-0.973238
4.671	-0.973355
4.674	-0.973462
4.677	-0.973558
4.68	-0.973644
4.683	-0.973719
4.686	-0.973784
4.689	-0.973839
4.692	-0.973883
4.695	-0.973917
4.698	-0.97394
4.701	-0.973953
4.704	-0.973956
4.707	-0.973949
4.71	-0.973931
4.713	-0.973904
4.716	-0.973866
4.719	-0.973818
4.722	-0.97376
4.725	-0.973693
4.728	-0.973615
4.731	-0.973528
4.734	-0.973431
4.737	-0.973324
4.74	-0.973208
4.743	-0.973082
4.746	-0.972947
4.749	-0.972802
4.752	-0.972648
4.755	-0.972485
4.758	-0.972313
4.761	-0.972132
4.764	-0.971942
4.767	-0.971743
4.77	-0.971535
4.773	-0.971319
4.776	-0.971094
4.779	-0.97086
4.782	-0.970619
4.785	-0.970369
4.788	-0.97011
4.791	-0.969844
4.794	-0.969569
4.797	-0.969287
4.8	-0.968997
4.803	-0.968699
4.806	-0.968393
4.809	-0.96808
4.812	-0.96776
4.815	-0.967432
4.818	-0.967097
4.821	-0.966754
4.824	-0.966405
4.827	-0.966048
4.83	-0.965685
4.833	-0.965314
4.836	-0.964937
4.839	-0.964554
4.842	-0.964163
4.845	-0.963766
4.848	-0.963363
4.851	-0.962953
4.854	-0.962537
4.857	-0.962115
4.86	-0.961686
4.863	-0.961252
4.866	-0.960811
4.869	-0.960364
4.872	-0.959912
4.875	-0.959453
4.878	-0.958989
4.881	-0.958519
4.884	-0.958043
4.887	-0.957561
4.89	-0.957074
4.893	-0.956581
4.896	-0.956082
4.899	-0.955578
4.902	-0.955068
4.905	-0.954553
4.908	-0.954032
4.911	-0.953506
4.914	-0.952975
4.917	-0.952437
4.92	-0.951895
4.923	-0.951347
4.926	-0.950793
4.929	-0.950234
4.932	-0.94967
4.935	-0.9491
4.938	-0.948525
4.941	-0.947944
4.944	-0.947358
4.947	-0.946766
4.95	-0.946169
4.953	-0.945566
4.956	-0.944958
4.959	-0.944344
4.962	-0.943724
4.965	-0.943098
4.968	-0.942467
4.971	-0.94183
4.974	-0.941187
4.977	-0.940539
4.98	-0.939884
4.983	-0.939224
4.986	-0.938557
4.989	-0.937884
4.992	-0.937205
4.995	-0.93652
4.998	-0.935829
5.001	-0.935131
5.004	-0.934427
5.007	-0.933716
5.01	-0.932998
5.013	-0.932274
5.016	-0.931543
5.019	-0.930805
5.022	-0.93006
5.025	-0.929309
5.028	-0.92855
5.031	-0.927783
5.034	-0.92701
5.037	-0.926229
5.04	-0.92544
5.043	-0.924644
5.046	-0.92384
5.049	-0.923028
5.052	-0.922208
5.055	-0.92138
5.058	-0.920544
5.061	-0.919699
5.064	-0.918846
5.067	-0.917984
5.07	-0.917114
5.073	-0.916235
5.076	-0.915347
5.079	-0.91445
5.082	-0.913544
5.085	-0.912628
5.088	-0.911703
5.091	-0.910769
5.094	-0.909825
5.097	-0.908871
5.1	-0.907907
5.103	-0.906933
5.106	-0.905949
5.109	-0.904954
5.112	-0.903949
5.115	-0.902934
5.118	-0.901907
5.121	-0.90087
5.124	-0.899822
5.127	-0.898763
5.13	-0.897693
5.133	-0.896611
5.136	-0.895518
5.139	-0.894414
5.142	-0.893297
5.145	-0.892169
5.148	-0.891029
5.151	-0.889877
5.154	-0.888713
5.157	-0.887536
5.16	-0.886348
5.163	-0.885146
5.166	-0.883933
5.169	-0.882706
5.172	-0.881467
5.175	-0.880215
5.178	-0.87895
5.181	-0.877672
5.184	-0.87638
5.187	-0.875076
5.19	-0.873758
5.193	-0.872428
5.196	-0.871083
5.199	-0.869725
5.202	-0.868354
5.205	-0.866969
5.208	-0.865571
5.211	-0.864159
5.214	-0.862733
5.217	-0.861293
5.22	-0.85984
5.223	-0.858373
5.226	-0.856892
5.229	-0.855397
5.232	-0.853889
5.235	-0.852366
5.238	-0.85083
5.241	-0.84928
5.244	-0.847717
5.247	-0.846139
5.25	-0.844548
5.253	-0.842943
5.256	-0.841325
5.259	-0.839693
5.262	-0.838048
5.265	-0.836389
5.268	-0.834717
5.271	-0.833031
5.274	-0.831332
5.277	-0.82962
5.28	-0.827896
5.283	-0.826158
5.286	-0.824407
5.289	-0.822644
5.292	-0.820868
5.295	-0.81908
5.298	-0.81728
5.301	-0.815467
5.304	-0.813643
5.307	-0.811806
5.31	-0.809958
5.313	-0.808099
5.316	-0.806228
5.319	-0.804346
5.322	-0.802453
5.325	-0.80055
5.328	-0.798636
5.331	-0.796711
5.334	-0.794777
5.337	-0.792832
5.34	-0.790878
5.343	-0.788914
5.346	-0.786941
5.349	-0.784959
5.352	-0.782969
5.355	-0.78097
5.358	-0.778962
5.361	-0.776946
5.364	-0.774923
5.367	-0.772892
5.37	-0.770854
5.373	-0.768809
5.376	-0.766757
5.379	-0.764698
5.382	-0.762633
5.385	-0.760563
5.388	-0.758486
5.391	-0.756404
5.394	-0.754317
5.397	-0.752225
5.4	-0.750128
5.403	-0.748027
5.406	-0.745922
5.409	-0.743812
5.412	-0.7417
5.415	-0.739583
5.418	-0.737464
5.421	-0.735342
5.424	-0.733217
5.427	-0.73109
5.43	-0.728961
5.433	-0.72683
5.436	-0.724698
5.439	-0.722564
5.442	-0.720429
5.445	-0.718293
5.448	-0.716156
5.451	-0.714019
5.454	-0.711882
5.457	-0.709745
5.46	-0.707608
5.463	-0.705472
5.466	-0.703336
5.469	-0.701201
5.472	-0.699067
5.475	-0.696935
5.478	-0.694803
5.481	-0.692674
5.484	-0.690546
5.487	-0.68842
5.49	-0.686297
5.493	-0.684175
5.496	-0.682056
5.499	-0.67994
5.502	-0.677826
5.505	-0.675715
5.508	-0.673608
5.511	-0.671503
5.514	-0.669401
5.517	-0.667303
5.52	-0.665209
5.523	-0.663118
5.526	-0.66103
5.529	-0.658946
5.532	-0.656867
5.535	-0.654791
5.538	-0.652719
5.541	-0.650651
5.544	-0.648587
5.547	-0.646527
5.55	-0.644472
5.553	-0.642421
5.556	-0.640374
5.559	-0.638332
5.562	-0.636294
5.565	-0.63426
5.568	-0.632231
5.571	-0.630206
5.574	-0.628186
5.577	-0.62617
5.58	-0.624159
5.583	-0.622152
5.586	-0.62015
5.589	-0.618152
5.592	-0.616159
5.595	-0.61417
5.598	-0.612186
5.601	-0.610206
5.604	-0.60823
5.607	-0.606259
5.61	-0.604292
5.613	-0.602329
5.616	-0.600371
5.619	-0.598417
5.622	-0.596467
5.625	-0.594521
5.628	-0.592579
5.631	-0.590641
5.634	-0.588707
5.637	-0.586778
5.64	-0.584852
5.643	-0.582929
5.646	-0.581011
5.649	-0.579096
5.652	-0.577185
5.655	-0.575278
5.658	-0.573374
5.661	-0.571474
5.664	-0.569577
5.667	-0.567683
5.67	-0.565793
5.673	-0.563906
5.676	-0.562022
5.679	-0.560141
5.682	-0.558263
5.685	-0.556389
5.688	-0.554517
5.691	-0.552648
5.694	-0.550782
5.697	-0.548918
5.7	-0.547057
5.703	-0.545199
5.706	-0.543344
5.709	-0.541491
5.712	-0.53964
5.715	-0.537792
5.718	-0.535946
5.721	-0.534103
5.724	-0.532262
5.727	-0.530423
5.73	-0.528586
5.733	-0.526752
5.736	-0.524919
5.739	-0.523089
5.742	-0.521261
5.745	-0.519435
5.748	-0.517611
5.751	-0.515789
5.754	-0.513969
5.757	-0.512151
5.76	-0.510335
5.763	-0.50852
5.766	-0.506708
5.769	-0.504898
5.772	-0.503089
5.775	-0.501283
5.778	-0.499479
5.781	-0.497676
5.784	-0.495876
5.787	-0.494077
5.79	-0.492281
5.793	-0.490486
5.796	-0.488694
5.799	-0.486904
5.802	-0.485116
5.805	-0.48333
5.808	-0.481546
5.811	-0.479765
5.814	-0.477986
5.817	-0.476209
5.82	-0.474435
5.823	-0.472663
5.826	-0.470894
5.829	-0.469128
5.832	-0.467364
5.835	-0.465603
5.838	-0.463845
5.841	-0.46209
5.844	-0.460338
5.847	-0.458589
5.85	-0.456843
5.853	-0.455101
5.856	-0.453362
5.859	-0.451627
5.862	-0.449895
5.865	-0.448167
5.868	-0.446443
5.871	-0.444723
5.874	-0.443007
5.877	-0.441295
5.88	-0.439588
5.883	-0.437885
5.886	-0.436187
5.889	-0.434494
5.892	-0.432805
5.895	-0.431121
5.898	-0.429443
5.901	-0.42777
5.904	-0.426103
5.907	-0.424441
5.91	-0.422784
5.913	-0.421134
5.916	-0.41949
5.919	-0.417852
5.922	-0.41622
5.925	-0.414595
5.928	-0.412976
5.931	-0.411364
5.934	-0.409759
5.937	-0.408162
5.94	-0.406571
5.943	-0.404988
5.946	-0.403413
5.949	-0.401845
5.952	-0.400285
5.955	-0.398733
5.958	-0.39719
5.961	-0.395655
5.964	-0.394128
5.967	-0.39261
5.97	-0.3911
5.973	-0.3896
5.976	-0.388109
5.979	-0.386627
5.982	-0.385154
5.985	-0.383691
5.988	-0.382237
5.991	-0.380793
5.994	-0.379359
5.997	-0.377936
