 Location  Dispersion    Centroids   Volume
0.00120679   0.0247316   -0.0207678   1.00148
0.060187   0.0219742   0.0451461   1.00013
0.120267   0.0210701   0.109652   1.00004
0.180147   0.0201376   0.170475   0.999794
0.240038   0.0199042   0.231384   0.999739
0.300099   0.0200352   0.291775   0.999815
0.366062   0.019604   0.352689   0.999698
0.426094   0.0193171   0.411576   0.999683
0.486017   0.0192175   0.46507   0.999665
0.545997   0.0191513   0.51993   0.999639
0.605946   0.0194976   0.570368   0.999756
0.665988   0.0194366   0.62102   0.99975
0.726   0.0195665   0.667622   0.9998
0.786021   0.0194735   0.712329   0.999731
0.84594   0.0198823   0.753672   0.999868
0.905982   0.0198711   0.793365   0.999872
0.965984   0.0202535   0.831623   0.99993
1.03186   0.0206837   0.866037   1.00007
1.09194   0.0206672   0.896469   1.00006
1.15191   0.0208806   0.923557   1.00014
1.21197   0.020955   0.946976   1.00015
1.272   0.0211523   0.967581   1.00019
1.33191   0.0213818   0.983027   1.00026
1.39201   0.0213286   0.995495   1.00024
1.45196   0.0215585   1.00591   1.00031
1.51201   0.0216176   1.01127   1.00033
1.57206   0.0217285   1.01371   1.00035
1.63215   0.0221313   1.0128   1.00042
1.69793   0.0219554   1.00637   1.00037
1.7581   0.0216833   0.996265   1.00034
1.81812   0.0217845   0.983909   1.00034
1.87809   0.0216149   0.966459   1.0003
1.93814   0.0216442   0.946667   1.0003
1.9982   0.021524   0.921711   1.00027
2.05812   0.021352   0.89643   1.00021
2.11819   0.0213177   0.865492   1.00021
2.17817   0.0210966   0.832098   1.00014
2.23811   0.0208775   0.796192   1.00007
2.29817   0.0212163   0.756018   1.00013
2.36412   0.020862   0.712984   1.00002
2.4242   0.0205511   0.665383   0.999967
2.48418   0.0201096   0.619118   0.999868
2.54418   0.0198974   0.568454   0.999847
2.60411   0.0198245   0.51969   0.999793
2.6641   0.0196251   0.464042   0.999742
2.72407   0.0195614   0.409895   0.999708
2.78405   0.0195259   0.35472   0.999716
2.84411   0.0195234   0.296327   0.999723
2.90414   0.019338   0.236723   0.999687
2.96409   0.0191753   0.177182   0.999587
3.03003   0.019296   0.114049   0.999625
3.09001   0.0190653   0.0518443   0.999576
3.15001   0.01927   -0.00887638   0.999662
3.20996   0.0190358   -0.0688607   0.999576
3.27   0.0194629   -0.129748   0.999711
3.33   0.0189893   -0.190031   0.999581
3.3899   0.0192661   -0.248032   0.999658
3.44991   0.019538   -0.307168   0.999748
3.50996   0.0194426   -0.364443   0.999696
3.56993   0.0196828   -0.420724   0.999779
3.62998   0.0197653   -0.476518   0.999765
3.69591   0.0199652   -0.531848   0.999801
3.75586   0.020233   -0.5835   0.999928
3.81591   0.020104   -0.631811   0.999872
3.87587   0.0205774   -0.679527   1.00002
3.93597   0.0204723   -0.72259   0.99996
3.99595   0.0206694   -0.763722   1.00004
4.05596   0.0207449   -0.802948   1.00005
4.11587   0.021064   -0.837804   1.00013
4.17588   0.0211924   -0.871337   1.00019
4.2359   0.0213937   -0.901008   1.00022
4.29595   0.0213943   -0.927034   1.00023
4.36197   0.021695   -0.953899   1.0003
4.42191   0.0215828   -0.971173   1.0003
4.48197   0.0214265   -0.986259   1.00027
4.54195   0.0214653   -0.999191   1.00029
4.60203   0.02141   -1.00722   1.00028
4.6621   0.0214619   -1.01095   1.00028
4.72191   0.0215705   -1.01376   1.00031
4.78202   0.0213188   -1.01017   1.00026
4.84211   0.0213117   -1.0037   1.00025
4.90204   0.0212608   -0.993466   1.00021
4.96207   0.0212722   -0.979891   1.0002
5.02799   0.020872   -0.961775   1.00011
5.088   0.0205477   -0.939406   1.00005
5.14806   0.0204395   -0.916341   1.00004
5.20813   0.0204635   -0.8876   1.00004
5.26811   0.0202005   -0.856401   0.999949
5.32805   0.0197686   -0.821832   0.999842
5.388   0.0196632   -0.784964   0.999818
5.44803   0.0197293   -0.744725   0.999837
5.50805   0.0195136   -0.700956   0.999764
5.56802   0.0194474   -0.657086   0.999759
5.62805   0.0196333   -0.60759   0.999766
5.69403   0.019237   -0.554668   0.999648
5.75394   0.0195231   -0.500801   0.99973
5.81391   0.0199497   -0.446861   0.999849
5.874   0.0202697   -0.390617   0.999863
5.93407   0.0210055   -0.329604   0.99989
5.99311   0.0234733   -0.266226   1.00101
