 Location  Dispersion    Centroids   Volume
-0.00207052   0.00889901   0.013777   0.999496
0.0287932   0.0182381   0.0724561   1.00053
0.0616285   0.0168815   0.113636   1.00053
0.0906661   0.0083172   0.154705   0.999231
0.119389   0.012309   0.189073   1.00003
0.148902   0.0117969   0.196307   1.00016
0.179245   0.00512887   0.275198   1.00001
0.211309   0.00433391   0.2583   1.00003
0.239905   0.0065962   0.302574   0.999992
0.270621   0.0112603   0.323184   0.999973
0.300379   0.0133058   0.328151   1.00023
0.33   0.00750823   0.418661   0.999835
0.361926   0.0130625   0.364617   0.999931
0.38899   0.0121979   0.440316   1.00016
0.423108   0.00576686   0.484189   0.999939
0.450215   0.00676782   0.463642   0.999933
0.478833   0.00252271   0.499532   0.999954
0.511646   0.00310211   0.520601   1.00019
0.54   0.0005378   0.557593   0.999728
0.567476   0.00414764   0.574888   0.999894
0.599272   0.00936845   0.640988   1.00014
0.626144   0.00483243   0.612965   0.999882
0.65941   0.0130986   0.686634   1.00037
0.691052   0.0108101   0.68732   1.00008
0.72   0.000608135   0.74873   0.999819
0.756323   0.00814731   0.735679   0.999975
0.787096   0.0129087   0.743664   1.0003
0.819597   0.00839025   0.803791   0.99993
0.845947   0.00755561   0.769223   0.999416
0.870083   0.00227241   0.87111   1.00041
0.906486   0.00334026   0.835054   1.00006
0.936946   0.00397605   0.853967   0.999979
0.962666   0.00156908   0.90258   0.999929
0.995993   0.0109458   0.864603   1.00006
1.02736   0.0105932   0.912801   1.0002
1.05844   0.00883157   0.935745   0.999806
1.08881   0.0130381   0.930264   1.00045
1.11731   0.00814688   0.96113   0.999531
1.14687   0.0105457   0.959087   0.999952
1.17713   0.0106339   0.965101   1.0003
1.21141   0.00387657   1.00912   0.999848
1.23781   0.00298465   0.967353   0.999943
1.26668   0.00365995   0.988236   0.99989
1.296   0.000619541   0.975156   0.99967
1.3251   0.0140974   1.0235   1.00031
1.3564   0.0119356   1.03653   1.00008
1.38567   0.00525847   1.03545   0.999801
1.41376   0.00752804   1.00075   0.999977
1.44425   0.00260543   0.986852   0.999886
1.47544   0.0152173   1.05716   1.00027
1.50593   0.0126892   1.04053   0.99999
1.53572   0.0122712   1.04597   0.999942
1.56558   0.010215   1.06462   0.999868
1.59563   0.0158801   1.03356   1.00054
1.62795   0.0128385   1.07141   0.999915
1.65664   0.0051789   1.05815   0.99968
1.6868   0.010873   1.03357   1.00035
1.71937   0.0032139   1.00317   0.999851
1.7472   0.00316582   1.04518   0.999829
1.77554   0.00356987   1.02733   1.00009
1.80637   0.0013323   0.975901   1.00005
1.83558   0.00380979   1.02475   0.999885
1.86635   0.00822072   1.01404   1.00009
1.89689   0.010201   1.01206   1.00004
1.92679   0.0131456   1.00395   0.999985
1.95682   0.00836016   0.942652   0.999725
1.98383   0.0115434   0.972084   0.999811
2.01553   0.014779   0.942951   1.00028
2.04546   0.00842401   0.970926   0.999961
2.076   0.000523787   0.96614   0.999719
2.10486   0.013902   0.907522   1.00034
2.13541   0.00600538   0.8628   0.999908
2.16321   0.00390943   0.901065   0.99987
2.19475   0.00907139   0.870929   1.00019
2.22435   0.00287259   0.869681   0.999848
2.26117   0.0110271   0.799781   1.00016
2.28829   0.00561222   0.811753   0.99964
2.32024   0.0123877   0.766281   1.00036
2.35175   0.0120719   0.748122   1.00018
2.38199   0.00330217   0.782032   0.99982
2.40924   0.0115654   0.745461   0.999486
2.43942   0.0127751   0.699666   1.00052
2.47308   0.00290761   0.618236   1.00019
2.49719   0.00192174   0.685015   0.999885
2.53334   0.00775098   0.613589   1.00033
2.56354   0.011866   0.612337   0.999973
2.58988   0.00500141   0.548728   0.999758
2.6221   0.00245705   0.521734   0.999888
2.65224   0.00418332   0.530747   1.00011
2.68169   0.00193204   0.486881   0.999873
2.711   0.00330721   0.47605   0.999982
2.74174   0.00582724   0.412586   1.00003
2.77135   0.00812869   0.397145   0.99989
2.80174   0.0021261   0.413194   0.999851
2.83254   0.0118646   0.368893   1.00042
2.86268   0.016514   0.317147   0.999824
2.89197   0.0078683   0.319716   1.00007
2.91765   0.00174341   0.260523   1.00007
2.95373   0.00671129   0.268537   1.00007
2.98333   0.0108838   0.234351   1.00015
3.01278   0.00866394   0.185225   0.999701
3.04127   0.0142388   0.154154   0.999926
3.07183   0.0137685   0.116192   1.00018
3.10185   0.0121557   0.0818104   0.999687
3.13197   0.0162904   0.0830644   1.00065
3.16557   0.00768067   -0.0224845   0.999543
3.19225   0.00342574   0.0170762   0.999989
3.22159   0.00348351   -0.0382848   0.999942
3.25477   0.00232089   -0.0229067   1.00021
3.28398   0.0157959   -0.0946851   1.0005
3.31454   0.00230712   -0.120238   0.999844
3.34482   0.00480391   -0.190455   0.9998
3.37398   0.0107185   -0.188264   1.00024
3.402   0.000521745   -0.242356   0.999776
3.43282   0.00154296   -0.282042   1.00003
3.45695   0.000656145   -0.232667   0.99956
3.49003   0.00533214   -0.28765   0.999819
3.51957   0.00688658   -0.327277   1.00018
3.55121   0.00153266   -0.39063   1.00017
3.58146   0.00190039   -0.403425   0.999986
3.61249   0.00184467   -0.379948   0.999935
3.64855   0.00122478   -0.397179   1.00029
3.67345   0.00315211   -0.488428   0.999747
3.7035   0.00743344   -0.470889   1.00039
3.73465   0.00381599   -0.517627   0.999637
3.76989   0.0125054   -0.524029   1.00039
3.798   0.000459987   -0.589851   0.999619
3.82852   0.00633951   -0.58395   0.999955
3.85898   0.013062   -0.583454   1.00022
3.88911   0.0122862   -0.622271   0.999971
3.91973   0.0116773   -0.640479   1.00016
3.95081   0.00586409   -0.665512   0.999985
3.98006   0.000188789   -0.69873   0.999489
4.00803   0.0070647   -0.721399   1.00016
4.03674   0.00315613   -0.697083   0.999668
4.06732   0.0149361   -0.757846   1.00041
4.09964   0.0119648   -0.752112   1.00008
4.128   0.0164101   -0.75699   1.00018
4.16118   0.0144468   -0.8266   0.999922
4.19262   0.0032305   -0.766667   0.999848
4.21956   0.0071388   -0.814975   1.00007
4.24788   0.000893906   -0.839046   0.99954
4.277   0.0128352   -0.869587   1.00021
4.30665   0.0163171   -0.863629   0.999979
4.33696   0.0141751   -0.880839   0.999891
4.3685   0.0204522   -0.885255   1.00066
4.39818   0.00157768   -0.955236   0.999866
4.42888   0.00293288   -0.912195   0.999737
4.45926   0.0108999   -0.932155   1.00019
4.48848   0.0107864   -0.932653   0.999667
4.51744   0.0114404   -0.949552   1.00008
4.54848   0.0146243   -0.939557   1.00017
4.5775   0.010038   -0.940165   0.999573
4.60739   0.0157152   -0.935523   1.00046
4.64182   0.00261194   -0.976906   0.999888
4.66888   0.00417784   -0.953702   0.999876
4.69887   0.00725944   -0.948017   0.999955
4.72791   0.0160471   -0.920986   1.00011
4.75933   0.0115826   -0.991274   0.999775
4.78396   0.00565957   -0.89413   1.00009
4.81619   0.00238787   -0.982338   0.999838
4.84702   0.0126992   -0.936522   1.0003
4.87887   0.00730242   -0.942777   0.999936
4.91132   0.00120492   -0.900861   0.999868
4.92975   0.00286429   -0.977821   0.99978
4.96731   0.00779193   -0.905378   1.00043
4.99848   0.0107174   -0.917106   1.00002
5.0287   0.0103564   -0.917128   1.00012
5.05737   0.00128024   -0.836285   0.999761
5.08831   0.00882613   -0.882782   1.00027
5.12349   0.00192594   -0.816054   0.999955
5.14982   0.00295633   -0.855866   0.999984
5.17881   0.00279542   -0.824249   0.999936
5.20769   0.00765861   -0.828098   0.999835
5.23756   0.0119837   -0.804699   1.00007
5.2757   0.0171365   -0.802403   1.00059
5.30586   0.00857507   -0.73524   0.999548
5.33587   0.0112683   -0.73685   1.00029
5.36837   0.00307707   -0.773741   0.999498
5.38899   0.00208095   -0.681275   0.999958
5.42705   0.00127962   -0.726384   0.999898
5.45472   0.0033865   -0.683092   1.00011
5.48428   0.010816   -0.648753   0.999989
5.51331   0.0123541   -0.628981   0.999991
5.5439   0.00600348   -0.608811   0.999924
5.57184   0.00286551   -0.657054   1.00013
5.60523   0.0077525   -0.584896   1.00028
5.63194   0.00250301   -0.509865   1.00007
5.66497   0.00173536   -0.513067   0.999787
5.69024   0.00272904   -0.533814   0.999733
5.72401   0.0115981   -0.477484   1.00047
5.75517   0.0058618   -0.456587   0.999785
5.78263   0.0100694   -0.46242   0.999637
5.81149   0.0136571   -0.412326   0.999922
5.84144   0.0112014   -0.360767   0.999724
5.87177   0.0160986   -0.335895   1.0006
5.90313   0.0035954   -0.323138   0.999619
5.93176   0.0129541   -0.268018   1.00038
5.96367   0.0116512   -0.275356   1.00007
5.9938   0.00981205   -0.253205   1.00002
