 Location  Dispersion    Centroids   Volume
0.00107398   0.0244437   -0.0223242   1.00137
0.0601364   0.0219859   0.044668   1.00013
0.12017   0.021019   0.109301   1
0.18014   0.0203955   0.170942   0.999864
0.240116   0.0200419   0.231521   0.999798
0.300114   0.0199336   0.29217   0.999766
0.366038   0.0194677   0.352966   0.999659
0.426028   0.0193888   0.41105   0.999694
0.486018   0.0192943   0.46609   0.999682
0.546001   0.0192906   0.519449   0.999692
0.605986   0.0193329   0.570876   0.999711
0.665974   0.0194139   0.620224   0.999738
0.725963   0.0195272   0.667325   0.999772
0.785955   0.019667   0.712017   0.999811
0.845949   0.0198287   0.754167   0.999855
0.905947   0.0200194   0.793483   0.999908
0.965983   0.0202295   0.831275   0.999935
1.0319   0.0206578   0.866191   1.00006
1.09195   0.0206435   0.896585   1.00007
1.15195   0.0208068   0.923503   1.00011
1.21196   0.0209733   0.947013   1.00016
1.27197   0.0211337   0.967072   1.0002
1.33198   0.0212811   0.983609   1.00024
1.39199   0.0214122   0.996562   1.00027
1.45201   0.021525   1.00588   1.0003
1.51202   0.0216218   1.01155   1.00032
1.57203   0.0216939   1.01333   1.00034
1.63216   0.0220378   1.01241   1.00041
1.69797   0.0219691   1.00655   1.00038
1.75809   0.0217152   0.996039   1.00034
1.8181   0.02168   0.983153   1.00032
1.87811   0.0216163   0.966483   1.0003
1.93812   0.0215351   0.946323   1.00028
1.99813   0.0214354   0.922725   1.00025
2.05814   0.0213199   0.89578   1.00021
2.11814   0.0211923   0.865588   1.00017
2.17815   0.0210615   0.832259   1.00013
2.23815   0.0209369   0.795865   1.0001
2.29822   0.0211073   0.756162   1.00012
2.3641   0.0205532   0.712161   0.999953
2.42414   0.0203487   0.665978   0.999942
2.48414   0.0201668   0.619003   0.99989
2.54413   0.0200066   0.569677   0.999847
2.60412   0.0198552   0.51835   0.999806
2.66411   0.0197146   0.465179   0.999769
2.7241   0.0195875   0.410352   0.999735
2.78409   0.0194771   0.354063   0.999706
2.84408   0.019389   0.296489   0.999682
2.90407   0.0193599   0.237876   0.999673
2.96407   0.0193837   0.177069   0.99965
3.03003   0.0192097   0.114162   0.999601
3.09002   0.0191957   0.0522326   0.999633
3.15001   0.0191417   -0.00848525   0.99962
3.21   0.01915   -0.0691886   0.999623
3.26999   0.0191808   -0.12962   0.999632
3.32997   0.0192321   -0.189589   0.999646
3.38996   0.0193019   -0.248886   0.999665
3.44995   0.0193896   -0.307305   0.999688
3.50994   0.0194949   -0.364665   0.999716
3.56994   0.0196448   -0.420653   0.999758
3.62996   0.0197549   -0.476713   0.999747
3.69588   0.020174   -0.531915   0.999869
3.7559   0.020123   -0.583639   0.99988
3.8159   0.0202304   -0.632367   0.999914
3.8759   0.0203725   -0.678811   0.999955
3.9359   0.0205231   -0.722798   0.999998
3.9959   0.0206749   -0.764182   1.00004
4.0559   0.020824   -0.802815   1.00008
4.11591   0.0209674   -0.838551   1.00012
4.17592   0.0211047   -0.87129   1.00016
4.23592   0.0212334   -0.900673   1.0002
4.29602   0.0214964   -0.928352   1.00024
4.36185   0.0217965   -0.952159   1.00034
4.42196   0.0215424   -0.971024   1.00029
4.48197   0.0215792   -0.986766   1.0003
4.54198   0.0215933   -0.99877   1.00031
4.602   0.02159   -1.00714   1.00031
4.66201   0.021564   -1.01182   1.00031
4.72202   0.0215142   -1.01281   1.00029
4.78203   0.0214414   -1.01009   1.00028
4.84205   0.0213501   -1.00369   1.00025
4.90205   0.0212378   -0.99349   1.00022
4.96214   0.0213506   -0.9801   1.00024
5.02801   0.0209952   -0.961832   1.00014
5.08807   0.0206957   -0.939595   1.00009
5.14807   0.020502   -0.915179   1.00004
5.20807   0.0203049   -0.887275   0.999985
5.26807   0.02011   -0.856167   0.999935
5.32806   0.0199225   -0.821943   0.999887
5.38806   0.0197501   -0.784726   0.999841
5.44805   0.0196016   -0.744645   0.999801
5.50804   0.0194879   -0.701813   0.999767
5.56803   0.0194461   -0.656437   0.99975
5.62803   0.0194285   -0.60739   0.999714
5.69399   0.0195163   -0.554851   0.999722
5.75398   0.0196192   -0.501251   0.999753
5.81397   0.01984   -0.446566   0.999787
5.87397   0.0203228   -0.389816   0.999889
5.93405   0.020998   -0.329035   0.999934
5.99323   0.0230954   -0.26662   1.00091
