 Location  Dispersion    Centroids   Volume
-0.0033429   0.0174482   0.00397341   0.999895
0.025702   0.0234133   0.0730877   1.00009
0.0635749   0.025323   0.101246   1.00011
0.09241   0.0219204   0.177534   0.999924
0.12292   0.0253783   0.149495   0.999946
0.146988   0.0251712   0.220262   1.0001
0.18459   0.0140538   0.267007   0.999931
0.209495   0.0193835   0.257338   1
0.242722   0.0205653   0.320509   1.00003
0.271229   0.0226117   0.295717   0.999955
0.299596   0.0236401   0.345148   1.00008
0.334683   0.0158236   0.417546   0.999929
0.363408   0.0268964   0.360211   1.00008
0.390017   0.0170949   0.462607   0.999948
0.421476   0.0197062   0.46454   0.999985
0.449691   0.0198726   0.476622   1
0.479061   0.0174489   0.489124   0.999971
0.509063   0.0180142   0.506575   1.00003
0.539471   0.0197713   0.555025   0.999936
0.565252   0.0211868   0.59012   1.00002
0.599138   0.0215411   0.636793   1.00004
0.629354   0.0212888   0.643628   0.999995
0.661997   0.0208595   0.696493   1.00005
0.694757   0.0220403   0.708077   1.00005
0.725014   0.0176599   0.734969   0.999929
0.75875   0.020106   0.755758   0.999978
0.782494   0.0196011   0.721789   0.999941
0.814108   0.0229638   0.777005   1.00006
0.84867   0.023761   0.768822   1.00004
0.876158   0.0153004   0.8605   0.999928
0.905227   0.0209482   0.844455   1.00003
0.93802   0.0200912   0.855643   1.00004
0.967742   0.0161779   0.890265   0.999927
0.994759   0.0203656   0.874595   1.00003
1.02657   0.0189934   0.90842   0.999992
1.05574   0.0199693   0.918671   0.999998
1.08898   0.0222335   0.91728   1.00006
1.11882   0.0225005   0.977564   0.999967
1.14538   0.0202634   0.942136   0.999966
1.17785   0.0211985   0.965779   1.00005
1.20758   0.018565   0.997337   0.999951
1.23644   0.0198561   0.989573   1.00001
1.26819   0.0209055   0.999048   1.00003
1.29583   0.0196768   0.976542   0.999856
1.32098   0.0251073   1.0376   1.00011
1.35764   0.0219812   1.03399   1.00004
1.38738   0.0196816   1.01565   0.999981
1.41648   0.017401   0.994732   0.999965
1.44285   0.0186937   1.00143   0.999914
1.47317   0.025751   1.06578   1.00012
1.50657   0.0205724   1.02471   0.999974
1.53573   0.0221712   1.04755   1.00001
1.56407   0.0190038   1.07323   0.999954
1.59643   0.0234331   1.03354   1.00009
1.62976   0.021992   1.0808   1
1.6564   0.0205793   1.03917   0.999955
1.68717   0.020119   1.03943   1.00002
1.7168   0.0194617   1.0157   0.999981
1.74657   0.0194878   1.03193   1.00001
1.7786   0.0190226   1.01637   1.00004
1.80791   0.0150818   0.992812   0.999918
1.8354   0.0210423   1.0181   1.00003
1.86647   0.0203107   1.00655   1.00001
1.89721   0.019846   0.998942   1
1.92904   0.0217054   0.993177   1.00005
1.95852   0.0164609   0.934506   0.999909
1.98396   0.0206358   0.985812   0.999967
2.01438   0.0236835   0.938126   1.00007
2.04532   0.0176059   0.977408   0.999959
2.07172   0.016908   0.964541   0.999896
2.10089   0.0243291   0.905988   1.00012
2.13581   0.0195378   0.875786   0.999999
2.16574   0.0196793   0.883052   1
2.19597   0.0194109   0.872059   1.00001
2.22169   0.0143573   0.859508   0.999911
2.25879   0.0227752   0.797314   1.00008
2.2929   0.022183   0.798601   1
2.32171   0.0200476   0.746689   0.999994
2.35261   0.0213619   0.754565   1.00002
2.38184   0.0185795   0.776233   0.999951
2.41248   0.0249243   0.749827   0.99999
2.44075   0.0238123   0.68495   1.00012
2.47657   0.0116426   0.639261   0.999894
2.49391   0.0109023   0.680852   0.9999
2.53165   0.0256457   0.633397   1.00016
2.56491   0.0278894   0.596986   1.00006
2.59459   0.0171584   0.541853   0.999924
2.62344   0.0185826   0.53206   0.999981
2.65149   0.0183278   0.53637   0.999998
2.68473   0.0218782   0.505517   1.00001
2.70975   0.0203899   0.448519   0.999976
2.74351   0.0196081   0.416399   1.00003
2.77086   0.0168103   0.42391   0.999918
2.79578   0.0185256   0.404439   0.999954
2.82902   0.0234986   0.379763   1.00008
2.85998   0.0240813   0.316572   1.00002
2.89291   0.0200042   0.310333   1.00004
2.92475   0.0164714   0.277257   0.999953
2.95346   0.0214611   0.274155   1.00004
2.98259   0.0184012   0.213999   0.999965
3.01026   0.0179131   0.211031   0.999912
3.03796   0.024264   0.160775   1.00005
3.07094   0.0243881   0.104412   1.00006
3.10414   0.0235605   0.12994   0.999856
3.12839   0.0290603   0.0614078   1.00022
3.16733   0.0130013   -0.0170466   0.999896
3.1926   0.0202448   0.0180305   1.00004
3.22545   0.018852   -0.0574952   1
3.2499   0.0155159   -0.0390161   0.999887
3.28342   0.0274897   -0.0980829   1.00019
3.31557   0.0180247   -0.132435   0.999944
3.34568   0.015677   -0.177674   0.999944
3.37784   0.0265168   -0.193536   1.00016
3.40777   0.0175381   -0.23027   0.999923
3.43846   0.0168627   -0.256124   0.999975
3.46358   0.0184205   -0.275512   0.99995
3.49239   0.0214207   -0.280931   0.999973
3.52141   0.0224586   -0.340893   1.00008
3.55624   0.0170393   -0.373637   0.999988
3.58421   0.0178057   -0.404471   0.999964
3.61285   0.0204261   -0.405474   0.999998
3.63882   0.0157783   -0.396662   0.999966
3.67176   0.0204955   -0.472922   1.00003
3.70298   0.0202126   -0.467377   1.00003
3.73404   0.020883   -0.516145   0.999999
3.77421   0.0247054   -0.505965   1.0001
3.80126   0.0167652   -0.584326   0.999879
3.82863   0.0190672   -0.585483   0.999992
3.85935   0.0213087   -0.583759   1.00003
3.89006   0.0199778   -0.627761   0.999998
3.91963   0.0191143   -0.649525   0.999986
3.94962   0.0202013   -0.658767   1
3.97922   0.0210826   -0.693085   1.00001
4.00749   0.0173152   -0.690561   0.999936
4.03204   0.0166461   -0.698718   0.999913
4.06323   0.0247156   -0.751831   1.00012
4.09821   0.0205905   -0.751055   1.00002
4.13161   0.0231318   -0.761378   1.00005
4.16251   0.0229584   -0.836335   1
4.18669   0.0172758   -0.773393   0.999897
4.21621   0.0183697   -0.801466   0.999994
4.24443   0.021534   -0.832506   0.999952
4.2737   0.023093   -0.87614   1.00007
4.3118   0.0264446   -0.852027   1.00006
4.3322   0.0191372   -0.920253   0.999864
4.36962   0.0294071   -0.875845   1.00021
4.39525   0.0159053   -0.941209   0.999825
4.42629   0.022054   -0.91477   1.00007
4.46277   0.0247719   -0.909036   1.00006
4.48688   0.0226177   -0.965719   0.999923
4.51752   0.0207202   -0.941932   1.00001
4.5506   0.0227944   -0.945061   1.00005
4.57642   0.0181282   -0.900339   0.999823
4.60358   0.0251962   -0.960501   1.00014
4.63798   0.0182859   -0.963311   0.999958
4.66709   0.0206421   -0.950096   1.00002
4.69833   0.02051   -0.94612   1.00002
4.73004   0.0202236   -0.905624   0.999973
4.75406   0.0202638   -0.993965   1.00001
4.78907   0.0168485   -0.903778   1
4.81624   0.0176848   -0.971664   0.999945
4.84653   0.0217606   -0.930102   1.00006
4.87918   0.0214891   -0.942817   1.00004
4.90788   0.0163035   -0.916259   0.999904
4.93094   0.015622   -0.970282   0.999926
4.96375   0.0234535   -0.917715   1.00011
4.99724   0.0216987   -0.907507   1.00002
5.03273   0.0237696   -0.908591   1.00012
5.06311   0.00964889   -0.848669   0.999827
5.08977   0.0235644   -0.885728   1.00014
5.12184   0.0170773   -0.836174   0.99991
5.1472   0.0176872   -0.856514   0.999979
5.17787   0.0199947   -0.831932   1.00002
5.20867   0.0210884   -0.824434   1.00001
5.2392   0.0218069   -0.78841   0.999975
5.27456   0.0240071   -0.826417   1.00002
5.30207   0.0242528   -0.736266   0.999996
5.3358   0.0211206   -0.733754   1.00003
5.36523   0.0198074   -0.76991   1.00002
5.39904   0.0164495   -0.679924   0.999943
5.41803   0.0164319   -0.724248   0.999926
5.45074   0.0205804   -0.680336   1.00006
5.48539   0.0212721   -0.681034   0.999942
5.509   0.0268465   -0.614516   1.00008
5.54413   0.0190196   -0.611708   1
5.5693   0.0123919   -0.639876   0.999914
5.60314   0.0207482   -0.599734   1.00014
5.63858   0.016631   -0.524825   0.999959
5.66482   0.0193541   -0.507081   0.999991
5.69393   0.0208358   -0.526878   0.999927
5.7202   0.0222146   -0.455325   1.00005
5.75356   0.0203819   -0.463003   1.00002
5.7832   0.0187125   -0.471852   0.999923
5.80872   0.0215642   -0.409777   1.00002
5.83946   0.0194355   -0.380469   0.999953
5.86984   0.0229394   -0.3383   1.00009
5.90163   0.0187253   -0.32736   0.999943
5.93119   0.0214915   -0.257561   1.00005
5.96361   0.0203058   -0.263037   1.00001
5.99387   0.0200092   -0.263393   1
