 x  	 F(x)  
0	0.0244799
0.003	0.0256048
0.006	0.0267712
0.009	0.0279803
0.012	0.0292331
0.015	0.0305309
0.018	0.0318747
0.021	0.0332657
0.024	0.0347049
0.027	0.0361935
0.03	0.0377326
0.033	0.0393231
0.036	0.040966
0.039	0.0426624
0.042	0.0444132
0.045	0.0462192
0.048	0.0480812
0.051	0.0500001
0.054	0.0519766
0.057	0.0540112
0.06	0.0561045
0.063	0.0582571
0.066	0.0604692
0.069	0.0627413
0.072	0.0650734
0.075	0.0674658
0.078	0.0699183
0.081	0.0724309
0.084	0.0750032
0.087	0.077635
0.09	0.0803256
0.093	0.0830745
0.096	0.0858809
0.099	0.0887438
0.102	0.0916622
0.105	0.0946349
0.108	0.0976606
0.111	0.100738
0.114	0.103865
0.117	0.10704
0.12	0.110261
0.123	0.113526
0.126	0.116833
0.129	0.12018
0.132	0.123564
0.135	0.126983
0.138	0.130434
0.141	0.133914
0.144	0.137421
0.147	0.140951
0.15	0.144503
0.153	0.148072
0.156	0.151656
0.159	0.155251
0.162	0.158856
0.165	0.162466
0.168	0.166079
0.171	0.169691
0.174	0.1733
0.177	0.176903
0.18	0.180496
0.183	0.184077
0.186	0.187644
0.189	0.191194
0.192	0.194724
0.195	0.198231
0.198	0.201714
0.201	0.205171
0.204	0.208599
0.207	0.211996
0.21	0.215362
0.213	0.218694
0.216	0.221991
0.219	0.225251
0.222	0.228475
0.225	0.23166
0.228	0.234806
0.231	0.237912
0.234	0.240979
0.237	0.244005
0.24	0.246991
0.243	0.249937
0.246	0.252842
0.249	0.255708
0.252	0.258534
0.255	0.261322
0.258	0.264072
0.261	0.266784
0.264	0.26946
0.267	0.272102
0.27	0.274709
0.273	0.277283
0.276	0.279827
0.279	0.28234
0.282	0.284825
0.285	0.287283
0.288	0.289716
0.291	0.292126
0.294	0.294514
0.297	0.296882
0.3	0.299233
0.303	0.301567
0.306	0.303887
0.309	0.306195
0.312	0.308493
0.315	0.310783
0.318	0.313066
0.321	0.315345
0.324	0.317622
0.327	0.319898
0.33	0.322176
0.333	0.324458
0.336	0.326745
0.339	0.329039
0.342	0.331343
0.345	0.333658
0.348	0.335985
0.351	0.338327
0.354	0.340685
0.357	0.343061
0.36	0.345456
0.363	0.347872
0.366	0.35031
0.369	0.352771
0.372	0.355257
0.375	0.357768
0.378	0.360307
0.381	0.362873
0.384	0.365468
0.387	0.368091
0.39	0.370745
0.393	0.373429
0.396	0.376144
0.399	0.37889
0.402	0.381667
0.405	0.384475
0.408	0.387314
0.411	0.390184
0.414	0.393084
0.417	0.396014
0.42	0.398973
0.423	0.40196
0.426	0.404975
0.429	0.408017
0.432	0.411083
0.435	0.414174
0.438	0.417288
0.441	0.420422
0.444	0.423576
0.447	0.426749
0.45	0.429937
0.453	0.433139
0.456	0.436353
0.459	0.439578
0.462	0.442811
0.465	0.44605
0.468	0.449292
0.471	0.452537
0.474	0.45578
0.477	0.459021
0.48	0.462257
0.483	0.465486
0.486	0.468705
0.489	0.471912
0.492	0.475106
0.495	0.478283
0.498	0.481443
0.501	0.484583
0.504	0.487701
0.507	0.490796
0.51	0.493865
0.513	0.496908
0.516	0.499922
0.519	0.502906
0.522	0.50586
0.525	0.508781
0.528	0.511668
0.531	0.514522
0.534	0.51734
0.537	0.520123
0.54	0.522869
0.543	0.525579
0.546	0.528251
0.549	0.530887
0.552	0.533484
0.555	0.536045
0.558	0.538569
0.561	0.541055
0.564	0.543505
0.567	0.54592
0.57	0.548298
0.573	0.550643
0.576	0.552953
0.579	0.55523
0.582	0.557476
0.585	0.55969
0.588	0.561875
0.591	0.56403
0.594	0.566159
0.597	0.568261
0.6	0.570339
0.603	0.572393
0.606	0.574426
0.609	0.576438
0.612	0.578432
0.615	0.580408
0.618	0.582369
0.621	0.584316
0.624	0.586251
0.627	0.588175
0.63	0.59009
0.633	0.591998
0.636	0.593901
0.639	0.595799
0.642	0.597696
0.645	0.599592
0.648	0.601489
0.651	0.603389
0.654	0.605293
0.657	0.607203
0.66	0.60912
0.663	0.611046
0.666	0.612983
0.669	0.614931
0.672	0.616892
0.675	0.618867
0.678	0.620859
0.681	0.622866
0.684	0.624892
0.687	0.626936
0.69	0.629001
0.693	0.631085
0.696	0.633191
0.699	0.63532
0.702	0.63747
0.705	0.639644
0.708	0.641842
0.711	0.644063
0.714	0.646308
0.717	0.648577
0.72	0.650871
0.723	0.653188
0.726	0.655529
0.729	0.657893
0.732	0.66028
0.735	0.662689
0.738	0.66512
0.741	0.667571
0.744	0.670043
0.747	0.672533
0.75	0.675041
0.753	0.677565
0.756	0.680105
0.759	0.682658
0.762	0.685224
0.765	0.687801
0.768	0.690387
0.771	0.692981
0.774	0.69558
0.777	0.698184
0.78	0.70079
0.783	0.703397
0.786	0.706002
0.789	0.708604
0.792	0.711201
0.795	0.713792
0.798	0.716373
0.801	0.718944
0.804	0.721502
0.807	0.724047
0.81	0.726576
0.813	0.729087
0.816	0.731579
0.819	0.73405
0.822	0.7365
0.825	0.738926
0.828	0.741327
0.831	0.743703
0.834	0.746051
0.837	0.748371
0.84	0.750663
0.843	0.752924
0.846	0.755155
0.849	0.757355
0.852	0.759522
0.855	0.761658
0.858	0.763761
0.861	0.765832
0.864	0.76787
0.867	0.769874
0.87	0.771846
0.873	0.773785
0.876	0.775692
0.879	0.777566
0.882	0.779409
0.885	0.78122
0.888	0.783001
0.891	0.784751
0.894	0.786472
0.897	0.788165
0.9	0.789829
0.903	0.791467
0.906	0.793078
0.909	0.794664
0.912	0.796226
0.915	0.797765
0.918	0.799282
0.921	0.800778
0.924	0.802254
0.927	0.803712
0.93	0.805152
0.933	0.806576
0.936	0.807985
0.939	0.80938
0.942	0.810763
0.945	0.812134
0.948	0.813496
0.951	0.814848
0.954	0.816193
0.957	0.817532
0.96	0.818865
0.963	0.820195
0.966	0.821522
0.969	0.822847
0.972	0.824172
0.975	0.825497
0.978	0.826825
0.981	0.828155
0.984	0.829489
0.987	0.830827
0.99	0.832172
0.993	0.833523
0.996	0.834881
0.999	0.836248
1.002	0.837624
1.005	0.839009
1.008	0.840405
1.011	0.841812
1.014	0.843231
1.017	0.844661
1.02	0.846104
1.023	0.847559
1.026	0.849028
1.029	0.850509
1.032	0.852004
1.035	0.853512
1.038	0.855033
1.041	0.856568
1.044	0.858115
1.047	0.859676
1.05	0.861248
1.053	0.862833
1.056	0.864429
1.059	0.866037
1.062	0.867654
1.065	0.869282
1.068	0.870918
1.071	0.872563
1.074	0.874215
1.077	0.875873
1.08	0.877537
1.083	0.879205
1.086	0.880877
1.089	0.882551
1.092	0.884227
1.095	0.885902
1.098	0.887576
1.101	0.889248
1.104	0.890917
1.107	0.89258
1.11	0.894238
1.113	0.895889
1.116	0.897532
1.119	0.899165
1.122	0.900788
1.125	0.902398
1.128	0.903997
1.131	0.905581
1.134	0.90715
1.137	0.908704
1.14	0.910241
1.143	0.91176
1.146	0.91326
1.149	0.914742
1.152	0.916203
1.155	0.917644
1.158	0.919064
1.161	0.920462
1.164	0.921837
1.167	0.92319
1.17	0.92452
1.173	0.925827
1.176	0.92711
1.179	0.92837
1.182	0.929605
1.185	0.930817
1.188	0.932005
1.191	0.933169
1.194	0.934309
1.197	0.935426
1.2	0.936519
1.203	0.937589
1.206	0.938636
1.209	0.93966
1.212	0.940663
1.215	0.941643
1.218	0.942602
1.221	0.94354
1.224	0.944458
1.227	0.945356
1.23	0.946234
1.233	0.947094
1.236	0.947935
1.239	0.948758
1.242	0.949565
1.245	0.950354
1.248	0.951128
1.251	0.951887
1.254	0.952632
1.257	0.953362
1.26	0.954079
1.263	0.954784
1.266	0.955476
1.269	0.956157
1.272	0.956828
1.275	0.957488
1.278	0.95814
1.281	0.958782
1.284	0.959416
1.287	0.960043
1.29	0.960663
1.293	0.961277
1.296	0.961885
1.299	0.962487
1.302	0.963085
1.305	0.963679
1.308	0.964269
1.311	0.964857
1.314	0.965441
1.317	0.966023
1.32	0.966604
1.323	0.967183
1.326	0.967761
1.329	0.968338
1.332	0.968915
1.335	0.969492
1.338	0.970069
1.341	0.970647
1.344	0.971225
1.347	0.971804
1.35	0.972384
1.353	0.972965
1.356	0.973548
1.359	0.974131
1.362	0.974716
1.365	0.975302
1.368	0.975889
1.371	0.976477
1.374	0.977067
1.377	0.977657
1.38	0.978248
1.383	0.978839
1.386	0.97943
1.389	0.980022
1.392	0.980613
1.395	0.981204
1.398	0.981794
1.401	0.982383
1.404	0.98297
1.407	0.983555
1.41	0.984138
1.413	0.984718
1.416	0.985295
1.419	0.985869
1.422	0.986438
1.425	0.987003
1.428	0.987563
1.431	0.988117
1.434	0.988666
1.437	0.989209
1.44	0.989744
1.443	0.990273
1.446	0.990794
1.449	0.991307
1.452	0.991812
1.455	0.992308
1.458	0.992795
1.461	0.993272
1.464	0.993739
1.467	0.994197
1.47	0.994643
1.473	0.995079
1.476	0.995504
1.479	0.995918
1.482	0.99632
1.485	0.99671
1.488	0.997089
1.491	0.997455
1.494	0.997808
1.497	0.99815
1.5	0.998478
1.503	0.998794
1.506	0.999097
1.509	0.999386
1.512	0.999663
1.515	0.999927
1.518	1.00018
1.521	1.00041
1.524	1.00064
1.527	1.00085
1.53	1.00105
1.533	1.00123
1.536	1.0014
1.539	1.00156
1.542	1.0017
1.545	1.00183
1.548	1.00195
1.551	1.00205
1.554	1.00214
1.557	1.00222
1.56	1.00228
1.563	1.00233
1.566	1.00236
1.569	1.00239
1.572	1.0024
1.575	1.00239
1.578	1.00238
1.581	1.00235
1.584	1.0023
1.587	1.00224
1.59	1.00217
1.593	1.00209
1.596	1.00199
1.599	1.00188
1.602	1.00175
1.605	1.00162
1.608	1.00146
1.611	1.0013
1.614	1.00112
1.617	1.00093
1.62	1.00072
1.623	1.00051
1.626	1.00027
1.629	1.00003
1.632	0.999769
1.635	0.999496
1.638	0.999211
1.641	0.998912
1.644	0.9986
1.647	0.998275
1.65	0.997937
1.653	0.997586
1.656	0.997222
1.659	0.996846
1.662	0.996457
1.665	0.996056
1.668	0.995643
1.671	0.995218
1.674	0.994781
1.677	0.994332
1.68	0.993873
1.683	0.993402
1.686	0.99292
1.689	0.992429
1.692	0.991927
1.695	0.991415
1.698	0.990894
1.701	0.990364
1.704	0.989826
1.707	0.989279
1.71	0.988724
1.713	0.988162
1.716	0.987593
1.719	0.987017
1.722	0.986436
1.725	0.985848
1.728	0.985256
1.731	0.984659
1.734	0.984057
1.737	0.983452
1.74	0.982843
1.743	0.982231
1.746	0.981617
1.749	0.981
1.752	0.980382
1.755	0.979763
1.758	0.979143
1.761	0.978521
1.764	0.9779
1.767	0.977279
1.77	0.976658
1.773	0.976037
1.776	0.975418
1.779	0.974799
1.782	0.974182
1.785	0.973565
1.788	0.972951
1.791	0.972337
1.794	0.971726
1.797	0.971116
1.8	0.970507
1.803	0.9699
1.806	0.969294
1.809	0.96869
1.812	0.968087
1.815	0.967485
1.818	0.966884
1.821	0.966283
1.824	0.965682
1.827	0.965082
1.83	0.964481
1.833	0.96388
1.836	0.963277
1.839	0.962674
1.842	0.962068
1.845	0.96146
1.848	0.960849
1.851	0.960234
1.854	0.959616
1.857	0.958994
1.86	0.958366
1.863	0.957733
1.866	0.957094
1.869	0.956448
1.872	0.955795
1.875	0.955134
1.878	0.954464
1.881	0.953785
1.884	0.953096
1.887	0.952396
1.89	0.951684
1.893	0.950961
1.896	0.950225
1.899	0.949475
1.902	0.948712
1.905	0.947933
1.908	0.947139
1.911	0.946329
1.914	0.945501
1.917	0.944657
1.92	0.943793
1.923	0.942912
1.926	0.94201
1.929	0.941089
1.932	0.940146
1.935	0.939183
1.938	0.938197
1.941	0.93719
1.944	0.936159
1.947	0.935106
1.95	0.934028
1.953	0.932927
1.956	0.931802
1.959	0.930651
1.962	0.929476
1.965	0.928276
1.968	0.927051
1.971	0.9258
1.974	0.924524
1.977	0.923223
1.98	0.921897
1.983	0.920546
1.986	0.919171
1.989	0.917771
1.992	0.916346
1.995	0.914899
1.998	0.913428
2.001	0.911934
2.004	0.910419
2.007	0.908882
2.01	0.907325
2.013	0.905749
2.016	0.904154
2.019	0.90254
2.022	0.90091
2.025	0.899265
2.028	0.897604
2.031	0.895931
2.034	0.894245
2.037	0.892547
2.04	0.89084
2.043	0.889125
2.046	0.887402
2.049	0.885673
2.052	0.88394
2.055	0.882203
2.058	0.880464
2.061	0.878724
2.064	0.876985
2.067	0.875248
2.07	0.873514
2.073	0.871784
2.076	0.870059
2.079	0.868341
2.082	0.86663
2.085	0.864928
2.088	0.863236
2.091	0.861553
2.094	0.859882
2.097	0.858223
2.1	0.856577
2.103	0.854943
2.106	0.853323
2.109	0.851718
2.112	0.850127
2.115	0.84855
2.118	0.846989
2.121	0.845443
2.124	0.843911
2.127	0.842395
2.13	0.840894
2.133	0.839408
2.136	0.837936
2.139	0.836479
2.142	0.835035
2.145	0.833604
2.148	0.832187
2.151	0.830781
2.154	0.829387
2.157	0.828003
2.16	0.82663
2.163	0.825265
2.166	0.823909
2.169	0.82256
2.172	0.821218
2.175	0.81988
2.178	0.818547
2.181	0.817217
2.184	0.815889
2.187	0.814561
2.19	0.813233
2.193	0.811904
2.196	0.810572
2.199	0.809236
2.202	0.807894
2.205	0.806546
2.208	0.805189
2.211	0.803824
2.214	0.802448
2.217	0.80106
2.22	0.799659
2.223	0.798244
2.226	0.796813
2.229	0.795366
2.232	0.7939
2.235	0.792414
2.238	0.790908
2.241	0.789381
2.244	0.78783
2.247	0.786255
2.25	0.784656
2.253	0.78303
2.256	0.781377
2.259	0.779696
2.262	0.777985
2.265	0.776246
2.268	0.774475
2.271	0.772674
2.274	0.77084
2.277	0.768974
2.28	0.767075
2.283	0.765143
2.286	0.763177
2.289	0.761178
2.292	0.759144
2.295	0.757076
2.298	0.754975
2.301	0.752839
2.304	0.75067
2.307	0.748467
2.31	0.746232
2.313	0.743965
2.316	0.741666
2.319	0.739336
2.322	0.736975
2.325	0.734586
2.328	0.732169
2.331	0.729726
2.334	0.727256
2.337	0.724762
2.34	0.722246
2.343	0.719708
2.346	0.71715
2.349	0.714574
2.352	0.711982
2.355	0.709375
2.358	0.706755
2.361	0.704124
2.364	0.701484
2.367	0.698836
2.37	0.696184
2.373	0.693527
2.376	0.690869
2.379	0.688211
2.382	0.685556
2.385	0.682904
2.388	0.680258
2.391	0.67762
2.394	0.674991
2.397	0.672372
2.4	0.669767
2.403	0.667175
2.406	0.664598
2.409	0.662039
2.412	0.659497
2.415	0.656974
2.418	0.654471
2.421	0.651989
2.424	0.64953
2.427	0.647092
2.43	0.644678
2.433	0.642288
2.436	0.639921
2.439	0.637579
2.442	0.635262
2.445	0.632969
2.448	0.6307
2.451	0.628456
2.454	0.626235
2.457	0.624039
2.46	0.621865
2.463	0.619714
2.466	0.617585
2.469	0.615477
2.472	0.61339
2.475	0.611322
2.478	0.609272
2.481	0.60724
2.484	0.605224
2.487	0.603223
2.49	0.601235
2.493	0.59926
2.496	0.597296
2.499	0.595342
2.502	0.593395
2.505	0.591456
2.508	0.589521
2.511	0.58759
2.514	0.58566
2.517	0.583731
2.52	0.5818
2.523	0.579867
2.526	0.577929
2.529	0.575984
2.532	0.574031
2.535	0.572069
2.538	0.570095
2.541	0.568108
2.544	0.566106
2.547	0.564089
2.55	0.562053
2.553	0.559998
2.556	0.557923
2.559	0.555825
2.562	0.553703
2.565	0.551556
2.568	0.549383
2.571	0.547181
2.574	0.544951
2.577	0.542691
2.58	0.5404
2.583	0.538077
2.586	0.535721
2.589	0.533331
2.592	0.530906
2.595	0.528446
2.598	0.525951
2.601	0.523419
2.604	0.520851
2.607	0.518247
2.61	0.515605
2.613	0.512927
2.616	0.510212
2.619	0.507461
2.622	0.504674
2.625	0.501852
2.628	0.498995
2.631	0.496103
2.634	0.493179
2.637	0.490222
2.64	0.487234
2.643	0.484216
2.646	0.481169
2.649	0.478095
2.652	0.474996
2.655	0.471872
2.658	0.468726
2.661	0.46556
2.664	0.462375
2.667	0.459173
2.67	0.455957
2.673	0.452728
2.676	0.449488
2.679	0.446241
2.682	0.442987
2.685	0.439729
2.688	0.436469
2.691	0.43321
2.694	0.429954
2.697	0.426702
2.7	0.423457
2.703	0.420221
2.706	0.416996
2.709	0.413785
2.712	0.410588
2.715	0.407407
2.718	0.404245
2.721	0.401104
2.724	0.397983
2.727	0.394886
2.73	0.391814
2.733	0.388767
2.736	0.385746
2.739	0.382754
2.742	0.379789
2.745	0.376855
2.748	0.37395
2.751	0.371075
2.754	0.368231
2.757	0.365418
2.76	0.362636
2.763	0.359885
2.766	0.357165
2.769	0.354475
2.772	0.351815
2.775	0.349185
2.778	0.346584
2.781	0.344012
2.784	0.341466
2.787	0.338948
2.79	0.336454
2.793	0.333985
2.796	0.331539
2.799	0.329115
2.802	0.326712
2.805	0.324328
2.808	0.321961
2.811	0.31961
2.814	0.317274
2.817	0.31495
2.82	0.312637
2.823	0.310334
2.826	0.308038
2.829	0.305747
2.832	0.303461
2.835	0.301176
2.838	0.298892
2.841	0.296605
2.844	0.294315
2.847	0.292019
2.85	0.289716
2.853	0.287403
2.856	0.285079
2.859	0.282742
2.862	0.28039
2.865	0.278021
2.868	0.275634
2.871	0.273226
2.874	0.270797
2.877	0.268344
2.88	0.265866
2.883	0.263361
2.886	0.260829
2.889	0.258267
2.892	0.255674
2.895	0.25305
2.898	0.250393
2.901	0.247702
2.904	0.244976
2.907	0.242214
2.91	0.239416
2.913	0.236581
2.916	0.233709
2.919	0.230799
2.922	0.227851
2.925	0.224865
2.928	0.221841
2.931	0.218779
2.934	0.21568
2.937	0.212543
2.94	0.20937
2.943	0.206161
2.946	0.202917
2.949	0.199639
2.952	0.196328
2.955	0.192986
2.958	0.189613
2.961	0.186211
2.964	0.182782
2.967	0.179328
2.97	0.17585
2.973	0.17235
2.976	0.16883
2.979	0.165293
2.982	0.161741
2.985	0.158175
2.988	0.154598
2.991	0.151012
2.994	0.14742
2.997	0.143824
3	0.140227
3.003	0.136631
3.006	0.133038
3.009	0.129451
3.012	0.125872
3.015	0.122303
3.018	0.118747
3.021	0.115206
3.024	0.111682
3.027	0.108177
3.03	0.104693
3.033	0.101231
3.036	0.0977948
3.039	0.0943844
3.042	0.091002
3.045	0.0876487
3.048	0.084326
3.051	0.0810351
3.054	0.0777769
3.057	0.0745523
3.06	0.0713621
3.063	0.068207
3.066	0.0650874
3.069	0.0620037
3.072	0.058956
3.075	0.0559445
3.078	0.0529691
3.081	0.0500296
3.084	0.0471258
3.087	0.044257
3.09	0.0414229
3.093	0.0386227
3.096	0.0358556
3.099	0.0331207
3.102	0.030417
3.105	0.0277434
3.108	0.0250988
3.111	0.0224818
3.114	0.019891
3.117	0.017325
3.12	0.0147823
3.123	0.0122614
3.126	0.00976043
3.129	0.00727786
3.132	0.00481188
3.135	0.00236069
3.138	-7.75379e-05
3.141	-0.00250468
3.144	-0.00492265
3.147	-0.00733335
3.15	-0.00973875
3.153	-0.0121408
3.156	-0.0145414
3.159	-0.0169426
3.162	-0.0193464
3.165	-0.0217546
3.168	-0.0241692
3.171	-0.0265922
3.174	-0.0290255
3.177	-0.0314708
3.18	-0.0339301
3.183	-0.036405
3.186	-0.0388975
3.189	-0.0414091
3.192	-0.0439415
3.195	-0.0464963
3.198	-0.049075
3.201	-0.051679
3.204	-0.0543096
3.207	-0.0569682
3.21	-0.0596559
3.213	-0.0623739
3.216	-0.065123
3.219	-0.0679043
3.222	-0.0707184
3.225	-0.0735662
3.228	-0.076448
3.231	-0.0793644
3.234	-0.0823157
3.237	-0.0853021
3.24	-0.0883235
3.243	-0.0913801
3.246	-0.0944715
3.249	-0.0975974
3.252	-0.100757
3.255	-0.103951
3.258	-0.107177
3.261	-0.110435
3.264	-0.113724
3.267	-0.117042
3.27	-0.120389
3.273	-0.123763
3.276	-0.127162
3.279	-0.130586
3.282	-0.134031
3.285	-0.137497
3.288	-0.140982
3.291	-0.144483
3.294	-0.147999
3.297	-0.151526
3.3	-0.155064
3.303	-0.15861
3.306	-0.162161
3.309	-0.165716
3.312	-0.169271
3.315	-0.172825
3.318	-0.176375
3.321	-0.179919
3.324	-0.183455
3.327	-0.18698
3.33	-0.190492
3.333	-0.193989
3.336	-0.197469
3.339	-0.200929
3.342	-0.204368
3.345	-0.207785
3.348	-0.211176
3.351	-0.214541
3.354	-0.217877
3.357	-0.221184
3.36	-0.22446
3.363	-0.227704
3.366	-0.230915
3.369	-0.234092
3.372	-0.237233
3.375	-0.240339
3.378	-0.243409
3.381	-0.246442
3.384	-0.249437
3.387	-0.252396
3.39	-0.255317
3.393	-0.258201
3.396	-0.261048
3.399	-0.263859
3.402	-0.266633
3.405	-0.269372
3.408	-0.272075
3.411	-0.274745
3.414	-0.277381
3.417	-0.279985
3.42	-0.282557
3.423	-0.285099
3.426	-0.287613
3.429	-0.290099
3.432	-0.292559
3.435	-0.294994
3.438	-0.297406
3.441	-0.299796
3.444	-0.302166
3.447	-0.304519
3.45	-0.306854
3.453	-0.309175
3.456	-0.311483
3.459	-0.313779
3.462	-0.316067
3.465	-0.318346
3.468	-0.320621
3.471	-0.322891
3.474	-0.32516
3.477	-0.327428
3.48	-0.329699
3.483	-0.331973
3.486	-0.334253
3.489	-0.33654
3.492	-0.338837
3.495	-0.341144
3.498	-0.343464
3.501	-0.345799
3.504	-0.348149
3.507	-0.350517
3.51	-0.352904
3.513	-0.355311
3.516	-0.357741
3.519	-0.360193
3.522	-0.36267
3.525	-0.365172
3.528	-0.367701
3.531	-0.370257
3.534	-0.372842
3.537	-0.375455
3.54	-0.378099
3.543	-0.380773
3.546	-0.383477
3.549	-0.386212
3.552	-0.388979
3.555	-0.391777
3.558	-0.394606
3.561	-0.397466
3.564	-0.400357
3.567	-0.403277
3.57	-0.406228
3.573	-0.409207
3.576	-0.412214
3.579	-0.415249
3.582	-0.418309
3.585	-0.421394
3.588	-0.424502
3.591	-0.427632
3.594	-0.430783
3.597	-0.433953
3.6	-0.437139
3.603	-0.440341
3.606	-0.443555
3.609	-0.446781
3.612	-0.450016
3.615	-0.453258
3.618	-0.456505
3.621	-0.459755
3.624	-0.463005
3.627	-0.466253
3.63	-0.469497
3.633	-0.472735
3.636	-0.475964
3.639	-0.479183
3.642	-0.482388
3.645	-0.485579
3.648	-0.488752
3.651	-0.491906
3.654	-0.495039
3.657	-0.498149
3.66	-0.501235
3.663	-0.504294
3.666	-0.507324
3.669	-0.510326
3.672	-0.513296
3.675	-0.516235
3.678	-0.51914
3.681	-0.52201
3.684	-0.524846
3.687	-0.527645
3.69	-0.530408
3.693	-0.533134
3.696	-0.535822
3.699	-0.538472
3.702	-0.541084
3.705	-0.543657
3.708	-0.546193
3.711	-0.548691
3.714	-0.551151
3.717	-0.553574
3.72	-0.555961
3.723	-0.558311
3.726	-0.560627
3.729	-0.562907
3.732	-0.565154
3.735	-0.567368
3.738	-0.569551
3.741	-0.571703
3.744	-0.573826
3.747	-0.575921
3.75	-0.577989
3.753	-0.580032
3.756	-0.58205
3.759	-0.584047
3.762	-0.586022
3.765	-0.587978
3.768	-0.589916
3.771	-0.591838
3.774	-0.593745
3.777	-0.595639
3.78	-0.597522
3.783	-0.599396
3.786	-0.601261
3.789	-0.60312
3.792	-0.604975
3.795	-0.606826
3.798	-0.608677
3.801	-0.610527
3.804	-0.61238
3.807	-0.614236
3.81	-0.616098
3.813	-0.617966
3.816	-0.619842
3.819	-0.621728
3.822	-0.623625
3.825	-0.625534
3.828	-0.627457
3.831	-0.629396
3.834	-0.63135
3.837	-0.633322
3.84	-0.635312
3.843	-0.637321
3.846	-0.639351
3.849	-0.641402
3.852	-0.643475
3.855	-0.645571
3.858	-0.647689
3.861	-0.649831
3.864	-0.651998
3.867	-0.654188
3.87	-0.656403
3.873	-0.658642
3.876	-0.660906
3.879	-0.663193
3.882	-0.665505
3.885	-0.667841
3.888	-0.670199
3.891	-0.672581
3.894	-0.674983
3.897	-0.677407
3.9	-0.679852
3.903	-0.682315
3.906	-0.684796
3.909	-0.687294
3.912	-0.689807
3.915	-0.692334
3.918	-0.694874
3.921	-0.697425
3.924	-0.699986
3.927	-0.702554
3.93	-0.705129
3.933	-0.707708
3.936	-0.710289
3.939	-0.712871
3.942	-0.715452
3.945	-0.718029
3.948	-0.720602
3.951	-0.723168
3.954	-0.725726
3.957	-0.728273
3.96	-0.730808
3.963	-0.733329
3.966	-0.735835
3.969	-0.738323
3.972	-0.740792
3.975	-0.743241
3.978	-0.745668
3.981	-0.748072
3.984	-0.750451
3.987	-0.752804
3.99	-0.755131
3.993	-0.757429
3.996	-0.759699
3.999	-0.761939
4.002	-0.764149
4.005	-0.766327
4.008	-0.768474
4.011	-0.770589
4.014	-0.772672
4.017	-0.774722
4.02	-0.776739
4.023	-0.778724
4.026	-0.780675
4.029	-0.782594
4.032	-0.784481
4.035	-0.786336
4.038	-0.788159
4.041	-0.78995
4.044	-0.791711
4.047	-0.793442
4.05	-0.795143
4.053	-0.796816
4.056	-0.798461
4.059	-0.800078
4.062	-0.80167
4.065	-0.803236
4.068	-0.804778
4.071	-0.806297
4.074	-0.807794
4.077	-0.809269
4.08	-0.810725
4.083	-0.812162
4.086	-0.813581
4.089	-0.814984
4.092	-0.816371
4.095	-0.817745
4.098	-0.819105
4.101	-0.820454
4.104	-0.821793
4.107	-0.823122
4.11	-0.824444
4.113	-0.825759
4.116	-0.827068
4.119	-0.828373
4.122	-0.829674
4.125	-0.830974
4.128	-0.832273
4.131	-0.833571
4.134	-0.834871
4.137	-0.836174
4.14	-0.837479
4.143	-0.838789
4.146	-0.840104
4.149	-0.841425
4.152	-0.842753
4.155	-0.844089
4.158	-0.845433
4.161	-0.846786
4.164	-0.848149
4.167	-0.849523
4.17	-0.850907
4.173	-0.852303
4.176	-0.853711
4.179	-0.85513
4.182	-0.856562
4.185	-0.858007
4.188	-0.859464
4.191	-0.860934
4.194	-0.862417
4.197	-0.863913
4.2	-0.865421
4.203	-0.866941
4.206	-0.868473
4.209	-0.870017
4.212	-0.871572
4.215	-0.873138
4.218	-0.874713
4.221	-0.876298
4.224	-0.877892
4.227	-0.879494
4.23	-0.881102
4.233	-0.882717
4.236	-0.884337
4.239	-0.885962
4.242	-0.887589
4.245	-0.889219
4.248	-0.89085
4.251	-0.89248
4.254	-0.89411
4.257	-0.895737
4.26	-0.897361
4.263	-0.89898
4.266	-0.900593
4.269	-0.902199
4.272	-0.903797
4.275	-0.905385
4.278	-0.906963
4.281	-0.90853
4.284	-0.910084
4.287	-0.911624
4.29	-0.913149
4.293	-0.914659
4.296	-0.916152
4.299	-0.917628
4.302	-0.919085
4.305	-0.920524
4.308	-0.921943
4.311	-0.923341
4.314	-0.924719
4.317	-0.926075
4.32	-0.927409
4.323	-0.928721
4.326	-0.93001
4.329	-0.931276
4.332	-0.932519
4.335	-0.933738
4.338	-0.934934
4.341	-0.936107
4.344	-0.937256
4.347	-0.938381
4.35	-0.939483
4.353	-0.940561
4.356	-0.941616
4.359	-0.942649
4.362	-0.943659
4.365	-0.944646
4.368	-0.945612
4.371	-0.946556
4.374	-0.947479
4.377	-0.948381
4.38	-0.949263
4.383	-0.950125
4.386	-0.950968
4.389	-0.951792
4.392	-0.952598
4.395	-0.953386
4.398	-0.954158
4.401	-0.954913
4.404	-0.955652
4.407	-0.956376
4.41	-0.957086
4.413	-0.957782
4.416	-0.958464
4.419	-0.959134
4.422	-0.959792
4.425	-0.960438
4.428	-0.961074
4.431	-0.961699
4.434	-0.962315
4.437	-0.962922
4.44	-0.963521
4.443	-0.964112
4.446	-0.964696
4.449	-0.965273
4.452	-0.965844
4.455	-0.96641
4.458	-0.96697
4.461	-0.967526
4.464	-0.968079
4.467	-0.968627
4.47	-0.969173
4.473	-0.969716
4.476	-0.970256
4.479	-0.970795
4.482	-0.971333
4.485	-0.971869
4.488	-0.972404
4.491	-0.972939
4.494	-0.973473
4.497	-0.974008
4.5	-0.974542
4.503	-0.975077
4.506	-0.975613
4.509	-0.976148
4.512	-0.976685
4.515	-0.977222
4.518	-0.97776
4.521	-0.978299
4.524	-0.978839
4.527	-0.979379
4.53	-0.979919
4.533	-0.980461
4.536	-0.981002
4.539	-0.981544
4.542	-0.982085
4.545	-0.982627
4.548	-0.983167
4.551	-0.983707
4.554	-0.984246
4.557	-0.984783
4.56	-0.985319
4.563	-0.985853
4.566	-0.986384
4.569	-0.986912
4.572	-0.987438
4.575	-0.987959
4.578	-0.988477
4.581	-0.98899
4.584	-0.989498
4.587	-0.990002
4.59	-0.990499
4.593	-0.990991
4.596	-0.991476
4.599	-0.991954
4.602	-0.992425
4.605	-0.992888
4.608	-0.993344
4.611	-0.993791
4.614	-0.994229
4.617	-0.994658
4.62	-0.995078
4.623	-0.995488
4.626	-0.995889
4.629	-0.996279
4.632	-0.996658
4.635	-0.997027
4.638	-0.997384
4.641	-0.99773
4.644	-0.998065
4.647	-0.998389
4.65	-0.9987
4.653	-0.998999
4.656	-0.999287
4.659	-0.999562
4.662	-0.999824
4.665	-1.00007
4.668	-1.00031
4.671	-1.00054
4.674	-1.00075
4.677	-1.00095
4.68	-1.00113
4.683	-1.00131
4.686	-1.00147
4.689	-1.00162
4.692	-1.00175
4.695	-1.00187
4.698	-1.00198
4.701	-1.00208
4.704	-1.00216
4.707	-1.00223
4.71	-1.00228
4.713	-1.00232
4.716	-1.00235
4.719	-1.00237
4.722	-1.00237
4.725	-1.00236
4.728	-1.00233
4.731	-1.0023
4.734	-1.00224
4.737	-1.00218
4.74	-1.0021
4.743	-1.00201
4.746	-1.0019
4.749	-1.00178
4.752	-1.00165
4.755	-1.0015
4.758	-1.00134
4.761	-1.00117
4.764	-1.00098
4.767	-1.00078
4.77	-1.00056
4.773	-1.00033
4.776	-1.00009
4.779	-0.999829
4.782	-0.999557
4.785	-0.999271
4.788	-0.998971
4.791	-0.998658
4.794	-0.99833
4.797	-0.997989
4.8	-0.997634
4.803	-0.997265
4.806	-0.996882
4.809	-0.996486
4.812	-0.996076
4.815	-0.995654
4.818	-0.995218
4.821	-0.994769
4.824	-0.994307
4.827	-0.993832
4.83	-0.993346
4.833	-0.992847
4.836	-0.992336
4.839	-0.991814
4.842	-0.99128
4.845	-0.990735
4.848	-0.99018
4.851	-0.989615
4.854	-0.989039
4.857	-0.988455
4.86	-0.987861
4.863	-0.987259
4.866	-0.986648
4.869	-0.98603
4.872	-0.985404
4.875	-0.984772
4.878	-0.984133
4.881	-0.983489
4.884	-0.982839
4.887	-0.982185
4.89	-0.981526
4.893	-0.980864
4.896	-0.980198
4.899	-0.979529
4.902	-0.978858
4.905	-0.978185
4.908	-0.977511
4.911	-0.976836
4.914	-0.97616
4.917	-0.975483
4.92	-0.974807
4.923	-0.974132
4.926	-0.973457
4.929	-0.972783
4.932	-0.972111
4.935	-0.97144
4.938	-0.970771
4.941	-0.970104
4.944	-0.969439
4.947	-0.968776
4.95	-0.968116
4.953	-0.967458
4.956	-0.966802
4.959	-0.966148
4.962	-0.965497
4.965	-0.964848
4.968	-0.964201
4.971	-0.963555
4.974	-0.962911
4.977	-0.962269
4.98	-0.961628
4.983	-0.960987
4.986	-0.960347
4.989	-0.959707
4.992	-0.959067
4.995	-0.958426
4.998	-0.957784
5.001	-0.95714
5.004	-0.956494
5.007	-0.955846
5.01	-0.955194
5.013	-0.954539
5.016	-0.953879
5.019	-0.953214
5.022	-0.952544
5.025	-0.951868
5.028	-0.951185
5.031	-0.950494
5.034	-0.949795
5.037	-0.949087
5.04	-0.948369
5.043	-0.947642
5.046	-0.946903
5.049	-0.946152
5.052	-0.945389
5.055	-0.944613
5.058	-0.943823
5.061	-0.943018
5.064	-0.942198
5.067	-0.941362
5.07	-0.940509
5.073	-0.939638
5.076	-0.93875
5.079	-0.937842
5.082	-0.936915
5.085	-0.935968
5.088	-0.935
5.091	-0.934011
5.094	-0.933
5.097	-0.931966
5.1	-0.930909
5.103	-0.929829
5.106	-0.928726
5.109	-0.927598
5.112	-0.926445
5.115	-0.925268
5.118	-0.924065
5.121	-0.922837
5.124	-0.921584
5.127	-0.920305
5.13	-0.919001
5.133	-0.917671
5.136	-0.916316
5.139	-0.914935
5.142	-0.913529
5.145	-0.912099
5.148	-0.910644
5.151	-0.909165
5.154	-0.907663
5.157	-0.906138
5.16	-0.904591
5.163	-0.903022
5.166	-0.901432
5.169	-0.899822
5.172	-0.898194
5.175	-0.896547
5.178	-0.894883
5.181	-0.893203
5.184	-0.891508
5.187	-0.889799
5.19	-0.888078
5.193	-0.886346
5.196	-0.884603
5.199	-0.882852
5.202	-0.881093
5.205	-0.879328
5.208	-0.877558
5.211	-0.875784
5.214	-0.874009
5.217	-0.872232
5.22	-0.870456
5.223	-0.868682
5.226	-0.86691
5.229	-0.865142
5.232	-0.86338
5.235	-0.861624
5.238	-0.859875
5.241	-0.858135
5.244	-0.856404
5.247	-0.854684
5.25	-0.852974
5.253	-0.851276
5.256	-0.849591
5.259	-0.847918
5.262	-0.84626
5.265	-0.844615
5.268	-0.842984
5.271	-0.841368
5.274	-0.839767
5.277	-0.83818
5.28	-0.836608
5.283	-0.835052
5.286	-0.83351
5.289	-0.831982
5.292	-0.830468
5.295	-0.828969
5.298	-0.827483
5.301	-0.826009
5.304	-0.824548
5.307	-0.823099
5.31	-0.82166
5.313	-0.820232
5.316	-0.818813
5.319	-0.817403
5.322	-0.816
5.325	-0.814604
5.328	-0.813214
5.331	-0.811828
5.334	-0.810446
5.337	-0.809066
5.34	-0.807687
5.343	-0.806309
5.346	-0.804929
5.349	-0.803547
5.352	-0.802161
5.355	-0.800771
5.358	-0.799374
5.361	-0.79797
5.364	-0.796557
5.367	-0.795134
5.37	-0.7937
5.373	-0.792253
5.376	-0.790792
5.379	-0.789317
5.382	-0.787824
5.385	-0.786314
5.388	-0.784786
5.391	-0.783237
5.394	-0.781667
5.397	-0.780074
5.4	-0.778458
5.403	-0.776818
5.406	-0.775152
5.409	-0.77346
5.412	-0.77174
5.415	-0.769992
5.418	-0.768214
5.421	-0.766407
5.424	-0.76457
5.427	-0.762701
5.43	-0.760801
5.433	-0.758869
5.436	-0.756904
5.439	-0.754906
5.442	-0.752876
5.445	-0.750812
5.448	-0.748716
5.451	-0.746587
5.454	-0.744424
5.457	-0.74223
5.46	-0.740003
5.463	-0.737744
5.466	-0.735455
5.469	-0.733135
5.472	-0.730785
5.475	-0.728407
5.478	-0.726001
5.481	-0.723568
5.484	-0.72111
5.487	-0.718628
5.49	-0.716123
5.493	-0.713596
5.496	-0.711049
5.499	-0.708484
5.502	-0.705902
5.505	-0.703305
5.508	-0.700695
5.511	-0.698073
5.514	-0.695441
5.517	-0.692801
5.52	-0.690155
5.523	-0.687505
5.526	-0.684853
5.529	-0.6822
5.532	-0.679548
5.535	-0.676899
5.538	-0.674256
5.541	-0.671619
5.544	-0.66899
5.547	-0.666371
5.55	-0.663764
5.553	-0.66117
5.556	-0.65859
5.559	-0.656027
5.562	-0.65348
5.565	-0.650952
5.568	-0.648443
5.571	-0.645954
5.574	-0.643486
5.577	-0.64104
5.58	-0.638617
5.583	-0.636217
5.586	-0.633841
5.589	-0.631488
5.592	-0.629159
5.595	-0.626855
5.598	-0.624574
5.601	-0.622318
5.604	-0.620085
5.607	-0.617876
5.61	-0.61569
5.613	-0.613526
5.616	-0.611384
5.619	-0.609263
5.622	-0.607162
5.625	-0.605081
5.628	-0.603018
5.631	-0.600972
5.634	-0.598943
5.637	-0.596928
5.64	-0.594927
5.643	-0.592939
5.646	-0.590961
5.649	-0.588993
5.652	-0.587033
5.655	-0.585079
5.658	-0.58313
5.661	-0.581184
5.664	-0.57924
5.667	-0.577296
5.67	-0.57535
5.673	-0.5734
5.676	-0.571445
5.679	-0.569483
5.682	-0.567512
5.685	-0.565531
5.688	-0.563537
5.691	-0.56153
5.694	-0.559506
5.697	-0.557465
5.7	-0.555405
5.703	-0.553324
5.706	-0.55122
5.709	-0.549092
5.712	-0.546939
5.715	-0.544759
5.718	-0.54255
5.721	-0.540311
5.724	-0.538042
5.727	-0.535739
5.73	-0.533403
5.733	-0.531033
5.736	-0.528627
5.739	-0.526184
5.742	-0.523705
5.745	-0.521187
5.748	-0.518631
5.751	-0.516036
5.754	-0.513402
5.757	-0.510728
5.76	-0.508015
5.763	-0.505263
5.766	-0.502471
5.769	-0.499641
5.772	-0.496773
5.775	-0.493866
5.778	-0.490924
5.781	-0.487945
5.784	-0.484932
5.787	-0.481885
5.79	-0.478806
5.793	-0.475697
5.796	-0.472559
5.799	-0.469393
5.802	-0.466203
5.805	-0.46299
5.808	-0.459756
5.811	-0.456503
5.814	-0.453234
5.817	-0.449952
5.82	-0.446658
5.823	-0.443356
5.826	-0.440048
5.829	-0.436738
5.832	-0.433427
5.835	-0.430119
5.838	-0.426816
5.841	-0.423521
5.844	-0.420238
5.847	-0.416969
5.85	-0.413716
5.853	-0.410484
5.856	-0.407273
5.859	-0.404087
5.862	-0.400929
5.865	-0.397801
5.868	-0.394705
5.871	-0.391643
5.874	-0.388619
5.877	-0.385633
5.88	-0.382688
5.883	-0.379786
5.886	-0.376928
5.889	-0.374117
5.892	-0.371353
5.895	-0.368637
5.898	-0.365972
5.901	-0.363358
5.904	-0.360795
5.907	-0.358286
5.91	-0.35583
5.913	-0.353428
5.916	-0.35108
5.919	-0.348788
5.922	-0.34655
5.925	-0.344367
5.928	-0.34224
5.931	-0.340167
5.934	-0.338149
5.937	-0.336186
5.94	-0.334276
5.943	-0.332421
5.946	-0.330618
5.949	-0.328868
5.952	-0.327169
5.955	-0.325522
5.958	-0.323925
5.961	-0.322377
5.964	-0.320878
5.967	-0.319427
5.97	-0.318023
5.973	-0.316664
5.976	-0.315351
5.979	-0.314081
5.982	-0.312854
5.985	-0.311669
5.988	-0.310525
5.991	-0.309421
5.994	-0.308355
5.997	-0.307327
