 Location  Dispersion    Centroids   Volume
0.00210466   0.210024   -0.00300894   1.00041
0.318679   0.207635   0.313139   0.999225
0.627068   0.210841   0.59458   0.999884
0.944076   0.210687   0.818496   1.00013
1.25795   0.208979   0.96288   1.00023
1.57817   0.208778   1.01076   1.00029
1.89241   0.209099   0.958953   1.00021
2.21186   0.21058   0.811358   1.00005
2.5284   0.210669   0.583432   0.999865
2.84073   0.211921   0.299591   0.999809
3.15514   0.212379   -0.0131779   0.999795
3.46717   0.211611   -0.324571   0.999844
3.7829   0.21168   -0.605815   0.999822
4.10031   0.209915   -0.827411   1.00009
4.41412   0.208782   -0.96705   1.00021
4.73408   0.208833   -1.01074   1.0003
5.04859   0.209366   -0.953792   1.00025
5.36729   0.209788   -0.803665   0.999981
5.67707   0.208439   -0.573631   0.999586
5.99329   0.208926   -0.28197   1.00002
