 x 	V[Y|X = x] 
0	1.85012
0.003	1.85047
0.006	1.85083
0.009	1.85119
0.012	1.85154
0.015	1.8519
0.018	1.85226
0.021	1.85262
0.024	1.85298
0.027	1.85335
0.03	1.85371
0.033	1.85407
0.036	1.85444
0.039	1.85481
0.042	1.85517
0.045	1.85554
0.048	1.85591
0.051	1.85628
0.054	1.85666
0.057	1.85703
0.06	1.8574
0.063	1.85778
0.066	1.85815
0.069	1.85853
0.072	1.85891
0.075	1.85929
0.078	1.85967
0.081	1.86005
0.084	1.86043
0.087	1.86081
0.09	1.8612
0.093	1.86158
0.096	1.86197
0.099	1.86236
0.102	1.86275
0.105	1.86314
0.108	1.86353
0.111	1.86392
0.114	1.86431
0.117	1.86471
0.12	1.8651
0.123	1.8655
0.126	1.86589
0.129	1.86629
0.132	1.86669
0.135	1.86709
0.138	1.86749
0.141	1.8679
0.144	1.8683
0.147	1.8687
0.15	1.86911
0.153	1.86952
0.156	1.86992
0.159	1.87033
0.162	1.87074
0.165	1.87116
0.168	1.87157
0.171	1.87198
0.174	1.8724
0.177	1.87281
0.18	1.87323
0.183	1.87365
0.186	1.87407
0.189	1.87449
0.192	1.87491
0.195	1.87533
0.198	1.87575
0.201	1.87618
0.204	1.87661
0.207	1.87703
0.21	1.87746
0.213	1.87789
0.216	1.87832
0.219	1.87875
0.222	1.87919
0.225	1.87962
0.228	1.88006
0.231	1.88049
0.234	1.88093
0.237	1.88137
0.24	1.88181
0.243	1.88225
0.246	1.88269
0.249	1.88314
0.252	1.88358
0.255	1.88403
0.258	1.88447
0.261	1.88492
0.264	1.88537
0.267	1.88582
0.27	1.88627
0.273	1.88673
0.276	1.88718
0.279	1.88764
0.282	1.88809
0.285	1.88855
0.288	1.88901
0.291	1.88947
0.294	1.88993
0.297	1.89039
0.3	1.89086
0.303	1.89132
0.306	1.89179
0.309	1.89226
0.312	1.89273
0.315	1.8932
0.318	1.89367
0.321	1.89414
0.324	1.89461
0.327	1.89509
0.33	1.89557
0.333	1.89604
0.336	1.89652
0.339	1.897
0.342	1.89748
0.345	1.89797
0.348	1.89845
0.351	1.89894
0.354	1.89942
0.357	1.89991
0.36	1.9004
0.363	1.90089
0.366	1.90138
0.369	1.90187
0.372	1.90237
0.375	1.90286
0.378	1.90336
0.381	1.90386
0.384	1.90436
0.387	1.90486
0.39	1.90536
0.393	1.90586
0.396	1.90637
0.399	1.90687
0.402	1.90738
0.405	1.90789
0.408	1.9084
0.411	1.90891
0.414	1.90942
0.417	1.90993
0.42	1.91045
0.423	1.91096
0.426	1.91148
0.429	1.912
0.432	1.91252
0.435	1.91304
0.438	1.91357
0.441	1.91409
0.444	1.91462
0.447	1.91514
0.45	1.91567
0.453	1.9162
0.456	1.91673
0.459	1.91726
0.462	1.9178
0.465	1.91833
0.468	1.91887
0.471	1.91941
0.474	1.91995
0.477	1.92049
0.48	1.92103
0.483	1.92157
0.486	1.92212
0.489	1.92266
0.492	1.92321
0.495	1.92376
0.498	1.92431
0.501	1.92486
0.504	1.92541
0.507	1.92597
0.51	1.92652
0.513	1.92708
0.516	1.92764
0.519	1.9282
0.522	1.92876
0.525	1.92932
0.528	1.92989
0.531	1.93045
0.534	1.93102
0.537	1.93159
0.54	1.93216
0.543	1.93273
0.546	1.9333
0.549	1.93387
0.552	1.93445
0.555	1.93503
0.558	1.9356
0.561	1.93618
0.564	1.93677
0.567	1.93735
0.57	1.93793
0.573	1.93852
0.576	1.9391
0.579	1.93969
0.582	1.94028
0.585	1.94087
0.588	1.94147
0.591	1.94206
0.594	1.94266
0.597	1.94325
0.6	1.94385
0.603	1.94445
0.606	1.94505
0.609	1.94566
0.612	1.94626
0.615	1.94687
0.618	1.94748
0.621	1.94808
0.624	1.94869
0.627	1.94931
0.63	1.94992
0.633	1.95053
0.636	1.95115
0.639	1.95177
0.642	1.95239
0.645	1.95301
0.648	1.95363
0.651	1.95425
0.654	1.95488
0.657	1.95551
0.66	1.95614
0.663	1.95677
0.666	1.9574
0.669	1.95803
0.672	1.95866
0.675	1.9593
0.678	1.95994
0.681	1.96058
0.684	1.96122
0.687	1.96186
0.69	1.9625
0.693	1.96315
0.696	1.96379
0.699	1.96444
0.702	1.96509
0.705	1.96574
0.708	1.9664
0.711	1.96705
0.714	1.96771
0.717	1.96836
0.72	1.96902
0.723	1.96968
0.726	1.97034
0.729	1.97101
0.732	1.97167
0.735	1.97234
0.738	1.97301
0.741	1.97368
0.744	1.97435
0.747	1.97502
0.75	1.9757
0.753	1.97637
0.756	1.97705
0.759	1.97773
0.762	1.97841
0.765	1.97909
0.768	1.97978
0.771	1.98046
0.774	1.98115
0.777	1.98184
0.78	1.98253
0.783	1.98322
0.786	1.98392
0.789	1.98461
0.792	1.98531
0.795	1.98601
0.798	1.98671
0.801	1.98741
0.804	1.98811
0.807	1.98881
0.81	1.98952
0.813	1.99023
0.816	1.99094
0.819	1.99165
0.822	1.99236
0.825	1.99308
0.828	1.99379
0.831	1.99451
0.834	1.99523
0.837	1.99595
0.84	1.99667
0.843	1.9974
0.846	1.99812
0.849	1.99885
0.852	1.99958
0.855	2.00031
0.858	2.00104
0.861	2.00178
0.864	2.00251
0.867	2.00325
0.87	2.00399
0.873	2.00473
0.876	2.00547
0.879	2.00621
0.882	2.00696
0.885	2.00771
0.888	2.00846
0.891	2.00921
0.894	2.00996
0.897	2.01071
0.9	2.01147
0.903	2.01222
0.906	2.01298
0.909	2.01374
0.912	2.0145
0.915	2.01527
0.918	2.01603
0.921	2.0168
0.924	2.01757
0.927	2.01834
0.93	2.01911
0.933	2.01989
0.936	2.02066
0.939	2.02144
0.942	2.02222
0.945	2.023
0.948	2.02378
0.951	2.02456
0.954	2.02535
0.957	2.02613
0.96	2.02692
0.963	2.02771
0.966	2.02851
0.969	2.0293
0.972	2.03009
0.975	2.03089
0.978	2.03169
0.981	2.03249
0.984	2.03329
0.987	2.0341
0.99	2.0349
0.993	2.03571
0.996	2.03652
0.999	2.03733
1.002	2.03814
1.005	2.03895
1.008	2.03977
1.011	2.04059
1.014	2.04141
1.017	2.04223
1.02	2.04305
1.023	2.04387
1.026	2.0447
1.029	2.04553
1.032	2.04636
1.035	2.04719
1.038	2.04802
1.041	2.04885
1.044	2.04969
1.047	2.05053
1.05	2.05137
1.053	2.05221
1.056	2.05305
1.059	2.0539
1.062	2.05474
1.065	2.05559
1.068	2.05644
1.071	2.05729
1.074	2.05815
1.077	2.059
1.08	2.05986
1.083	2.06071
1.086	2.06157
1.089	2.06244
1.092	2.0633
1.095	2.06417
1.098	2.06503
1.101	2.0659
1.104	2.06677
1.107	2.06764
1.11	2.06852
1.113	2.06939
1.116	2.07027
1.119	2.07115
1.122	2.07203
1.125	2.07291
1.128	2.07379
1.131	2.07468
1.134	2.07557
1.137	2.07646
1.14	2.07735
1.143	2.07824
1.146	2.07913
1.149	2.08003
1.152	2.08093
1.155	2.08183
1.158	2.08273
1.161	2.08363
1.164	2.08453
1.167	2.08544
1.17	2.08635
1.173	2.08726
1.176	2.08817
1.179	2.08908
1.182	2.09
1.185	2.09091
1.188	2.09183
1.191	2.09275
1.194	2.09367
1.197	2.0946
1.2	2.09552
1.203	2.09645
1.206	2.09738
1.209	2.09831
1.212	2.09924
1.215	2.10017
1.218	2.10111
1.221	2.10204
1.224	2.10298
1.227	2.10392
1.23	2.10487
1.233	2.10581
1.236	2.10675
1.239	2.1077
1.242	2.10865
1.245	2.1096
1.248	2.11055
1.251	2.11151
1.254	2.11246
1.257	2.11342
1.26	2.11438
1.263	2.11534
1.266	2.1163
1.269	2.11727
1.272	2.11823
1.275	2.1192
1.278	2.12017
1.281	2.12114
1.284	2.12211
1.287	2.12309
1.29	2.12406
1.293	2.12504
1.296	2.12602
1.299	2.127
1.302	2.12798
1.305	2.12897
1.308	2.12995
1.311	2.13094
1.314	2.13193
1.317	2.13292
1.32	2.13391
1.323	2.13491
1.326	2.1359
1.329	2.1369
1.332	2.1379
1.335	2.1389
1.338	2.1399
1.341	2.14091
1.344	2.14191
1.347	2.14292
1.35	2.14393
1.353	2.14494
1.356	2.14595
1.359	2.14697
1.362	2.14798
1.365	2.149
1.368	2.15002
1.371	2.15104
1.374	2.15206
1.377	2.15308
1.38	2.15411
1.383	2.15514
1.386	2.15617
1.389	2.1572
1.392	2.15823
1.395	2.15926
1.398	2.1603
1.401	2.16133
1.404	2.16237
1.407	2.16341
1.41	2.16445
1.413	2.1655
1.416	2.16654
1.419	2.16759
1.422	2.16863
1.425	2.16968
1.428	2.17074
1.431	2.17179
1.434	2.17284
1.437	2.1739
1.44	2.17496
1.443	2.17601
1.446	2.17707
1.449	2.17814
1.452	2.1792
1.455	2.18027
1.458	2.18133
1.461	2.1824
1.464	2.18347
1.467	2.18454
1.47	2.18561
1.473	2.18669
1.476	2.18777
1.479	2.18884
1.482	2.18992
1.485	2.191
1.488	2.19208
1.491	2.19317
1.494	2.19425
1.497	2.19534
1.5	2.19643
1.503	2.19752
1.506	2.19861
1.509	2.1997
1.512	2.2008
1.515	2.20189
1.518	2.20299
1.521	2.20409
1.524	2.20519
1.527	2.20629
1.53	2.20739
1.533	2.2085
1.536	2.2096
1.539	2.21071
1.542	2.21182
1.545	2.21293
1.548	2.21404
1.551	2.21515
1.554	2.21627
1.557	2.21738
1.56	2.2185
1.563	2.21962
1.566	2.22074
1.569	2.22186
1.572	2.22298
1.575	2.22411
1.578	2.22523
1.581	2.22636
1.584	2.22749
1.587	2.22862
1.59	2.22975
1.593	2.23088
1.596	2.23202
1.599	2.23315
1.602	2.23429
1.605	2.23543
1.608	2.23657
1.611	2.23771
1.614	2.23885
1.617	2.23999
1.62	2.24114
1.623	2.24228
1.626	2.24343
1.629	2.24458
1.632	2.24573
1.635	2.24688
1.638	2.24803
1.641	2.24919
1.644	2.25034
1.647	2.2515
1.65	2.25266
1.653	2.25382
1.656	2.25498
1.659	2.25614
1.662	2.2573
1.665	2.25846
1.668	2.25963
1.671	2.2608
1.674	2.26196
1.677	2.26313
1.68	2.2643
1.683	2.26547
1.686	2.26665
1.689	2.26782
1.692	2.26899
1.695	2.27017
1.698	2.27135
1.701	2.27252
1.704	2.2737
1.707	2.27488
1.71	2.27607
1.713	2.27725
1.716	2.27843
1.719	2.27962
1.722	2.2808
1.725	2.28199
1.728	2.28318
1.731	2.28437
1.734	2.28556
1.737	2.28675
1.74	2.28794
1.743	2.28914
1.746	2.29033
1.749	2.29153
1.752	2.29272
1.755	2.29392
1.758	2.29512
1.761	2.29632
1.764	2.29752
1.767	2.29872
1.77	2.29993
1.773	2.30113
1.776	2.30234
1.779	2.30354
1.782	2.30475
1.785	2.30596
1.788	2.30716
1.791	2.30837
1.794	2.30958
1.797	2.3108
1.8	2.31201
1.803	2.31322
1.806	2.31444
1.809	2.31565
1.812	2.31687
1.815	2.31808
1.818	2.3193
1.821	2.32052
1.824	2.32174
1.827	2.32296
1.83	2.32418
1.833	2.3254
1.836	2.32663
1.839	2.32785
1.842	2.32907
1.845	2.3303
1.848	2.33152
1.851	2.33275
1.854	2.33398
1.857	2.33521
1.86	2.33644
1.863	2.33767
1.866	2.3389
1.869	2.34013
1.872	2.34136
1.875	2.34259
1.878	2.34382
1.881	2.34506
1.884	2.34629
1.887	2.34753
1.89	2.34876
1.893	2.35
1.896	2.35124
1.899	2.35247
1.902	2.35371
1.905	2.35495
1.908	2.35619
1.911	2.35743
1.914	2.35867
1.917	2.35991
1.92	2.36115
1.923	2.3624
1.926	2.36364
1.929	2.36488
1.932	2.36613
1.935	2.36737
1.938	2.36861
1.941	2.36986
1.944	2.37111
1.947	2.37235
1.95	2.3736
1.953	2.37485
1.956	2.37609
1.959	2.37734
1.962	2.37859
1.965	2.37984
1.968	2.38109
1.971	2.38234
1.974	2.38359
1.977	2.38484
1.98	2.38609
1.983	2.38734
1.986	2.38859
1.989	2.38984
1.992	2.39109
1.995	2.39234
1.998	2.3936
2.001	2.39485
2.004	2.3961
2.007	2.39735
2.01	2.39861
2.013	2.39986
2.016	2.40111
2.019	2.40237
2.022	2.40362
2.025	2.40488
2.028	2.40613
2.031	2.40738
2.034	2.40864
2.037	2.40989
2.04	2.41115
2.043	2.4124
2.046	2.41366
2.049	2.41491
2.052	2.41617
2.055	2.41742
2.058	2.41868
2.061	2.41993
2.064	2.42119
2.067	2.42244
2.07	2.4237
2.073	2.42495
2.076	2.42621
2.079	2.42746
2.082	2.42872
2.085	2.42997
2.088	2.43123
2.091	2.43248
2.094	2.43374
2.097	2.43499
2.1	2.43625
2.103	2.4375
2.106	2.43875
2.109	2.44001
2.112	2.44126
2.115	2.44251
2.118	2.44377
2.121	2.44502
2.124	2.44627
2.127	2.44752
2.13	2.44878
2.133	2.45003
2.136	2.45128
2.139	2.45253
2.142	2.45378
2.145	2.45503
2.148	2.45628
2.151	2.45753
2.154	2.45878
2.157	2.46003
2.16	2.46128
2.163	2.46253
2.166	2.46377
2.169	2.46502
2.172	2.46627
2.175	2.46752
2.178	2.46876
2.181	2.47001
2.184	2.47125
2.187	2.4725
2.19	2.47374
2.193	2.47498
2.196	2.47622
2.199	2.47747
2.202	2.47871
2.205	2.47995
2.208	2.48119
2.211	2.48243
2.214	2.48367
2.217	2.4849
2.22	2.48614
2.223	2.48738
2.226	2.48861
2.229	2.48985
2.232	2.49108
2.235	2.49232
2.238	2.49355
2.241	2.49478
2.244	2.49601
2.247	2.49724
2.25	2.49847
2.253	2.4997
2.256	2.50093
2.259	2.50216
2.262	2.50338
2.265	2.50461
2.268	2.50583
2.271	2.50706
2.274	2.50828
2.277	2.5095
2.28	2.51072
2.283	2.51194
2.286	2.51316
2.289	2.51438
2.292	2.51559
2.295	2.51681
2.298	2.51802
2.301	2.51923
2.304	2.52045
2.307	2.52166
2.31	2.52287
2.313	2.52408
2.316	2.52528
2.319	2.52649
2.322	2.52769
2.325	2.5289
2.328	2.5301
2.331	2.5313
2.334	2.5325
2.337	2.5337
2.34	2.5349
2.343	2.53609
2.346	2.53729
2.349	2.53848
2.352	2.53967
2.355	2.54086
2.358	2.54205
2.361	2.54324
2.364	2.54443
2.367	2.54561
2.37	2.5468
2.373	2.54798
2.376	2.54916
2.379	2.55034
2.382	2.55151
2.385	2.55269
2.388	2.55387
2.391	2.55504
2.394	2.55621
2.397	2.55738
2.4	2.55855
2.403	2.55971
2.406	2.56088
2.409	2.56204
2.412	2.5632
2.415	2.56436
2.418	2.56552
2.421	2.56668
2.424	2.56783
2.427	2.56898
2.43	2.57014
2.433	2.57128
2.436	2.57243
2.439	2.57358
2.442	2.57472
2.445	2.57586
2.448	2.577
2.451	2.57814
2.454	2.57928
2.457	2.58041
2.46	2.58154
2.463	2.58267
2.466	2.5838
2.469	2.58493
2.472	2.58605
2.475	2.58718
2.478	2.5883
2.481	2.58941
2.484	2.59053
2.487	2.59165
2.49	2.59276
2.493	2.59387
2.496	2.59497
2.499	2.59608
2.502	2.59718
2.505	2.59829
2.508	2.59938
2.511	2.60048
2.514	2.60158
2.517	2.60267
2.52	2.60376
2.523	2.60485
2.526	2.60593
2.529	2.60701
2.532	2.6081
2.535	2.60917
2.538	2.61025
2.541	2.61132
2.544	2.6124
2.547	2.61346
2.55	2.61453
2.553	2.61559
2.556	2.61666
2.559	2.61772
2.562	2.61877
2.565	2.61983
2.568	2.62088
2.571	2.62193
2.574	2.62297
2.577	2.62402
2.58	2.62506
2.583	2.6261
2.586	2.62713
2.589	2.62817
2.592	2.6292
2.595	2.63023
2.598	2.63125
2.601	2.63227
2.604	2.63329
2.607	2.63431
2.61	2.63533
2.613	2.63634
2.616	2.63735
2.619	2.63835
2.622	2.63936
2.625	2.64036
2.628	2.64135
2.631	2.64235
2.634	2.64334
2.637	2.64433
2.64	2.64532
2.643	2.6463
2.646	2.64728
2.649	2.64826
2.652	2.64923
2.655	2.6502
2.658	2.65117
2.661	2.65213
2.664	2.6531
2.667	2.65406
2.67	2.65501
2.673	2.65596
2.676	2.65691
2.679	2.65786
2.682	2.6588
2.685	2.65975
2.688	2.66068
2.691	2.66162
2.694	2.66255
2.697	2.66347
2.7	2.6644
2.703	2.66532
2.706	2.66624
2.709	2.66715
2.712	2.66806
2.715	2.66897
2.718	2.66988
2.721	2.67078
2.724	2.67168
2.727	2.67257
2.73	2.67346
2.733	2.67435
2.736	2.67523
2.739	2.67612
2.742	2.67699
2.745	2.67787
2.748	2.67874
2.751	2.6796
2.754	2.68047
2.757	2.68133
2.76	2.68218
2.763	2.68304
2.766	2.68389
2.769	2.68473
2.772	2.68558
2.775	2.68641
2.778	2.68725
2.781	2.68808
2.784	2.68891
2.787	2.68973
2.79	2.69055
2.793	2.69137
2.796	2.69218
2.799	2.69299
2.802	2.6938
2.805	2.6946
2.808	2.6954
2.811	2.69619
2.814	2.69698
2.817	2.69777
2.82	2.69855
2.823	2.69933
2.826	2.70011
2.829	2.70088
2.832	2.70164
2.835	2.70241
2.838	2.70317
2.841	2.70392
2.844	2.70468
2.847	2.70542
2.85	2.70617
2.853	2.70691
2.856	2.70764
2.859	2.70837
2.862	2.7091
2.865	2.70983
2.868	2.71055
2.871	2.71126
2.874	2.71197
2.877	2.71268
2.88	2.71339
2.883	2.71408
2.886	2.71478
2.889	2.71547
2.892	2.71616
2.895	2.71684
2.898	2.71752
2.901	2.7182
2.904	2.71887
2.907	2.71953
2.91	2.72019
2.913	2.72085
2.916	2.72151
2.919	2.72215
2.922	2.7228
2.925	2.72344
2.928	2.72408
2.931	2.72471
2.934	2.72534
2.937	2.72596
2.94	2.72658
2.943	2.7272
2.946	2.72781
2.949	2.72841
2.952	2.72901
2.955	2.72961
2.958	2.73021
2.961	2.73079
2.964	2.73138
2.967	2.73196
2.97	2.73253
2.973	2.7331
2.976	2.73367
2.979	2.73423
2.982	2.73479
2.985	2.73534
2.988	2.73589
2.991	2.73644
2.994	2.73698
2.997	2.73751
3	2.73804
3.003	2.73857
3.006	2.73909
3.009	2.73961
3.012	2.74012
3.015	2.74063
3.018	2.74113
3.021	2.74163
3.024	2.74212
3.027	2.74261
3.03	2.74309
3.033	2.74357
3.036	2.74405
3.039	2.74452
3.042	2.74499
3.045	2.74545
3.048	2.7459
3.051	2.74636
3.054	2.7468
3.057	2.74725
3.06	2.74768
3.063	2.74812
3.066	2.74854
3.069	2.74897
3.072	2.74939
3.075	2.7498
3.078	2.75021
3.081	2.75061
3.084	2.75101
3.087	2.75141
3.09	2.7518
3.093	2.75218
3.096	2.75256
3.099	2.75294
3.102	2.75331
3.105	2.75368
3.108	2.75404
3.111	2.75439
3.114	2.75475
3.117	2.75509
3.12	2.75543
3.123	2.75577
3.126	2.7561
3.129	2.75643
3.132	2.75675
3.135	2.75707
3.138	2.75738
3.141	2.75769
3.144	2.75799
3.147	2.75829
3.15	2.75858
3.153	2.75887
3.156	2.75915
3.159	2.75943
3.162	2.7597
3.165	2.75997
3.168	2.76023
3.171	2.76049
3.174	2.76074
3.177	2.76099
3.18	2.76123
3.183	2.76147
3.186	2.7617
3.189	2.76193
3.192	2.76216
3.195	2.76237
3.198	2.76259
3.201	2.76279
3.204	2.763
3.207	2.7632
3.21	2.76339
3.213	2.76358
3.216	2.76376
3.219	2.76394
3.222	2.76411
3.225	2.76428
3.228	2.76444
3.231	2.7646
3.234	2.76475
3.237	2.7649
3.24	2.76504
3.243	2.76518
3.246	2.76531
3.249	2.76544
3.252	2.76556
3.255	2.76568
3.258	2.76579
3.261	2.7659
3.264	2.766
3.267	2.76609
3.27	2.76619
3.273	2.76627
3.276	2.76635
3.279	2.76643
3.282	2.7665
3.285	2.76657
3.288	2.76663
3.291	2.76669
3.294	2.76674
3.297	2.76678
3.3	2.76682
3.303	2.76686
3.306	2.76689
3.309	2.76692
3.312	2.76694
3.315	2.76695
3.318	2.76696
3.321	2.76697
3.324	2.76697
3.327	2.76696
3.33	2.76695
3.333	2.76694
3.336	2.76692
3.339	2.76689
3.342	2.76686
3.345	2.76683
3.348	2.76679
3.351	2.76674
3.354	2.76669
3.357	2.76663
3.36	2.76657
3.363	2.76651
3.366	2.76643
3.369	2.76636
3.372	2.76628
3.375	2.76619
3.378	2.7661
3.381	2.766
3.384	2.7659
3.387	2.76579
3.39	2.76568
3.393	2.76557
3.396	2.76544
3.399	2.76532
3.402	2.76519
3.405	2.76505
3.408	2.76491
3.411	2.76476
3.414	2.76461
3.417	2.76445
3.42	2.76429
3.423	2.76412
3.426	2.76395
3.429	2.76377
3.432	2.76359
3.435	2.7634
3.438	2.76321
3.441	2.76301
3.444	2.76281
3.447	2.7626
3.45	2.76239
3.453	2.76217
3.456	2.76195
3.459	2.76172
3.462	2.76149
3.465	2.76125
3.468	2.76101
3.471	2.76076
3.474	2.76051
3.477	2.76025
3.48	2.75999
3.483	2.75972
3.486	2.75945
3.489	2.75917
3.492	2.75889
3.495	2.75861
3.498	2.75831
3.501	2.75802
3.504	2.75771
3.507	2.75741
3.51	2.7571
3.513	2.75678
3.516	2.75646
3.519	2.75613
3.522	2.7558
3.525	2.75547
3.528	2.75513
3.531	2.75478
3.534	2.75443
3.537	2.75407
3.54	2.75371
3.543	2.75335
3.546	2.75298
3.549	2.7526
3.552	2.75223
3.555	2.75184
3.558	2.75145
3.561	2.75106
3.564	2.75066
3.567	2.75026
3.57	2.74985
3.573	2.74944
3.576	2.74902
3.579	2.7486
3.582	2.74817
3.585	2.74774
3.588	2.7473
3.591	2.74686
3.594	2.74641
3.597	2.74596
3.6	2.74551
3.603	2.74505
3.606	2.74458
3.609	2.74412
3.612	2.74364
3.615	2.74316
3.618	2.74268
3.621	2.74219
3.624	2.7417
3.627	2.7412
3.63	2.7407
3.633	2.7402
3.636	2.73969
3.639	2.73917
3.642	2.73865
3.645	2.73813
3.648	2.7376
3.651	2.73706
3.654	2.73653
3.657	2.73599
3.66	2.73544
3.663	2.73489
3.666	2.73433
3.669	2.73377
3.672	2.73321
3.675	2.73264
3.678	2.73206
3.681	2.73149
3.684	2.7309
3.687	2.73032
3.69	2.72973
3.693	2.72913
3.696	2.72853
3.699	2.72793
3.702	2.72732
3.705	2.72671
3.708	2.72609
3.711	2.72547
3.714	2.72484
3.717	2.72421
3.72	2.72358
3.723	2.72294
3.726	2.7223
3.729	2.72165
3.732	2.721
3.735	2.72035
3.738	2.71969
3.741	2.71902
3.744	2.71835
3.747	2.71768
3.75	2.71701
3.753	2.71633
3.756	2.71564
3.759	2.71495
3.762	2.71426
3.765	2.71356
3.768	2.71286
3.771	2.71216
3.774	2.71145
3.777	2.71074
3.78	2.71002
3.783	2.7093
3.786	2.70858
3.789	2.70785
3.792	2.70711
3.795	2.70638
3.798	2.70564
3.801	2.70489
3.804	2.70414
3.807	2.70339
3.81	2.70264
3.813	2.70188
3.816	2.70111
3.819	2.70034
3.822	2.69957
3.825	2.6988
3.828	2.69802
3.831	2.69723
3.834	2.69645
3.837	2.69566
3.84	2.69486
3.843	2.69407
3.846	2.69326
3.849	2.69246
3.852	2.69165
3.855	2.69084
3.858	2.69002
3.861	2.6892
3.864	2.68838
3.867	2.68755
3.87	2.68672
3.873	2.68588
3.876	2.68505
3.879	2.6842
3.882	2.68336
3.885	2.68251
3.888	2.68166
3.891	2.6808
3.894	2.67994
3.897	2.67908
3.9	2.67821
3.903	2.67734
3.906	2.67647
3.909	2.6756
3.912	2.67472
3.915	2.67383
3.918	2.67295
3.921	2.67206
3.924	2.67116
3.927	2.67027
3.93	2.66937
3.933	2.66846
3.936	2.66756
3.939	2.66665
3.942	2.66573
3.945	2.66482
3.948	2.6639
3.951	2.66298
3.954	2.66205
3.957	2.66112
3.96	2.66019
3.963	2.65925
3.966	2.65832
3.969	2.65737
3.972	2.65643
3.975	2.65548
3.978	2.65453
3.981	2.65358
3.984	2.65262
3.987	2.65166
3.99	2.6507
3.993	2.64973
3.996	2.64876
3.999	2.64779
4.002	2.64682
4.005	2.64584
4.008	2.64486
4.011	2.64388
4.014	2.64289
4.017	2.6419
4.02	2.64091
4.023	2.63992
4.026	2.63892
4.029	2.63792
4.032	2.63692
4.035	2.63591
4.038	2.6349
4.041	2.63389
4.044	2.63288
4.047	2.63186
4.05	2.63084
4.053	2.62982
4.056	2.6288
4.059	2.62777
4.062	2.62674
4.065	2.62571
4.068	2.62467
4.071	2.62363
4.074	2.62259
4.077	2.62155
4.08	2.62051
4.083	2.61946
4.086	2.61841
4.089	2.61736
4.092	2.6163
4.095	2.61524
4.098	2.61418
4.101	2.61312
4.104	2.61206
4.107	2.61099
4.11	2.60992
4.113	2.60885
4.116	2.60778
4.119	2.6067
4.122	2.60562
4.125	2.60454
4.128	2.60346
4.131	2.60237
4.134	2.60128
4.137	2.60019
4.14	2.5991
4.143	2.59801
4.146	2.59691
4.149	2.59581
4.152	2.59471
4.155	2.59361
4.158	2.59251
4.161	2.5914
4.164	2.59029
4.167	2.58918
4.17	2.58807
4.173	2.58695
4.176	2.58583
4.179	2.58472
4.182	2.5836
4.185	2.58247
4.188	2.58135
4.191	2.58022
4.194	2.57909
4.197	2.57796
4.2	2.57683
4.203	2.5757
4.206	2.57456
4.209	2.57342
4.212	2.57228
4.215	2.57114
4.218	2.57
4.221	2.56885
4.224	2.56771
4.227	2.56656
4.23	2.56541
4.233	2.56426
4.236	2.5631
4.239	2.56195
4.242	2.56079
4.245	2.55963
4.248	2.55847
4.251	2.55731
4.254	2.55615
4.257	2.55498
4.26	2.55382
4.263	2.55265
4.266	2.55148
4.269	2.55031
4.272	2.54914
4.275	2.54796
4.278	2.54679
4.281	2.54561
4.284	2.54444
4.287	2.54326
4.29	2.54208
4.293	2.54089
4.296	2.53971
4.299	2.53853
4.302	2.53734
4.305	2.53615
4.308	2.53496
4.311	2.53377
4.314	2.53258
4.317	2.53139
4.32	2.5302
4.323	2.529
4.326	2.5278
4.329	2.52661
4.332	2.52541
4.335	2.52421
4.338	2.52301
4.341	2.52181
4.344	2.5206
4.347	2.5194
4.35	2.51819
4.353	2.51699
4.356	2.51578
4.359	2.51457
4.362	2.51336
4.365	2.51215
4.368	2.51094
4.371	2.50973
4.374	2.50852
4.377	2.5073
4.38	2.50609
4.383	2.50487
4.386	2.50365
4.389	2.50244
4.392	2.50122
4.395	2.5
4.398	2.49878
4.401	2.49756
4.404	2.49633
4.407	2.49511
4.41	2.49389
4.413	2.49266
4.416	2.49144
4.419	2.49021
4.422	2.48898
4.425	2.48776
4.428	2.48653
4.431	2.4853
4.434	2.48407
4.437	2.48284
4.44	2.48161
4.443	2.48038
4.446	2.47915
4.449	2.47792
4.452	2.47668
4.455	2.47545
4.458	2.47421
4.461	2.47298
4.464	2.47174
4.467	2.47051
4.47	2.46927
4.473	2.46804
4.476	2.4668
4.479	2.46556
4.482	2.46432
4.485	2.46308
4.488	2.46185
4.491	2.46061
4.494	2.45937
4.497	2.45813
4.5	2.45689
4.503	2.45564
4.506	2.4544
4.509	2.45316
4.512	2.45192
4.515	2.45068
4.518	2.44944
4.521	2.44819
4.524	2.44695
4.527	2.44571
4.53	2.44446
4.533	2.44322
4.536	2.44198
4.539	2.44073
4.542	2.43949
4.545	2.43824
4.548	2.437
4.551	2.43575
4.554	2.43451
4.557	2.43326
4.56	2.43202
4.563	2.43077
4.566	2.42953
4.569	2.42828
4.572	2.42704
4.575	2.42579
4.578	2.42455
4.581	2.4233
4.584	2.42206
4.587	2.42081
4.59	2.41957
4.593	2.41832
4.596	2.41708
4.599	2.41583
4.602	2.41459
4.605	2.41334
4.608	2.4121
4.611	2.41085
4.614	2.40961
4.617	2.40836
4.62	2.40712
4.623	2.40587
4.626	2.40463
4.629	2.40339
4.632	2.40214
4.635	2.4009
4.638	2.39965
4.641	2.39841
4.644	2.39717
4.647	2.39593
4.65	2.39468
4.653	2.39344
4.656	2.3922
4.659	2.39096
4.662	2.38972
4.665	2.38848
4.668	2.38723
4.671	2.38599
4.674	2.38475
4.677	2.38351
4.68	2.38228
4.683	2.38104
4.686	2.3798
4.689	2.37856
4.692	2.37732
4.695	2.37608
4.698	2.37485
4.701	2.37361
4.704	2.37238
4.707	2.37114
4.71	2.3699
4.713	2.36867
4.716	2.36744
4.719	2.3662
4.722	2.36497
4.725	2.36374
4.728	2.36251
4.731	2.36127
4.734	2.36004
4.737	2.35881
4.74	2.35758
4.743	2.35635
4.746	2.35512
4.749	2.3539
4.752	2.35267
4.755	2.35144
4.758	2.35022
4.761	2.34899
4.764	2.34777
4.767	2.34654
4.77	2.34532
4.773	2.34409
4.776	2.34287
4.779	2.34165
4.782	2.34043
4.785	2.33921
4.788	2.33799
4.791	2.33677
4.794	2.33555
4.797	2.33434
4.8	2.33312
4.803	2.3319
4.806	2.33069
4.809	2.32948
4.812	2.32826
4.815	2.32705
4.818	2.32584
4.821	2.32463
4.824	2.32342
4.827	2.32221
4.83	2.321
4.833	2.31979
4.836	2.31859
4.839	2.31738
4.842	2.31617
4.845	2.31497
4.848	2.31377
4.851	2.31256
4.854	2.31136
4.857	2.31016
4.86	2.30896
4.863	2.30776
4.866	2.30657
4.869	2.30537
4.872	2.30417
4.875	2.30298
4.878	2.30179
4.881	2.30059
4.884	2.2994
4.887	2.29821
4.89	2.29702
4.893	2.29583
4.896	2.29464
4.899	2.29346
4.902	2.29227
4.905	2.29109
4.908	2.2899
4.911	2.28872
4.914	2.28754
4.917	2.28636
4.92	2.28518
4.923	2.284
4.926	2.28282
4.929	2.28165
4.932	2.28047
4.935	2.2793
4.938	2.27812
4.941	2.27695
4.944	2.27578
4.947	2.27461
4.95	2.27344
4.953	2.27228
4.956	2.27111
4.959	2.26994
4.962	2.26878
4.965	2.26762
4.968	2.26646
4.971	2.2653
4.974	2.26414
4.977	2.26298
4.98	2.26182
4.983	2.26067
4.986	2.25951
4.989	2.25836
4.992	2.25721
4.995	2.25606
4.998	2.25491
5.001	2.25376
5.004	2.25261
5.007	2.25147
5.01	2.25032
5.013	2.24918
5.016	2.24804
5.019	2.2469
5.022	2.24576
5.025	2.24462
5.028	2.24348
5.031	2.24235
5.034	2.24121
5.037	2.24008
5.04	2.23895
5.043	2.23782
5.046	2.23669
5.049	2.23556
5.052	2.23444
5.055	2.23331
5.058	2.23219
5.061	2.23107
5.064	2.22995
5.067	2.22883
5.07	2.22771
5.073	2.22659
5.076	2.22548
5.079	2.22436
5.082	2.22325
5.085	2.22214
5.088	2.22103
5.091	2.21992
5.094	2.21881
5.097	2.21771
5.1	2.2166
5.103	2.2155
5.106	2.2144
5.109	2.2133
5.112	2.2122
5.115	2.21111
5.118	2.21001
5.121	2.20892
5.124	2.20782
5.127	2.20673
5.13	2.20564
5.133	2.20455
5.136	2.20347
5.139	2.20238
5.142	2.2013
5.145	2.20021
5.148	2.19913
5.151	2.19805
5.154	2.19698
5.157	2.1959
5.16	2.19482
5.163	2.19375
5.166	2.19268
5.169	2.19161
5.172	2.19054
5.175	2.18947
5.178	2.1884
5.181	2.18734
5.184	2.18628
5.187	2.18522
5.19	2.18416
5.193	2.1831
5.196	2.18204
5.199	2.18098
5.202	2.17993
5.205	2.17888
5.208	2.17783
5.211	2.17678
5.214	2.17573
5.217	2.17468
5.22	2.17364
5.223	2.1726
5.226	2.17155
5.229	2.17051
5.232	2.16948
5.235	2.16844
5.238	2.1674
5.241	2.16637
5.244	2.16534
5.247	2.16431
5.25	2.16328
5.253	2.16225
5.256	2.16123
5.259	2.1602
5.262	2.15918
5.265	2.15816
5.268	2.15714
5.271	2.15612
5.274	2.1551
5.277	2.15409
5.28	2.15308
5.283	2.15206
5.286	2.15105
5.289	2.15005
5.292	2.14904
5.295	2.14803
5.298	2.14703
5.301	2.14603
5.304	2.14503
5.307	2.14403
5.31	2.14303
5.313	2.14204
5.316	2.14104
5.319	2.14005
5.322	2.13906
5.325	2.13807
5.328	2.13709
5.331	2.1361
5.334	2.13512
5.337	2.13413
5.34	2.13315
5.343	2.13217
5.346	2.1312
5.349	2.13022
5.352	2.12925
5.355	2.12828
5.358	2.1273
5.361	2.12634
5.364	2.12537
5.367	2.1244
5.37	2.12344
5.373	2.12248
5.376	2.12151
5.379	2.12056
5.382	2.1196
5.385	2.11864
5.388	2.11769
5.391	2.11674
5.394	2.11578
5.397	2.11484
5.4	2.11389
5.403	2.11294
5.406	2.112
5.409	2.11106
5.412	2.11011
5.415	2.10918
5.418	2.10824
5.421	2.1073
5.424	2.10637
5.427	2.10543
5.43	2.1045
5.433	2.10357
5.436	2.10265
5.439	2.10172
5.442	2.1008
5.445	2.09987
5.448	2.09895
5.451	2.09803
5.454	2.09712
5.457	2.0962
5.46	2.09529
5.463	2.09438
5.466	2.09346
5.469	2.09256
5.472	2.09165
5.475	2.09074
5.478	2.08984
5.481	2.08894
5.484	2.08804
5.487	2.08714
5.49	2.08624
5.493	2.08534
5.496	2.08445
5.499	2.08356
5.502	2.08267
5.505	2.08178
5.508	2.08089
5.511	2.08001
5.514	2.07912
5.517	2.07824
5.52	2.07736
5.523	2.07648
5.526	2.0756
5.529	2.07473
5.532	2.07385
5.535	2.07298
5.538	2.07211
5.541	2.07124
5.544	2.07038
5.547	2.06951
5.55	2.06865
5.553	2.06778
5.556	2.06692
5.559	2.06607
5.562	2.06521
5.565	2.06435
5.568	2.0635
5.571	2.06265
5.574	2.0618
5.577	2.06095
5.58	2.0601
5.583	2.05926
5.586	2.05841
5.589	2.05757
5.592	2.05673
5.595	2.05589
5.598	2.05506
5.601	2.05422
5.604	2.05339
5.607	2.05256
5.61	2.05173
5.613	2.0509
5.616	2.05007
5.619	2.04925
5.622	2.04842
5.625	2.0476
5.628	2.04678
5.631	2.04596
5.634	2.04515
5.637	2.04433
5.64	2.04352
5.643	2.04271
5.646	2.0419
5.649	2.04109
5.652	2.04028
5.655	2.03948
5.658	2.03867
5.661	2.03787
5.664	2.03707
5.667	2.03627
5.67	2.03548
5.673	2.03468
5.676	2.03389
5.679	2.0331
5.682	2.03231
5.685	2.03152
5.688	2.03073
5.691	2.02994
5.694	2.02916
5.697	2.02838
5.7	2.0276
5.703	2.02682
5.706	2.02604
5.709	2.02527
5.712	2.02449
5.715	2.02372
5.718	2.02295
5.721	2.02218
5.724	2.02142
5.727	2.02065
5.73	2.01989
5.733	2.01912
5.736	2.01836
5.739	2.01761
5.742	2.01685
5.745	2.01609
5.748	2.01534
5.751	2.01459
5.754	2.01384
5.757	2.01309
5.76	2.01234
5.763	2.01159
5.766	2.01085
5.769	2.01011
5.772	2.00936
5.775	2.00863
5.778	2.00789
5.781	2.00715
5.784	2.00642
5.787	2.00568
5.79	2.00495
5.793	2.00422
5.796	2.00349
5.799	2.00277
5.802	2.00204
5.805	2.00132
5.808	2.0006
5.811	1.99988
5.814	1.99916
5.817	1.99844
5.82	1.99773
5.823	1.99701
5.826	1.9963
5.829	1.99559
5.832	1.99488
5.835	1.99417
5.838	1.99347
5.841	1.99276
5.844	1.99206
5.847	1.99136
5.85	1.99066
5.853	1.98996
5.856	1.98927
5.859	1.98857
5.862	1.98788
5.865	1.98719
5.868	1.9865
5.871	1.98581
5.874	1.98512
5.877	1.98444
5.88	1.98375
5.883	1.98307
5.886	1.98239
5.889	1.98171
5.892	1.98103
5.895	1.98036
5.898	1.97968
5.901	1.97901
5.904	1.97834
5.907	1.97767
5.91	1.977
5.913	1.97633
5.916	1.97567
5.919	1.975
5.922	1.97434
5.925	1.97368
5.928	1.97302
5.931	1.97236
5.934	1.97171
5.937	1.97105
5.94	1.9704
5.943	1.96975
5.946	1.9691
5.949	1.96845
5.952	1.9678
5.955	1.96716
5.958	1.96651
5.961	1.96587
5.964	1.96523
5.967	1.96459
5.97	1.96395
5.973	1.96331
5.976	1.96268
5.979	1.96205
5.982	1.96141
5.985	1.96078
5.988	1.96015
5.991	1.95953
5.994	1.9589
5.997	1.95828
