 Location  Dispersion    Centroids   Volume
0.000480342   0.103213   0.0403055   1.00519
0.256873   0.0989708   0.319835   0.997844
0.49279   0.0790765   0.511053   0.980221
0.7435   0.11327   0.730606   1.01467
1.00132   0.0949019   0.904844   0.996084
1.24611   0.0983606   1.00477   1.00511
1.50094   0.093127   1.05448   1.00188
1.74843   0.0939544   1.04194   1.0033
2.00317   0.104768   0.980197   1.00539
2.25756   0.105605   0.830369   1.00321
2.50308   0.108966   0.663309   0.997469
2.75802   0.11052   0.416797   1.00522
3.0039   0.104067   0.211282   0.986501
3.24929   0.111552   -0.0684927   1.00123
3.49975   0.105343   -0.309943   0.993679
3.7471   0.112673   -0.530623   1.00991
4.00218   0.0939014   -0.725371   0.99375
4.24965   0.0898098   -0.852228   0.998233
4.49469   0.0884227   -0.944641   1.0012
4.74739   0.0873443   -0.950426   1.00112
4.99867   0.0880624   -0.930156   0.998921
5.24605   0.0978088   -0.80174   1.00381
5.49919   0.0866458   -0.64052   0.997444
5.73811   0.0690034   -0.476963   0.988413
5.98975   0.100849   -0.254488   1.00954
