 Location  Dispersion    Centroids   Volume
0.00418104   0.0855398   -0.0445105   1.01495
0.204695   0.0697578   0.185131   0.991157
0.414163   0.0670976   0.396097   0.99216
0.618226   0.0669542   0.586996   0.993504
0.828228   0.0699893   0.752798   0.997181
1.03244   0.0737616   0.888465   1.00076
1.24218   0.0780067   0.985568   1.00516
1.44677   0.0806147   1.03974   1.00736
1.65638   0.0817589   1.04682   1.00824
1.86076   0.0808184   1.00606   1.0072
2.06506   0.0798677   0.922273   1.00562
2.27475   0.0762934   0.797273   1.0013
2.47896   0.0734277   0.637984   0.998435
2.6888   0.0695534   0.45368   0.994232
2.89277   0.0674217   0.25148   0.992218
3.10266   0.0660545   0.0401762   0.990901
3.30656   0.0663037   -0.172494   0.991171
3.51638   0.0682756   -0.378544   0.993327
3.72036   0.0706819   -0.570392   0.995676
3.93004   0.0744678   -0.739145   0.999966
4.13407   0.0770351   -0.876383   1.00314
4.33839   0.0795057   -0.977298   1.00554
4.5479   0.0808771   -1.03474   1.00756
4.75252   0.0803192   -1.04563   1.00723
4.96211   0.0778812   -1.00906   1.00494
5.16647   0.0744903   -0.926308   1.002
5.37646   0.0697705   -0.803559   0.997254
5.58084   0.0667292   -0.64481   0.993878
5.79089   0.0639462   -0.459306   0.988765
5.99145   0.0788415   -0.253075   1.00849
