 Location  Dispersion    Centroids   Volume
0.0027821   0.125878   -0.0075055   1.02218
0.321499   0.115358   0.351479   0.993165
0.63667   0.0953496   0.678178   0.972736
0.951104   0.105932   0.893032   0.987442
1.26031   0.126601   1.05984   1.02053
1.57954   0.126742   1.1252   1.02202
1.89344   0.131322   1.07849   1.02714
2.20979   0.129521   0.900103   1.00882
2.52656   0.106734   0.658696   0.978463
2.84178   0.109749   0.353963   0.999135
3.15941   0.0892069   0.0250063   0.956416
3.46919   0.101793   -0.289907   0.96875
3.7848   0.113163   -0.572068   0.995508
4.10288   0.121127   -0.817183   1.01079
4.41899   0.131005   -0.98778   1.02189
4.73549   0.132503   -1.01747   1.02437
5.04304   0.121378   -0.952801   1.00765
5.36494   0.112133   -0.743451   0.995846
5.67819   0.0891851   -0.508537   0.962873
5.98889   0.118472   -0.202943   1.01966
