 Location  Dispersion    Centroids   Volume
0.000496429   0.0121418   -0.0134787   1.00038
0.0300978   0.0112389   0.0197349   1.00012
0.0601342   0.0107179   0.0524986   1.00007
0.0901193   0.0104414   0.0833505   1.00003
0.120106   0.0102477   0.114021   1.00001
0.150094   0.0101029   0.144414   0.999991
0.180084   0.00998904   0.174576   0.999978
0.210074   0.00989737   0.204512   0.999968
0.240065   0.00982261   0.234213   0.99996
0.270057   0.00976137   0.263665   0.999954
0.300049   0.00971136   0.292849   0.999949
0.330042   0.00967092   0.321746   0.999945
0.360035   0.00963884   0.350334   0.999942
0.390029   0.00961415   0.378592   0.999939
0.420022   0.00959613   0.406495   0.999938
0.450017   0.00958414   0.434023   0.999937
0.480011   0.00957768   0.461151   0.999937
0.510006   0.00957631   0.487857   0.999937
0.540001   0.00957964   0.514119   0.999938
0.569996   0.00958735   0.539916   0.99994
0.599992   0.00959918   0.565226   0.999941
0.629987   0.00961507   0.590031   0.999944
0.659984   0.00963597   0.614322   0.999946
0.689981   0.00966591   0.638021   0.999951
0.719984   0.00970924   0.662297   0.99995
0.755966   0.00983515   0.686992   0.999966
0.785973   0.00978076   0.709502   0.999964
0.815971   0.00979619   0.730706   0.999967
0.845969   0.00982365   0.75122   0.99997
0.875968   0.00985611   0.771039   0.999975
0.905966   0.00989115   0.790155   0.999979
0.935965   0.00992785   0.808552   0.999984
0.965964   0.00996567   0.826218   0.999989
0.995964   0.0100042   0.843135   0.999994
1.02596   0.0100432   0.859291   0.999999
1.05596   0.0100824   0.874669   1
1.08596   0.0101214   0.889257   1.00001
1.11597   0.0101602   0.903042   1.00001
1.14597   0.0101983   0.91601   1.00002
1.17597   0.0102357   0.92815   1.00002
1.20597   0.0102721   0.939451   1.00003
1.23597   0.0103073   0.949903   1.00003
1.26597   0.0103412   0.959495   1.00004
1.29598   0.0103735   0.96822   1.00004
1.32598   0.0104041   0.976069   1.00005
1.35598   0.0104328   0.983034   1.00005
1.38599   0.0104595   0.989111   1.00005
1.41599   0.0104841   0.994292   1.00006
1.44599   0.0105065   0.998573   1.00006
1.476   0.0105265   1.00195   1.00006
1.506   0.010544   1.00442   1.00006
1.536   0.0105591   1.00598   1.00007
1.56601   0.0105715   1.00663   1.00007
1.59601   0.0105813   1.00637   1.00007
1.62601   0.0105885   1.0052   1.00007
1.65602   0.010593   1.00312   1.00007
1.68602   0.0105948   1.00012   1.00007
1.71603   0.0105939   0.996229   1.00007
1.74603   0.0105904   0.991432   1.00007
1.77603   0.0105842   0.985738   1.00007
1.80604   0.0105756   0.979152   1.00007
1.83604   0.0105645   0.97168   1.00006
1.86604   0.0105509   0.96333   1.00006
1.89605   0.0105352   0.954108   1.00006
1.92605   0.0105172   0.944024   1.00006
1.95605   0.0104972   0.933087   1.00005
1.98606   0.0104754   0.921306   1.00005
2.01606   0.010452   0.908693   1.00005
2.04606   0.0104272   0.895258   1.00004
2.07606   0.0104014   0.881014   1.00004
2.10606   0.0103752   0.865972   1.00004
2.13606   0.0103501   0.850142   1.00003
2.16607   0.0103294   0.83354   1.00003
2.19606   0.01032   0.81607   1.00003
2.22612   0.0105334   0.797836   1.00005
2.26203   0.0102549   0.777082   1.00001
2.29207   0.0101435   0.756006   1.00001
2.32207   0.0101078   0.735797   1
2.35207   0.0100726   0.714802   0.999998
2.38207   0.0100381   0.693183   0.999994
2.41207   0.0100036   0.670946   0.999989
2.44207   0.00996921   0.64811   0.999985
2.47207   0.00993505   0.624693   0.99998
2.50206   0.00990133   0.600717   0.999976
2.53206   0.00986821   0.576203   0.999972
2.56206   0.00983585   0.551173   0.999967
2.59206   0.00980439   0.525649   0.999963
2.62206   0.00977395   0.499654   0.99996
2.65205   0.00974466   0.473213   0.999956
2.68205   0.00971662   0.446347   0.999952
2.71205   0.00968994   0.419082   0.999949
2.74205   0.00966472   0.391442   0.999946
2.77204   0.00964105   0.363452   0.999943
2.80204   0.00961899   0.335137   0.99994
2.83204   0.00959862   0.306521   0.999937
2.86203   0.00958001   0.277632   0.999935
2.89203   0.00956321   0.248494   0.999933
2.92203   0.00954827   0.219134   0.999931
2.95202   0.00953524   0.189579   0.99993
2.98202   0.00952414   0.159853   0.999928
3.01202   0.009515   0.129985   0.999927
3.04201   0.00950785   0.1   0.999926
3.07201   0.00950269   0.069926   0.999926
3.10201   0.00949955   0.0397893   0.999925
3.132   0.00949841   0.00961689   0.999925
3.162   0.00949927   -0.0205642   0.999925
3.192   0.00950212   -0.050727   0.999926
3.22199   0.00950694   -0.0808446   0.999926
3.25199   0.00951372   -0.11089   0.999927
3.28198   0.00952241   -0.140837   0.999928
3.31198   0.00953299   -0.170657   0.999929
3.34198   0.0095454   -0.200326   0.999931
3.37197   0.00955961   -0.229815   0.999933
3.40197   0.00957556   -0.2591   0.999935
3.43197   0.00959318   -0.288152   0.999937
3.46197   0.0096124   -0.316948   0.99994
3.49196   0.00963316   -0.345461   0.999942
3.52196   0.00965537   -0.373665   0.999945
3.55196   0.00967894   -0.401537   0.999948
3.58195   0.00970379   -0.429051   0.999951
3.61195   0.00972984   -0.456185   0.999955
3.64195   0.0097572   -0.482917   0.999958
3.67195   0.00978717   -0.509239   0.999962
3.70195   0.00982308   -0.53502   0.999967
3.73197   0.00988823   -0.561849   0.999966
3.76792   0.0101275   -0.589127   0.999996
3.79794   0.0099782   -0.613985   0.999984
3.82794   0.00998734   -0.637743   0.999986
3.85794   0.01001   -0.660864   0.99999
3.88794   0.0100383   -0.683376   0.999994
3.91794   0.0100689   -0.705266   0.999998
3.94794   0.0101005   -0.726517   1
3.97794   0.0101326   -0.747112   1.00001
4.00794   0.0101647   -0.767033   1.00001
4.03794   0.0101967   -0.786262   1.00002
4.06794   0.0102282   -0.804783   1.00002
4.09794   0.0102591   -0.822578   1.00002
4.12795   0.0102892   -0.839631   1.00003
4.15795   0.0103184   -0.855927   1.00003
4.18795   0.0103465   -0.871451   1.00004
4.21795   0.0103733   -0.886189   1.00004
4.24795   0.0103987   -0.900127   1.00004
4.27796   0.0104225   -0.913252   1.00005
4.30796   0.0104447   -0.925552   1.00005
4.33796   0.0104649   -0.937016   1.00005
4.36796   0.0104832   -0.947632   1.00005
4.39797   0.0104995   -0.957393   1.00006
4.42797   0.0105135   -0.966287   1.00006
4.45797   0.0105252   -0.974307   1.00006
4.48798   0.0105345   -0.981446   1.00006
4.51798   0.0105413   -0.987696   1.00006
4.54798   0.0105455   -0.993053   1.00006
4.57799   0.0105471   -0.99751   1.00006
4.60799   0.010546   -1.00106   1.00006
4.638   0.0105422   -1.00371   1.00006
4.668   0.0105356   -1.00545   1.00006
4.698   0.0105264   -1.00627   1.00006
4.72801   0.0105144   -1.00619   1.00006
4.75801   0.0104997   -1.00519   1.00006
4.78801   0.0104823   -1.00328   1.00006
4.81802   0.0104624   -1.00047   1.00005
4.84802   0.0104399   -0.996743   1.00005
4.87802   0.0104151   -0.992116   1.00005
4.90802   0.010388   -0.986589   1.00004
4.93803   0.0103588   -0.980168   1.00004
4.96803   0.0103276   -0.972859   1.00003
4.99803   0.0102947   -0.964668   1.00003
5.02803   0.0102603   -0.955602   1.00003
5.05803   0.0102246   -0.945669   1.00002
5.08803   0.0101881   -0.934877   1.00002
5.11803   0.0101512   -0.923236   1.00001
5.14804   0.0101151   -0.910753   1.00001
5.17804   0.0100819   -0.897437   1
5.20803   0.0100568   -0.883234   0.999999
5.23806   0.0101449   -0.868113   1.00001
5.27402   0.00995869   -0.850778   0.999983
5.30403   0.00988921   -0.833054   0.99998
5.33403   0.00984969   -0.815724   0.999975
5.36403   0.00981347   -0.797583   0.99997
5.39403   0.0097796   -0.778735   0.999966
5.42402   0.0097479   -0.759186   0.999962
5.45402   0.00971875   -0.738951   0.999958
5.48402   0.00969261   -0.718045   0.999955
5.51401   0.00966996   -0.696487   0.999952
5.54401   0.00965132   -0.674295   0.999949
5.57401   0.00963724   -0.651486   0.999947
5.604   0.00962835   -0.628081   0.999946
5.634   0.00962534   -0.604096   0.999945
5.66399   0.00962904   -0.579553   0.999945
5.69398   0.00964044   -0.554468   0.999945
5.72398   0.00966077   -0.528861   0.999947
5.75397   0.00969166   -0.502749   0.99995
5.78396   0.00973529   -0.476145   0.999954
5.81396   0.00979485   -0.449063   0.99996
5.84395   0.00987517   -0.421508   0.999969
5.87394   0.00998436   -0.393472   0.999981
5.90393   0.0101386   -0.364911   0.999999
5.93393   0.0103667   -0.33589   1.00003
5.96396   0.0107763   -0.304719   1.00007
5.99363   0.0115315   -0.273699   1.00027
