 x  	 F(x)  
0	0.0443006
0.003	0.0450567
0.006	0.0461207
0.009	0.047504
0.012	0.0492161
0.015	0.0512643
0.018	0.0536532
0.021	0.0563842
0.024	0.0594551
0.027	0.0628597
0.03	0.0665868
0.033	0.0706208
0.036	0.0749405
0.039	0.0795197
0.042	0.0843265
0.045	0.0893244
0.048	0.0944718
0.051	0.0997235
0.054	0.105031
0.057	0.110343
0.06	0.115609
0.063	0.120777
0.066	0.125799
0.069	0.13063
0.072	0.135228
0.075	0.139561
0.078	0.1436
0.081	0.147326
0.084	0.150729
0.087	0.153808
0.09	0.15657
0.093	0.159029
0.096	0.161209
0.099	0.16314
0.102	0.164857
0.105	0.166401
0.108	0.167815
0.111	0.169147
0.114	0.170442
0.117	0.171747
0.12	0.17311
0.123	0.174572
0.126	0.176175
0.129	0.177954
0.132	0.179941
0.135	0.182162
0.138	0.184638
0.141	0.187382
0.144	0.190403
0.147	0.1937
0.15	0.19727
0.153	0.2011
0.156	0.205172
0.159	0.209463
0.162	0.213944
0.165	0.218582
0.168	0.22334
0.171	0.22818
0.174	0.23306
0.177	0.237939
0.18	0.242774
0.183	0.247525
0.186	0.252155
0.189	0.256628
0.192	0.260912
0.195	0.264982
0.198	0.268814
0.201	0.272392
0.204	0.275706
0.207	0.278749
0.21	0.281523
0.213	0.284032
0.216	0.286288
0.219	0.288305
0.222	0.290104
0.225	0.291708
0.228	0.293144
0.231	0.294441
0.234	0.29563
0.237	0.296744
0.24	0.297816
0.243	0.298879
0.246	0.299966
0.249	0.301109
0.252	0.302338
0.255	0.303682
0.258	0.305165
0.261	0.306809
0.264	0.308635
0.267	0.310657
0.27	0.312885
0.273	0.315327
0.276	0.317983
0.279	0.320852
0.282	0.323925
0.285	0.32719
0.288	0.330629
0.291	0.33422
0.294	0.337938
0.297	0.341753
0.3	0.345633
0.303	0.349542
0.306	0.353443
0.309	0.3573
0.312	0.361075
0.315	0.364732
0.318	0.368237
0.321	0.371562
0.324	0.37468
0.327	0.37757
0.33	0.38022
0.333	0.382622
0.336	0.384776
0.339	0.386691
0.342	0.388382
0.345	0.389872
0.348	0.391191
0.351	0.392374
0.354	0.393463
0.357	0.3945
0.36	0.395532
0.363	0.396605
0.366	0.397765
0.369	0.399053
0.372	0.400509
0.375	0.402165
0.378	0.404047
0.381	0.406175
0.384	0.40856
0.387	0.411206
0.39	0.414108
0.393	0.417255
0.396	0.420628
0.399	0.424203
0.402	0.42795
0.405	0.431837
0.408	0.435826
0.411	0.439882
0.414	0.443964
0.417	0.448036
0.42	0.452061
0.423	0.456004
0.426	0.459834
0.429	0.463523
0.432	0.467046
0.435	0.470382
0.438	0.473517
0.441	0.476438
0.444	0.479139
0.447	0.481617
0.45	0.483874
0.453	0.485916
0.456	0.487755
0.459	0.489403
0.462	0.49088
0.465	0.492206
0.468	0.493406
0.471	0.494507
0.474	0.495537
0.477	0.496529
0.48	0.497514
0.483	0.498526
0.486	0.499599
0.489	0.500768
0.492	0.502065
0.495	0.503522
0.498	0.50517
0.501	0.507036
0.504	0.509145
0.507	0.511517
0.51	0.514169
0.513	0.517113
0.516	0.520354
0.519	0.523894
0.522	0.527728
0.525	0.531845
0.528	0.536228
0.531	0.540857
0.534	0.545703
0.537	0.550735
0.54	0.555918
0.543	0.561213
0.546	0.566579
0.549	0.571975
0.552	0.577357
0.555	0.582685
0.558	0.587918
0.561	0.593018
0.564	0.597951
0.567	0.602685
0.57	0.607196
0.573	0.61146
0.576	0.615461
0.579	0.619188
0.582	0.622635
0.585	0.6258
0.588	0.628687
0.591	0.631305
0.594	0.633667
0.597	0.635788
0.6	0.63769
0.603	0.639396
0.606	0.64093
0.609	0.642321
0.612	0.643597
0.615	0.644789
0.618	0.645926
0.621	0.647038
0.624	0.648154
0.627	0.649301
0.63	0.650506
0.633	0.651791
0.636	0.653176
0.639	0.65468
0.642	0.656316
0.645	0.658094
0.648	0.66002
0.651	0.662096
0.654	0.664319
0.657	0.666684
0.66	0.669179
0.663	0.671791
0.666	0.674503
0.669	0.677296
0.672	0.680147
0.675	0.683032
0.678	0.685927
0.681	0.688807
0.684	0.691648
0.687	0.694427
0.69	0.69712
0.693	0.699709
0.696	0.702177
0.699	0.704511
0.702	0.706699
0.705	0.708735
0.708	0.710617
0.711	0.712344
0.714	0.713923
0.717	0.71536
0.72	0.716668
0.723	0.71786
0.726	0.718955
0.729	0.719971
0.732	0.72093
0.735	0.721853
0.738	0.722765
0.741	0.723689
0.744	0.724647
0.747	0.725662
0.75	0.726756
0.753	0.727949
0.756	0.729257
0.759	0.730695
0.762	0.732277
0.765	0.734011
0.768	0.735904
0.771	0.737958
0.774	0.740172
0.777	0.742543
0.78	0.745063
0.783	0.747721
0.786	0.750504
0.789	0.753395
0.792	0.756375
0.795	0.759424
0.798	0.762519
0.801	0.765636
0.804	0.768753
0.807	0.771843
0.81	0.774885
0.813	0.777855
0.816	0.780732
0.819	0.783496
0.822	0.786131
0.825	0.788623
0.828	0.790959
0.831	0.793133
0.834	0.79514
0.837	0.796979
0.84	0.798654
0.843	0.800172
0.846	0.801542
0.849	0.802779
0.852	0.803899
0.855	0.804922
0.858	0.805869
0.861	0.806763
0.864	0.80763
0.867	0.808494
0.87	0.809379
0.873	0.810311
0.876	0.811311
0.879	0.812402
0.882	0.813601
0.885	0.814923
0.888	0.816381
0.891	0.817982
0.894	0.819732
0.897	0.821631
0.9	0.823675
0.903	0.825856
0.906	0.828164
0.909	0.830585
0.912	0.833102
0.915	0.835695
0.918	0.838344
0.921	0.841027
0.924	0.843721
0.927	0.846402
0.93	0.84905
0.933	0.851642
0.936	0.854159
0.939	0.856583
0.942	0.858899
0.945	0.861095
0.948	0.863159
0.951	0.865087
0.954	0.866873
0.957	0.868518
0.96	0.870025
0.963	0.871399
0.966	0.87265
0.969	0.873789
0.972	0.874831
0.975	0.875792
0.978	0.876692
0.981	0.87755
0.984	0.878388
0.987	0.879228
0.99	0.880092
0.993	0.881002
0.996	0.881979
0.999	0.883044
1.002	0.884213
1.005	0.885502
1.008	0.886925
1.011	0.888492
1.014	0.890208
1.017	0.892077
1.02	0.894098
1.023	0.896267
1.026	0.898575
1.029	0.901013
1.032	0.903564
1.035	0.906212
1.038	0.908938
1.041	0.911719
1.044	0.914535
1.047	0.91736
1.05	0.920172
1.053	0.922947
1.056	0.925663
1.059	0.928298
1.062	0.930832
1.065	0.933247
1.068	0.935529
1.071	0.937665
1.074	0.939643
1.077	0.941457
1.08	0.943102
1.083	0.944576
1.086	0.94588
1.089	0.947018
1.092	0.947996
1.095	0.948823
1.098	0.949509
1.101	0.950068
1.104	0.950513
1.107	0.950861
1.11	0.95113
1.113	0.951336
1.116	0.951499
1.119	0.951638
1.122	0.951772
1.125	0.951919
1.128	0.952096
1.131	0.952321
1.134	0.952609
1.137	0.952974
1.14	0.953428
1.143	0.95398
1.146	0.954637
1.149	0.955406
1.152	0.956288
1.155	0.957283
1.158	0.958388
1.161	0.959597
1.164	0.960903
1.167	0.962295
1.17	0.963761
1.173	0.965288
1.176	0.966859
1.179	0.968458
1.182	0.970069
1.185	0.971674
1.188	0.973256
1.191	0.974799
1.194	0.976286
1.197	0.977705
1.2	0.979042
1.203	0.980287
1.206	0.981433
1.209	0.982474
1.212	0.983406
1.215	0.984229
1.218	0.984947
1.221	0.985563
1.224	0.986085
1.227	0.986525
1.23	0.986892
1.233	0.987203
1.236	0.987473
1.239	0.987718
1.242	0.987958
1.245	0.988211
1.248	0.988495
1.251	0.988829
1.254	0.989232
1.257	0.989719
1.26	0.990306
1.263	0.991005
1.266	0.991829
1.269	0.992785
1.272	0.993878
1.275	0.995111
1.278	0.996483
1.281	0.997989
1.284	0.999623
1.287	1.00137
1.29	1.00322
1.293	1.00516
1.296	1.00717
1.299	1.00922
1.302	1.0113
1.305	1.01337
1.308	1.01543
1.311	1.01743
1.314	1.01937
1.317	1.02121
1.32	1.02294
1.323	1.02453
1.326	1.02597
1.329	1.02726
1.332	1.02836
1.335	1.02929
1.338	1.03003
1.341	1.03059
1.344	1.03096
1.347	1.03116
1.35	1.03119
1.353	1.03106
1.356	1.0308
1.359	1.03041
1.362	1.02992
1.365	1.02935
1.368	1.02871
1.371	1.02803
1.374	1.02734
1.377	1.02664
1.38	1.02597
1.383	1.02535
1.386	1.02479
1.389	1.02431
1.392	1.02392
1.395	1.02364
1.398	1.02348
1.401	1.02344
1.404	1.02354
1.407	1.02376
1.41	1.02412
1.413	1.02461
1.416	1.02522
1.419	1.02595
1.422	1.02678
1.425	1.02771
1.428	1.02871
1.431	1.02977
1.434	1.03088
1.437	1.03202
1.44	1.03316
1.443	1.0343
1.446	1.0354
1.449	1.03646
1.452	1.03746
1.455	1.03837
1.458	1.0392
1.461	1.03992
1.464	1.04054
1.467	1.04103
1.47	1.04141
1.473	1.04168
1.476	1.04183
1.479	1.04188
1.482	1.04184
1.485	1.04172
1.488	1.04154
1.491	1.04132
1.494	1.04107
1.497	1.04081
1.5	1.04057
1.503	1.04037
1.506	1.04022
1.509	1.04014
1.512	1.04015
1.515	1.04026
1.518	1.04047
1.521	1.0408
1.524	1.04124
1.527	1.0418
1.53	1.04247
1.533	1.04325
1.536	1.04413
1.539	1.0451
1.542	1.04613
1.545	1.04723
1.548	1.04838
1.551	1.04955
1.554	1.05072
1.557	1.0519
1.56	1.05304
1.563	1.05414
1.566	1.05519
1.569	1.05616
1.572	1.05704
1.575	1.05782
1.578	1.05848
1.581	1.05902
1.584	1.05943
1.587	1.0597
1.59	1.05982
1.593	1.05979
1.596	1.05962
1.599	1.05929
1.602	1.05883
1.605	1.05823
1.608	1.05749
1.611	1.05663
1.614	1.05567
1.617	1.0546
1.62	1.05346
1.623	1.05224
1.626	1.05098
1.629	1.04968
1.632	1.04837
1.635	1.04707
1.638	1.04578
1.641	1.04453
1.644	1.04334
1.647	1.04221
1.65	1.04116
1.653	1.0402
1.656	1.03935
1.659	1.03859
1.662	1.03794
1.665	1.03739
1.668	1.03695
1.671	1.03661
1.674	1.03635
1.677	1.03617
1.68	1.03606
1.683	1.036
1.686	1.03598
1.689	1.03598
1.692	1.03599
1.695	1.036
1.698	1.03598
1.701	1.03592
1.704	1.03582
1.707	1.03566
1.71	1.03543
1.713	1.03513
1.716	1.03475
1.719	1.03429
1.722	1.03375
1.725	1.03313
1.728	1.03244
1.731	1.03168
1.734	1.03087
1.737	1.03001
1.74	1.02911
1.743	1.02819
1.746	1.02727
1.749	1.02635
1.752	1.02545
1.755	1.02458
1.758	1.02376
1.761	1.023
1.764	1.02231
1.767	1.0217
1.77	1.02117
1.773	1.02074
1.776	1.02039
1.779	1.02015
1.782	1.02
1.785	1.01994
1.788	1.01997
1.791	1.02008
1.794	1.02025
1.797	1.02049
1.8	1.02078
1.803	1.02111
1.806	1.02145
1.809	1.02181
1.812	1.02216
1.815	1.02249
1.818	1.02278
1.821	1.02303
1.824	1.02321
1.827	1.02332
1.83	1.02334
1.833	1.02326
1.836	1.02308
1.839	1.02278
1.842	1.02236
1.845	1.0218
1.848	1.02112
1.851	1.02031
1.854	1.01937
1.857	1.01829
1.86	1.01709
1.863	1.01578
1.866	1.01435
1.869	1.01283
1.872	1.01121
1.875	1.00953
1.878	1.00778
1.881	1.006
1.884	1.00419
1.887	1.00237
1.89	1.00057
1.893	0.998792
1.896	0.997064
1.899	0.9954
1.902	0.993814
1.905	0.992319
1.908	0.990925
1.911	0.98964
1.914	0.98847
1.917	0.987414
1.92	0.986473
1.923	0.98564
1.926	0.984909
1.929	0.984268
1.932	0.983703
1.935	0.983201
1.938	0.982742
1.941	0.98231
1.944	0.981884
1.947	0.981446
1.95	0.980978
1.953	0.980461
1.956	0.979878
1.959	0.979216
1.962	0.978461
1.965	0.977602
1.968	0.976633
1.971	0.975547
1.974	0.974342
1.977	0.973019
1.98	0.971581
1.983	0.970033
1.986	0.968383
1.989	0.966643
1.992	0.964826
1.995	0.962947
1.998	0.961022
2.001	0.959069
2.004	0.957109
2.007	0.955161
2.01	0.953246
2.013	0.951383
2.016	0.949593
2.019	0.947894
2.022	0.946303
2.025	0.944834
2.028	0.943501
2.031	0.942311
2.034	0.94127
2.037	0.94038
2.04	0.939637
2.043	0.939036
2.046	0.938564
2.049	0.938206
2.052	0.937942
2.055	0.937748
2.058	0.937598
2.061	0.937463
2.064	0.937312
2.067	0.937115
2.07	0.93684
2.073	0.936458
2.076	0.93594
2.079	0.935263
2.082	0.934404
2.085	0.933348
2.088	0.932083
2.091	0.930601
2.094	0.928901
2.097	0.926988
2.1	0.924869
2.103	0.922558
2.106	0.920075
2.109	0.917439
2.112	0.914676
2.115	0.911814
2.118	0.908883
2.121	0.905912
2.124	0.902933
2.127	0.899978
2.13	0.897075
2.133	0.894253
2.136	0.891539
2.139	0.888957
2.142	0.886527
2.145	0.884267
2.148	0.882189
2.151	0.880303
2.154	0.878613
2.157	0.877121
2.16	0.87582
2.163	0.874703
2.166	0.873756
2.169	0.872961
2.172	0.872297
2.175	0.871739
2.178	0.871258
2.181	0.870824
2.184	0.870404
2.187	0.869965
2.19	0.869473
2.193	0.868895
2.196	0.868198
2.199	0.867354
2.202	0.866334
2.205	0.865117
2.208	0.863683
2.211	0.86202
2.214	0.860117
2.217	0.857974
2.22	0.855592
2.223	0.852981
2.226	0.850153
2.229	0.847128
2.232	0.843928
2.235	0.84058
2.238	0.837113
2.241	0.833559
2.244	0.82995
2.247	0.82632
2.25	0.8227
2.253	0.819121
2.256	0.815613
2.259	0.812202
2.262	0.808912
2.265	0.805763
2.268	0.802771
2.271	0.79995
2.274	0.797308
2.277	0.79485
2.28	0.792579
2.283	0.790492
2.286	0.788584
2.289	0.786848
2.292	0.785273
2.295	0.783845
2.298	0.782552
2.301	0.781375
2.304	0.780299
2.307	0.779303
2.31	0.77837
2.313	0.77748
2.316	0.776613
2.319	0.775751
2.322	0.774875
2.325	0.773967
2.328	0.773011
2.331	0.77199
2.334	0.770891
2.337	0.7697
2.34	0.768408
2.343	0.767003
2.346	0.765481
2.349	0.763835
2.352	0.762064
2.355	0.760166
2.358	0.758146
2.361	0.756006
2.364	0.753756
2.367	0.751406
2.37	0.748967
2.373	0.746456
2.376	0.743889
2.379	0.741286
2.382	0.738668
2.385	0.736058
2.388	0.733479
2.391	0.730954
2.394	0.728506
2.397	0.726158
2.4	0.723929
2.403	0.721837
2.406	0.719896
2.409	0.718116
2.412	0.716501
2.415	0.715051
2.418	0.713759
2.421	0.712614
2.424	0.711596
2.427	0.710683
2.43	0.709845
2.433	0.709049
2.436	0.708259
2.439	0.707437
2.442	0.706543
2.445	0.70554
2.448	0.704391
2.451	0.703062
2.454	0.701525
2.457	0.699754
2.46	0.697733
2.463	0.695448
2.466	0.692896
2.469	0.690076
2.472	0.686998
2.475	0.683674
2.478	0.680124
2.481	0.676373
2.484	0.67245
2.487	0.668385
2.49	0.664214
2.493	0.659973
2.496	0.655699
2.499	0.651429
2.502	0.647199
2.505	0.643044
2.508	0.638997
2.511	0.635087
2.514	0.631339
2.517	0.627777
2.52	0.624419
2.523	0.621277
2.526	0.61836
2.529	0.615673
2.532	0.613215
2.535	0.61098
2.538	0.608958
2.541	0.607134
2.544	0.605492
2.547	0.604008
2.55	0.602659
2.553	0.601417
2.556	0.600254
2.559	0.599139
2.562	0.598041
2.565	0.596931
2.568	0.595776
2.571	0.594548
2.574	0.593219
2.577	0.591763
2.58	0.590156
2.583	0.58838
2.586	0.586416
2.589	0.584252
2.592	0.581877
2.595	0.579288
2.598	0.576481
2.601	0.573461
2.604	0.570234
2.607	0.566811
2.61	0.563207
2.613	0.559441
2.616	0.555535
2.619	0.551514
2.622	0.547408
2.625	0.543245
2.628	0.539058
2.631	0.53488
2.634	0.530746
2.637	0.526689
2.64	0.522742
2.643	0.518935
2.646	0.515298
2.649	0.511856
2.652	0.508629
2.655	0.505635
2.658	0.502882
2.661	0.500376
2.664	0.498114
2.667	0.496085
2.67	0.494274
2.673	0.492655
2.676	0.491199
2.679	0.489868
2.682	0.488622
2.685	0.487415
2.688	0.4862
2.691	0.484929
2.694	0.483554
2.697	0.482032
2.7	0.480322
2.703	0.478391
2.706	0.47621
2.709	0.473762
2.712	0.471034
2.715	0.468024
2.718	0.464739
2.721	0.461192
2.724	0.457404
2.727	0.453404
2.73	0.449222
2.733	0.444897
2.736	0.440466
2.739	0.43597
2.742	0.431449
2.745	0.426943
2.748	0.42249
2.751	0.418125
2.754	0.413879
2.757	0.409782
2.76	0.405857
2.763	0.402124
2.766	0.398599
2.769	0.395293
2.772	0.392211
2.775	0.389357
2.778	0.386729
2.781	0.384321
2.784	0.382123
2.787	0.380123
2.79	0.378306
2.793	0.376653
2.796	0.375144
2.799	0.373758
2.802	0.372469
2.805	0.371253
2.808	0.370085
2.811	0.368939
2.814	0.367788
2.817	0.366609
2.82	0.365376
2.823	0.364067
2.826	0.362661
2.829	0.361139
2.832	0.359484
2.835	0.357685
2.838	0.35573
2.841	0.353614
2.844	0.351333
2.847	0.348889
2.85	0.346287
2.853	0.343537
2.856	0.340651
2.859	0.337645
2.862	0.33454
2.865	0.331358
2.868	0.328123
2.871	0.324862
2.874	0.321601
2.877	0.31837
2.88	0.315193
2.883	0.312097
2.886	0.309106
2.889	0.30624
2.892	0.303516
2.895	0.300949
2.898	0.298546
2.901	0.296314
2.904	0.294252
2.907	0.292355
2.91	0.290615
2.913	0.289017
2.916	0.287543
2.919	0.286172
2.922	0.28488
2.925	0.283638
2.928	0.282418
2.931	0.281189
2.934	0.27992
2.937	0.278578
2.94	0.277132
2.943	0.275552
2.946	0.27381
2.949	0.271878
2.952	0.269734
2.955	0.267355
2.958	0.264726
2.961	0.261832
2.964	0.258663
2.967	0.255216
2.97	0.25149
2.973	0.247489
2.976	0.243222
2.979	0.238702
2.982	0.23395
2.985	0.228986
2.988	0.223838
2.991	0.218538
2.994	0.213118
2.997	0.207616
3	0.202069
3.003	0.196519
3.006	0.191006
3.009	0.18557
3.012	0.180249
3.015	0.175082
3.018	0.170103
3.021	0.165341
3.024	0.160825
3.027	0.156575
3.03	0.152607
3.033	0.148931
3.036	0.145554
3.039	0.142472
3.042	0.13968
3.045	0.137163
3.048	0.134905
3.051	0.132883
3.054	0.13107
3.057	0.129435
3.06	0.127947
3.063	0.126569
3.066	0.125267
3.069	0.124002
3.072	0.12274
3.075	0.121443
3.078	0.120077
3.081	0.11861
3.084	0.117011
3.087	0.115254
3.09	0.113313
3.093	0.111168
3.096	0.108802
3.099	0.106201
3.102	0.103357
3.105	0.100265
3.108	0.0969247
3.111	0.0933405
3.114	0.0895216
3.117	0.0854818
3.12	0.08124
3.123	0.0768201
3.126	0.0722505
3.129	0.0675649
3.132	0.0628012
3.135	0.0580015
3.138	0.0532116
3.141	0.0484799
3.144	0.0438565
3.147	0.0393916
3.15	0.0351336
3.153	0.0311271
3.156	0.0274106
3.159	0.0240136
3.162	0.0209547
3.165	0.0182388
3.168	0.0158559
3.171	0.0137802
3.174	0.0119702
3.177	0.0103706
3.18	0.00891439
3.183	0.00752692
3.186	0.00613006
3.189	0.00464679
3.192	0.00300568
3.195	0.00114464
3.198	-0.000986124
3.201	-0.00342236
3.204	-0.00618502
3.207	-0.00928057
3.21	-0.0127021
3.213	-0.0164311
3.216	-0.0204391
3.219	-0.0246904
3.222	-0.0291436
3.225	-0.0337539
3.228	-0.0384746
3.231	-0.0432584
3.234	-0.0480592
3.237	-0.0528324
3.24	-0.0575359
3.243	-0.0621309
3.246	-0.0665821
3.249	-0.0708584
3.252	-0.0749327
3.255	-0.0787827
3.258	-0.0823912
3.261	-0.0857456
3.264	-0.0888389
3.267	-0.0916695
3.27	-0.0942412
3.273	-0.0965637
3.276	-0.098652
3.279	-0.100527
3.282	-0.102214
3.285	-0.103745
3.288	-0.105153
3.291	-0.106479
3.294	-0.107762
3.297	-0.109047
3.3	-0.110376
3.303	-0.111791
3.306	-0.113333
3.309	-0.115039
3.312	-0.116939
3.315	-0.119061
3.318	-0.121423
3.321	-0.124037
3.324	-0.126907
3.327	-0.13003
3.33	-0.133396
3.333	-0.136987
3.336	-0.140781
3.339	-0.144748
3.342	-0.148859
3.345	-0.153079
3.348	-0.157371
3.351	-0.161701
3.354	-0.166033
3.357	-0.170333
3.36	-0.174569
3.363	-0.178712
3.366	-0.182737
3.369	-0.186621
3.372	-0.190346
3.375	-0.193896
3.378	-0.19726
3.381	-0.200431
3.384	-0.203406
3.387	-0.206182
3.39	-0.208764
3.393	-0.211157
3.396	-0.21337
3.399	-0.215414
3.402	-0.217302
3.405	-0.219051
3.408	-0.22068
3.411	-0.222206
3.414	-0.223653
3.417	-0.225042
3.42	-0.226398
3.423	-0.227746
3.426	-0.229109
3.429	-0.230515
3.432	-0.231988
3.435	-0.233554
3.438	-0.235236
3.441	-0.237058
3.444	-0.239042
3.447	-0.241206
3.45	-0.243569
3.453	-0.246144
3.456	-0.248942
3.459	-0.25197
3.462	-0.255232
3.465	-0.258726
3.468	-0.262448
3.471	-0.266386
3.474	-0.270525
3.477	-0.274847
3.48	-0.279328
3.483	-0.28394
3.486	-0.288653
3.489	-0.293432
3.492	-0.298244
3.495	-0.30305
3.498	-0.307815
3.501	-0.312502
3.504	-0.317076
3.507	-0.321505
3.51	-0.32576
3.513	-0.329814
3.516	-0.333646
3.519	-0.33724
3.522	-0.340583
3.525	-0.343668
3.528	-0.346493
3.531	-0.349061
3.534	-0.35138
3.537	-0.353462
3.54	-0.355321
3.543	-0.356978
3.546	-0.358454
3.549	-0.359774
3.552	-0.360966
3.555	-0.362056
3.558	-0.363075
3.561	-0.364052
3.564	-0.365016
3.567	-0.365998
3.57	-0.367026
3.573	-0.368127
3.576	-0.369327
3.579	-0.370652
3.582	-0.372123
3.585	-0.37376
3.588	-0.37558
3.591	-0.377598
3.594	-0.379825
3.597	-0.382269
3.6	-0.384934
3.603	-0.38782
3.606	-0.390923
3.609	-0.394237
3.612	-0.397747
3.615	-0.401439
3.618	-0.405291
3.621	-0.409279
3.624	-0.413372
3.627	-0.417539
3.63	-0.421744
3.633	-0.425947
3.636	-0.430108
3.639	-0.434187
3.642	-0.438142
3.645	-0.441933
3.648	-0.445524
3.651	-0.448883
3.654	-0.451984
3.657	-0.454806
3.66	-0.45734
3.663	-0.459584
3.666	-0.461544
3.669	-0.463238
3.672	-0.464692
3.675	-0.465941
3.678	-0.467027
3.681	-0.467995
3.684	-0.468896
3.687	-0.469781
3.69	-0.470699
3.693	-0.471698
3.696	-0.472819
3.699	-0.474099
3.702	-0.475566
3.705	-0.47724
3.708	-0.479136
3.711	-0.481258
3.714	-0.483602
3.717	-0.486159
3.72	-0.488912
3.723	-0.491842
3.726	-0.494921
3.729	-0.498122
3.732	-0.501413
3.735	-0.504763
3.738	-0.508138
3.741	-0.511508
3.744	-0.51484
3.747	-0.518106
3.75	-0.52128
3.753	-0.524336
3.756	-0.527256
3.759	-0.530021
3.762	-0.532618
3.765	-0.535039
3.768	-0.537277
3.771	-0.539332
3.774	-0.541206
3.777	-0.542907
3.78	-0.544445
3.783	-0.545835
3.786	-0.547094
3.789	-0.548243
3.792	-0.549304
3.795	-0.550303
3.798	-0.551267
3.801	-0.552223
3.804	-0.553199
3.807	-0.554223
3.81	-0.555322
3.813	-0.55652
3.816	-0.557841
3.819	-0.559304
3.822	-0.560927
3.825	-0.562722
3.828	-0.564699
3.831	-0.566862
3.834	-0.56921
3.837	-0.571741
3.84	-0.574443
3.843	-0.577305
3.846	-0.580309
3.849	-0.583433
3.852	-0.586655
3.855	-0.589948
3.858	-0.593283
3.861	-0.596632
3.864	-0.599966
3.867	-0.603255
3.87	-0.606471
3.873	-0.60959
3.876	-0.612586
3.879	-0.615441
3.882	-0.618138
3.885	-0.620664
3.888	-0.623011
3.891	-0.625175
3.894	-0.627158
3.897	-0.628966
3.9	-0.63061
3.903	-0.632105
3.906	-0.63347
3.909	-0.634729
3.912	-0.635907
3.915	-0.637032
3.918	-0.638136
3.921	-0.639249
3.924	-0.640403
3.927	-0.641628
3.93	-0.642954
3.933	-0.644408
3.936	-0.646013
3.939	-0.64779
3.942	-0.649755
3.945	-0.651919
3.948	-0.65429
3.951	-0.656869
3.954	-0.659652
3.957	-0.662631
3.96	-0.665794
3.963	-0.669124
3.966	-0.672601
3.969	-0.6762
3.972	-0.679897
3.975	-0.683664
3.978	-0.687471
3.981	-0.69129
3.984	-0.695092
3.987	-0.698848
3.99	-0.702531
3.993	-0.706117
3.996	-0.709582
3.999	-0.712905
4.002	-0.716069
4.005	-0.719059
4.008	-0.721862
4.011	-0.724469
4.014	-0.726876
4.017	-0.729078
4.02	-0.731077
4.023	-0.732875
4.026	-0.734478
4.029	-0.735896
4.032	-0.737138
4.035	-0.738218
4.038	-0.739152
4.041	-0.739957
4.044	-0.740652
4.047	-0.741256
4.05	-0.741791
4.053	-0.742278
4.056	-0.74274
4.059	-0.7432
4.062	-0.743679
4.065	-0.7442
4.068	-0.744783
4.071	-0.745447
4.074	-0.74621
4.077	-0.747089
4.08	-0.748095
4.083	-0.749241
4.086	-0.750533
4.089	-0.751975
4.092	-0.753569
4.095	-0.755311
4.098	-0.757195
4.101	-0.759211
4.104	-0.761345
4.107	-0.76358
4.11	-0.765896
4.113	-0.768272
4.116	-0.770682
4.119	-0.773102
4.122	-0.775506
4.125	-0.777868
4.128	-0.780163
4.131	-0.782368
4.134	-0.784461
4.137	-0.786425
4.14	-0.788246
4.143	-0.789911
4.146	-0.791417
4.149	-0.792759
4.152	-0.793942
4.155	-0.794971
4.158	-0.795859
4.161	-0.796621
4.164	-0.797275
4.167	-0.797842
4.17	-0.798348
4.173	-0.798818
4.176	-0.799279
4.179	-0.799759
4.182	-0.800285
4.185	-0.800883
4.188	-0.801579
4.191	-0.802396
4.194	-0.803354
4.197	-0.804472
4.2	-0.805763
4.203	-0.807237
4.206	-0.808902
4.209	-0.81076
4.212	-0.812809
4.215	-0.815044
4.218	-0.817455
4.221	-0.820028
4.224	-0.822746
4.227	-0.825589
4.23	-0.828534
4.233	-0.831554
4.236	-0.834623
4.239	-0.837711
4.242	-0.840789
4.245	-0.843827
4.248	-0.846795
4.251	-0.849666
4.254	-0.852413
4.257	-0.855011
4.26	-0.85744
4.263	-0.85968
4.266	-0.861718
4.269	-0.863542
4.272	-0.865146
4.275	-0.866529
4.278	-0.867692
4.281	-0.868642
4.284	-0.86939
4.287	-0.869952
4.29	-0.870346
4.293	-0.870593
4.296	-0.870718
4.299	-0.870749
4.302	-0.870712
4.305	-0.870637
4.308	-0.870552
4.311	-0.870488
4.314	-0.87047
4.317	-0.870525
4.32	-0.870675
4.323	-0.870941
4.326	-0.87134
4.329	-0.871884
4.332	-0.872583
4.335	-0.873442
4.338	-0.874462
4.341	-0.875639
4.344	-0.876967
4.347	-0.878435
4.35	-0.880029
4.353	-0.881732
4.356	-0.883524
4.359	-0.885385
4.362	-0.887293
4.365	-0.889222
4.368	-0.891151
4.371	-0.893055
4.374	-0.894912
4.377	-0.896702
4.38	-0.898405
4.383	-0.900004
4.386	-0.901484
4.389	-0.902836
4.392	-0.90405
4.395	-0.905123
4.398	-0.906054
4.401	-0.906845
4.404	-0.907503
4.407	-0.908038
4.41	-0.908462
4.413	-0.908792
4.416	-0.909047
4.419	-0.909246
4.422	-0.909413
4.425	-0.909571
4.428	-0.909744
4.431	-0.909956
4.434	-0.910229
4.437	-0.910586
4.44	-0.911046
4.443	-0.911625
4.446	-0.912338
4.449	-0.913194
4.452	-0.9142
4.455	-0.915359
4.458	-0.916668
4.461	-0.918122
4.464	-0.919711
4.467	-0.921422
4.47	-0.923239
4.473	-0.925142
4.476	-0.92711
4.479	-0.92912
4.482	-0.931147
4.485	-0.933166
4.488	-0.935153
4.491	-0.937084
4.494	-0.938935
4.497	-0.940685
4.5	-0.942313
4.503	-0.943804
4.506	-0.94514
4.509	-0.946311
4.512	-0.947307
4.515	-0.948121
4.518	-0.94875
4.521	-0.949192
4.524	-0.949452
4.527	-0.949533
4.53	-0.949444
4.533	-0.949194
4.536	-0.948797
4.539	-0.948267
4.542	-0.947621
4.545	-0.946876
4.548	-0.946052
4.551	-0.94517
4.554	-0.944249
4.557	-0.943313
4.56	-0.94238
4.563	-0.941473
4.566	-0.940611
4.569	-0.939813
4.572	-0.939095
4.575	-0.938474
4.578	-0.937963
4.581	-0.937572
4.584	-0.937309
4.587	-0.937179
4.59	-0.937186
4.593	-0.937328
4.596	-0.937601
4.599	-0.937998
4.602	-0.938511
4.605	-0.939127
4.608	-0.93983
4.611	-0.940606
4.614	-0.941436
4.617	-0.9423
4.62	-0.943178
4.623	-0.944051
4.626	-0.944898
4.629	-0.9457
4.632	-0.946439
4.635	-0.947099
4.638	-0.947664
4.641	-0.948123
4.644	-0.948465
4.647	-0.948685
4.65	-0.948777
4.653	-0.948742
4.656	-0.948581
4.659	-0.948299
4.662	-0.947904
4.665	-0.947407
4.668	-0.94682
4.671	-0.946159
4.674	-0.945441
4.677	-0.944684
4.68	-0.943907
4.683	-0.94313
4.686	-0.942372
4.689	-0.941654
4.692	-0.940993
4.695	-0.940407
4.698	-0.939911
4.701	-0.939518
4.704	-0.939239
4.707	-0.939081
4.71	-0.93905
4.713	-0.939146
4.716	-0.939368
4.719	-0.939711
4.722	-0.940167
4.725	-0.940726
4.728	-0.941374
4.731	-0.942094
4.734	-0.94287
4.737	-0.943683
4.74	-0.944511
4.743	-0.945336
4.746	-0.946136
4.749	-0.946891
4.752	-0.947583
4.755	-0.948195
4.758	-0.948709
4.761	-0.949115
4.764	-0.9494
4.767	-0.949556
4.77	-0.949579
4.773	-0.949466
4.776	-0.949218
4.779	-0.948839
4.782	-0.948336
4.785	-0.947717
4.788	-0.946996
4.791	-0.946185
4.794	-0.945302
4.797	-0.944363
4.8	-0.943387
4.803	-0.942395
4.806	-0.941406
4.809	-0.940441
4.812	-0.939518
4.815	-0.938656
4.818	-0.937873
4.821	-0.937185
4.824	-0.936605
4.827	-0.936144
4.83	-0.935812
4.833	-0.935614
4.836	-0.935554
4.839	-0.935631
4.842	-0.935843
4.845	-0.936184
4.848	-0.936644
4.851	-0.937213
4.854	-0.937876
4.857	-0.938616
4.86	-0.939415
4.863	-0.940253
4.866	-0.94111
4.869	-0.941962
4.872	-0.942789
4.875	-0.943568
4.878	-0.944278
4.881	-0.944898
4.884	-0.94541
4.887	-0.945795
4.89	-0.94604
4.893	-0.946132
4.896	-0.946061
4.899	-0.94582
4.902	-0.945405
4.905	-0.944817
4.908	-0.944058
4.911	-0.943134
4.914	-0.942055
4.917	-0.940832
4.92	-0.939482
4.923	-0.938021
4.926	-0.93647
4.929	-0.934849
4.932	-0.933183
4.935	-0.931494
4.938	-0.929806
4.941	-0.928143
4.944	-0.926529
4.947	-0.924984
4.95	-0.923529
4.953	-0.922182
4.956	-0.920958
4.959	-0.919867
4.962	-0.91892
4.965	-0.91812
4.968	-0.91747
4.971	-0.916966
4.974	-0.916602
4.977	-0.91637
4.98	-0.916255
4.983	-0.916242
4.986	-0.916311
4.989	-0.916443
4.992	-0.916613
4.995	-0.916799
4.998	-0.916975
5.001	-0.917116
5.004	-0.917197
5.007	-0.917195
5.01	-0.917087
5.013	-0.916853
5.016	-0.916472
5.019	-0.915931
5.022	-0.915215
5.025	-0.914315
5.028	-0.913225
5.031	-0.911941
5.034	-0.910465
5.037	-0.908801
5.04	-0.906958
5.043	-0.904947
5.046	-0.902783
5.049	-0.900484
5.052	-0.89807
5.055	-0.895565
5.058	-0.892991
5.061	-0.890376
5.064	-0.887744
5.067	-0.885121
5.07	-0.882534
5.073	-0.880006
5.076	-0.87756
5.079	-0.875216
5.082	-0.872991
5.085	-0.8709
5.088	-0.868954
5.091	-0.86716
5.094	-0.865524
5.097	-0.864043
5.1	-0.862717
5.103	-0.861537
5.106	-0.860494
5.109	-0.859576
5.112	-0.858767
5.115	-0.85805
5.118	-0.857408
5.121	-0.85682
5.124	-0.856265
5.127	-0.855725
5.13	-0.855177
5.133	-0.854603
5.136	-0.853984
5.139	-0.853303
5.142	-0.852544
5.145	-0.851694
5.148	-0.850742
5.151	-0.849678
5.154	-0.848496
5.157	-0.847192
5.16	-0.845764
5.163	-0.844215
5.166	-0.842547
5.169	-0.840768
5.172	-0.838887
5.175	-0.836914
5.178	-0.834863
5.181	-0.83275
5.184	-0.83059
5.187	-0.828404
5.19	-0.826209
5.193	-0.824025
5.196	-0.821873
5.199	-0.819771
5.202	-0.817738
5.205	-0.815792
5.208	-0.813949
5.211	-0.812223
5.214	-0.810624
5.217	-0.809161
5.22	-0.807838
5.223	-0.806657
5.226	-0.805616
5.229	-0.804707
5.232	-0.803921
5.235	-0.803243
5.238	-0.802658
5.241	-0.802143
5.244	-0.801677
5.247	-0.801234
5.25	-0.800788
5.253	-0.800312
5.256	-0.799778
5.259	-0.799162
5.262	-0.798438
5.265	-0.797584
5.268	-0.796581
5.271	-0.795414
5.274	-0.794072
5.277	-0.792546
5.28	-0.790835
5.283	-0.788941
5.286	-0.786871
5.289	-0.784634
5.292	-0.782247
5.295	-0.779729
5.298	-0.777099
5.301	-0.774383
5.304	-0.771606
5.307	-0.768794
5.31	-0.765975
5.313	-0.763174
5.316	-0.760418
5.319	-0.757731
5.322	-0.755133
5.325	-0.752646
5.328	-0.750284
5.331	-0.748062
5.334	-0.745988
5.337	-0.744071
5.34	-0.742311
5.343	-0.740709
5.346	-0.739259
5.349	-0.737955
5.352	-0.736785
5.355	-0.735736
5.358	-0.734792
5.361	-0.733933
5.364	-0.73314
5.367	-0.73239
5.37	-0.73166
5.373	-0.730926
5.376	-0.730164
5.379	-0.729351
5.382	-0.728463
5.385	-0.727477
5.388	-0.726374
5.391	-0.725136
5.394	-0.723746
5.397	-0.722191
5.4	-0.720462
5.403	-0.718554
5.406	-0.716462
5.409	-0.714191
5.412	-0.711743
5.415	-0.70913
5.418	-0.706365
5.421	-0.703462
5.424	-0.700443
5.427	-0.697328
5.43	-0.694142
5.433	-0.690909
5.436	-0.687656
5.439	-0.684408
5.442	-0.681192
5.445	-0.67803
5.448	-0.674945
5.451	-0.671959
5.454	-0.669088
5.457	-0.666348
5.46	-0.66375
5.463	-0.661303
5.466	-0.659014
5.469	-0.656884
5.472	-0.654913
5.475	-0.653099
5.478	-0.651435
5.481	-0.649914
5.484	-0.648526
5.487	-0.64726
5.49	-0.646101
5.493	-0.645036
5.496	-0.64405
5.499	-0.643126
5.502	-0.642248
5.505	-0.641399
5.508	-0.640563
5.511	-0.639723
5.514	-0.638862
5.517	-0.637964
5.52	-0.637013
5.523	-0.635995
5.526	-0.634894
5.529	-0.633698
5.532	-0.632394
5.535	-0.630971
5.538	-0.629418
5.541	-0.627727
5.544	-0.625889
5.547	-0.623901
5.55	-0.621756
5.553	-0.619455
5.556	-0.616996
5.559	-0.614384
5.562	-0.611623
5.565	-0.608721
5.568	-0.60569
5.571	-0.602544
5.574	-0.599301
5.577	-0.595981
5.58	-0.592609
5.583	-0.58921
5.586	-0.585815
5.589	-0.582456
5.592	-0.579164
5.595	-0.575973
5.598	-0.572916
5.601	-0.570021
5.604	-0.567315
5.607	-0.56482
5.61	-0.562548
5.613	-0.560507
5.616	-0.558694
5.619	-0.557095
5.622	-0.555689
5.625	-0.554446
5.628	-0.553326
5.631	-0.552286
5.634	-0.551277
5.637	-0.550249
5.64	-0.549155
5.643	-0.547949
5.646	-0.546591
5.649	-0.54505
5.652	-0.5433
5.655	-0.541327
5.658	-0.539123
5.661	-0.536691
5.664	-0.534039
5.667	-0.531185
5.67	-0.52815
5.673	-0.524961
5.676	-0.521649
5.679	-0.518244
5.682	-0.514782
5.685	-0.511294
5.688	-0.507814
5.691	-0.504373
5.694	-0.501
5.697	-0.49772
5.7	-0.494559
5.703	-0.491534
5.706	-0.488663
5.709	-0.485958
5.712	-0.483428
5.715	-0.481078
5.718	-0.478909
5.721	-0.476919
5.724	-0.475103
5.727	-0.473451
5.73	-0.47195
5.733	-0.470587
5.736	-0.469343
5.739	-0.468199
5.742	-0.467132
5.745	-0.466119
5.748	-0.465134
5.751	-0.464152
5.754	-0.463146
5.757	-0.462088
5.76	-0.46095
5.763	-0.459706
5.766	-0.458329
5.769	-0.456794
5.772	-0.455078
5.775	-0.453159
5.778	-0.451017
5.781	-0.448635
5.784	-0.446001
5.787	-0.443104
5.79	-0.439937
5.793	-0.4365
5.796	-0.432794
5.799	-0.428827
5.802	-0.42461
5.805	-0.42016
5.808	-0.415498
5.811	-0.410649
5.814	-0.405644
5.817	-0.400517
5.82	-0.395305
5.823	-0.390048
5.826	-0.384787
5.829	-0.379566
5.832	-0.374428
5.835	-0.369416
5.838	-0.364571
5.841	-0.359931
5.844	-0.35553
5.847	-0.351399
5.85	-0.347562
5.853	-0.344038
5.856	-0.340839
5.859	-0.337969
5.862	-0.335425
5.865	-0.333196
5.868	-0.331266
5.871	-0.329608
5.874	-0.32819
5.877	-0.326976
5.88	-0.325923
5.883	-0.324984
5.886	-0.324112
5.889	-0.323258
5.892	-0.322374
5.895	-0.321413
5.898	-0.320334
5.901	-0.319101
5.904	-0.317683
5.907	-0.316059
5.91	-0.314212
5.913	-0.312138
5.916	-0.309838
5.919	-0.307322
5.922	-0.304607
5.925	-0.301717
5.928	-0.298679
5.931	-0.295525
5.934	-0.292289
5.937	-0.289007
5.94	-0.285715
5.943	-0.282446
5.946	-0.279233
5.949	-0.276106
5.952	-0.273093
5.955	-0.270215
5.958	-0.267494
5.961	-0.264946
5.964	-0.262583
5.967	-0.260416
5.97	-0.258451
5.973	-0.256692
5.976	-0.255139
5.979	-0.253794
5.982	-0.252651
5.985	-0.251709
5.988	-0.25096
5.991	-0.250399
5.994	-0.250017
5.997	-0.249809
