 Location  Dispersion    Centroids   Volume
0.00138515   0.0481182   0.00389575   1.00279
0.119996   0.0390979   0.16002   0.997047
0.246665   0.0411728   0.291502   0.999204
0.364155   0.0338408   0.387731   0.995682
0.490233   0.0422514   0.484977   0.999636
0.611596   0.0431701   0.653207   0.999875
0.731997   0.0422206   0.725728   1.00012
0.857965   0.040613   0.812742   0.998675
0.976966   0.0435692   0.88447   1.00084
1.09717   0.0464809   0.969805   1.00285
1.22365   0.0440683   1.00027   1.00092
1.34336   0.0426385   1.05508   1.00209
1.47276   0.0410084   1.05806   1.00019
1.59209   0.0502298   1.088   1.0044
1.71031   0.0465168   1.05106   1.00179
1.83934   0.0525002   1.04856   1.00545
1.95666   0.0455231   0.995232   1.00048
2.07824   0.0388893   0.956427   0.997552
2.1995   0.0402986   0.889497   0.999244
2.32421   0.0505749   0.78468   1.00578
2.44588   0.036864   0.721287   0.99458
2.56696   0.0423648   0.605316   0.999954
2.69143   0.0348403   0.494877   0.994323
2.81284   0.0454077   0.372219   1.00219
2.93451   0.0431365   0.289059   1.00013
3.06213   0.040946   0.118187   0.999087
3.18109   0.0270354   0.00615084   0.993108
3.2971   0.0359153   -0.105224   0.99631
3.42427   0.049804   -0.225803   1.00326
3.54766   0.0461441   -0.379507   1.00154
3.67483   0.0329824   -0.480081   0.995589
3.79159   0.0420713   -0.558769   0.999441
3.91144   0.0410966   -0.644558   0.999134
4.03696   0.0488579   -0.762048   1.00463
4.15936   0.0413054   -0.813195   0.999029
4.28388   0.0414042   -0.893735   1.00058
4.40537   0.0427752   -0.926197   0.999793
4.52233   0.0461986   -0.97788   1.00285
4.64999   0.0427419   -0.967842   1.00054
4.76965   0.0422315   -0.968758   1.0003
4.89668   0.0422319   -0.968844   1.00095
5.01723   0.0417437   -0.937871   1.00082
5.13634   0.0430051   -0.864047   0.999808
5.26051   0.0372983   -0.811211   0.997815
5.38063   0.0421576   -0.739867   1.00017
5.50392   0.0492124   -0.639739   1.00526
5.6303   0.0294127   -0.549543   0.992292
5.74786   0.041968   -0.463491   1.00145
5.87613   0.0348059   -0.311873   0.995113
5.99095   0.0501943   -0.224175   1.00513
