 Location  Dispersion    Centroids   Volume
0.00318296   0.167694   -0.00177985   1.00042
0.251898   0.164571   0.245896   0.999305
0.496398   0.16709   0.482331   0.999961
0.746461   0.167983   0.684622   1.00008
0.999821   0.165625   0.848553   1.00006
1.24675   0.165105   0.952775   1.0001
1.49972   0.164883   1.00484   1.0001
1.74961   0.168003   0.991454   1.00047
1.99827   0.165401   0.930628   0.999242
2.25218   0.165386   0.784661   1.00124
2.50353   0.169124   0.583465   0.997932
2.73765   0.179169   0.384415   1.00132
2.99922   0.162209   0.141265   0.999277
3.25356   0.174406   -0.105058   1.00207
3.4811   0.128621   -0.395383   0.99644
3.69406   0.0731221   -0.564935   1.00007
3.93002   0.00187121   0.884625   0.987788
4.2086   0.0987362   -0.827582   1.01391
4.49172   0.166581   -0.971056   0.999984
4.74562   0.165164   -1.00896   1.00017
4.99865   0.164889   -0.96553   1.00009
5.24628   0.165815   -0.866202   1.00012
5.49755   0.165447   -0.712781   0.999907
5.74335   0.166025   -0.516816   0.99982
5.99263   0.16671   -0.284811   1.00003
