 Location  Dispersion    Centroids   Volume
2.09053e-05   0.0301515   0.00318195   1
0.0300666   0.0300872   0.0294258   0.999999
0.0600245   0.0301148   0.0616071   1
0.0899984   0.0301243   0.089428   1
0.12   0.0301346   0.120157   1
0.14999   0.0301423   0.148348   1
0.180007   0.0301354   0.178689   1
0.209988   0.0301149   0.209439   1
0.239962   0.0300996   0.236098   0.999999
0.269957   0.0301487   0.265421   1
0.29996   0.0301649   0.295288   1
0.329993   0.0301444   0.323568   1
0.360007   0.0301593   0.351812   1
0.390018   0.0301481   0.380544   1
0.420042   0.0301336   0.409526   1
0.450011   0.0301261   0.434955   1
0.48001   0.030115   0.46117   1
0.51001   0.0301328   0.487773   1
0.539986   0.0301253   0.514745   1
0.569983   0.0301225   0.539626   1
0.599946   0.0301194   0.563733   1
0.629954   0.030124   0.586807   1
0.65997   0.030175   0.613098   1
0.689972   0.0301526   0.63705   1
0.72005   0.0301713   0.661389   1
0.756018   0.0301465   0.68638   1
0.786037   0.0300858   0.708763   0.999999
0.816013   0.0301331   0.727815   1
0.845996   0.0301471   0.749065   1
0.875987   0.0301098   0.768367   1
0.905997   0.0301311   0.78475   1
0.93598   0.0301601   0.806318   1
0.966005   0.0301417   0.822945   1
0.996005   0.0301345   0.840269   1
1.026   0.0301264   0.855795   1
1.056   0.0301312   0.869453   1
1.08599   0.0301369   0.884488   1
1.11599   0.0301317   0.898516   1
1.14599   0.030132   0.910448   1
1.17598   0.0301336   0.922215   1
1.20598   0.0301348   0.933799   1
1.23599   0.0301419   0.942878   1
1.26599   0.0301476   0.953979   1
1.29601   0.0301432   0.964288   1
1.326   0.0301355   0.971036   1
1.35601   0.0301321   0.976211   1
1.386   0.0301336   0.982586   1
1.416   0.0301329   0.987891   1
1.446   0.030135   0.991683   1
1.476   0.0301372   0.995028   1
1.506   0.0301356   0.998078   1
1.536   0.0301357   0.998675   1
1.566   0.030137   0.999861   1
1.596   0.0301357   0.998823   1
1.626   0.0301357   0.998369   1
1.656   0.0301384   0.997178   1
1.686   0.0301373   0.992257   1
1.71601   0.0301367   0.988665   1
1.74601   0.0301368   0.983875   1
1.77601   0.0301364   0.979078   1
1.80601   0.0301302   0.971409   1
1.836   0.0301312   0.966263   1
1.866   0.0301371   0.957555   1
1.896   0.0301396   0.946975   1
1.926   0.0301352   0.937492   1
1.95599   0.0301259   0.92726   1
1.98601   0.0301446   0.915058   1
2.01601   0.0301535   0.901668   1
2.04602   0.0301355   0.888306   1
2.07602   0.0301352   0.87505   1
2.10603   0.0301387   0.859082   1
2.13602   0.0301288   0.843649   1
2.16601   0.0301216   0.828053   1
2.19598   0.0301167   0.811425   1
2.226   0.0301336   0.792966   1
2.26198   0.0301356   0.771435   1
2.29199   0.0301371   0.753411   1
2.32199   0.0301481   0.7297   1
2.35198   0.0301261   0.710951   1
2.382   0.0301342   0.690885   1
2.41199   0.0301573   0.666442   1
2.44201   0.0301353   0.643426   1
2.472   0.0301321   0.620985   1
2.50199   0.0301247   0.597946   1
2.532   0.0301357   0.571181   1
2.56199   0.0301455   0.547803   1
2.592   0.0301376   0.523626   1
2.62199   0.0301306   0.496814   1
2.652   0.0301332   0.470397   1
2.68201   0.030155   0.441994   1
2.712   0.0301381   0.416408   1
2.74202   0.0301285   0.387753   1
2.77202   0.0301494   0.362159   1
2.80201   0.0301186   0.331684   1
2.83201   0.0301261   0.305437   1
2.862   0.030146   0.276638   1
2.892   0.0301255   0.244595   1
2.92199   0.0301173   0.218675   1
2.95197   0.0301297   0.189339   1
2.98198   0.0301448   0.159148   1
3.01199   0.0301423   0.128911   1
3.04199   0.0301364   0.0993948   1
3.07197   0.0301292   0.070353   1
3.10199   0.0301413   0.0392645   1
3.132   0.030162   0.00934763   1
3.16201   0.030139   -0.0218819   1
3.19203   0.030134   -0.0493683   1
3.22201   0.0301352   -0.0816141   1
3.252   0.03012   -0.110299   1
3.28201   0.0301339   -0.139417   1
3.31202   0.0301554   -0.16934   1
3.342   0.0301367   -0.200454   1
3.37203   0.0301306   -0.228065   1
3.40199   0.0301192   -0.257285   1
3.432   0.0301145   -0.286506   1
3.46197   0.030137   -0.313394   1
3.49199   0.0301565   -0.342339   1
3.522   0.0301555   -0.371844   1
3.55203   0.0301382   -0.399725   1
3.58202   0.030136   -0.426617   1
3.61203   0.0301402   -0.453499   1
3.64202   0.0301439   -0.480317   1
3.67203   0.0301336   -0.505798   1
3.702   0.0300949   -0.532687   1
3.73203   0.0301452   -0.557748   1
3.76798   0.0301586   -0.585308   1
3.79803   0.0301191   -0.609829   1
3.82799   0.0301288   -0.634312   1
3.858   0.030124   -0.657017   1
3.888   0.0301468   -0.679065   1
3.91799   0.0301328   -0.700748   1
3.94801   0.0301308   -0.721956   1
3.97798   0.0301313   -0.741205   1
4.008   0.0301311   -0.762215   1
4.03797   0.0301264   -0.77996   1
4.06798   0.0301286   -0.799173   1
4.09797   0.0301439   -0.815719   1
4.12798   0.0301428   -0.832912   1
4.158   0.0301441   -0.850336   1
4.18798   0.0301309   -0.865988   1
4.21798   0.0301209   -0.879348   1
4.24797   0.0301326   -0.892748   1
4.27798   0.0301451   -0.905916   1
4.30798   0.0301436   -0.917892   1
4.33799   0.0301352   -0.929932   1
4.368   0.0301426   -0.942631   1
4.398   0.0301407   -0.952904   1
4.428   0.0301357   -0.959802   1
4.458   0.0301357   -0.967547   1
4.488   0.0301338   -0.975494   1
4.518   0.0301339   -0.981299   1
4.548   0.0301386   -0.986753   1
4.578   0.0301395   -0.99113   1
4.608   0.0301316   -0.997156   1
4.638   0.0301342   -0.996395   1
4.668   0.0301341   -0.997839   1
4.698   0.0301371   -0.998972   1
4.728   0.0301343   -0.997948   1
4.758   0.0301388   -1.00023   1
4.788   0.0301357   -0.996991   1
4.81801   0.0301381   -0.993817   1
4.848   0.0301366   -0.989307   1
4.878   0.0301305   -0.98692   1
4.908   0.0301357   -0.980909   1
4.938   0.0301408   -0.975501   1
4.96801   0.0301343   -0.96633   1
4.998   0.0301313   -0.958677   1
5.028   0.0301318   -0.952309   1
5.058   0.0301411   -0.940224   1
5.08799   0.0301339   -0.930302   1
5.118   0.0301325   -0.918933   1
5.14799   0.0301319   -0.9084   1
5.17799   0.0301291   -0.893845   1
5.20798   0.0301301   -0.881046   1
5.238   0.0301529   -0.866108   1
5.274   0.0301542   -0.846304   1
5.30401   0.0301185   -0.830017   1
5.334   0.0301237   -0.813741   1
5.364   0.0301509   -0.795413   1
5.394   0.0301434   -0.776319   1
5.42401   0.0301288   -0.756587   1
5.454   0.0301365   -0.737867   1
5.48401   0.0301399   -0.71671   1
5.51402   0.0301483   -0.69404   1
5.54404   0.0301549   -0.673167   1
5.57403   0.0301266   -0.650426   1
5.60402   0.0300967   -0.627514   1
5.634   0.0301215   -0.605638   1
5.66398   0.0301494   -0.582373   1
5.69399   0.0301436   -0.554791   1
5.72401   0.0301416   -0.530093   1
5.754   0.030134   -0.504549   1
5.784   0.0301265   -0.477738   1
5.81399   0.0301285   -0.452903   1
5.844   0.0301377   -0.426026   1
5.87398   0.0301371   -0.398726   1
5.90399   0.0301268   -0.370155   1
5.93396   0.0301098   -0.343459   0.999999
5.96393   0.0300953   -0.313752   1
5.99397   0.0301659   -0.285191   1
