-5.12579   -6.99281   58.247   66.4244   -305.628   1.00618
32.3795   32.3795   1.96879   1.96879   173.243   0.997994
5.13458   0.606292   0.268061   0.000683553   2.81471   1
-5.9966   -6.31884   61.9408   63.2746   -301.102   1.00608
2.51984   5.41512   9.43047e-05   0.24924   7.56174   0.999999
3.82885   5.90782   0.00108448   0.0343374   8.97094   0.999999
4.31609   5.26061   0.000623747   0.0172147   10.3654   1
27.4024   27.4024   73.7937   73.7937   282.822   1.00023
6.35414   5.29279   2.27897e-06   0.179433   13.4966   1
5.27701   5.19738   5.11488e-08   0.0426335   15.1936   1
27.5349   27.5349   3.1287   3.1287   182.943   0.999539
52.7839   18.7521   42.6665   0.141195   14.7013   0.999904
18.1873   18.1873   13.7214   13.7214   188.297   0.996842
27.4227   27.4227   73.8898   73.8898   283.146   1.00016
-5.96083   -5.76549   82.9296   81.7749   -567.33   1.01299
23.4142   23.4142   5.20037   5.20037   179.417   0.998109
11.5827   11.5827   0.343641   0.343649   120.875   1.00009
11.5086   11.5086   16.5276   16.5276   181.836   0.995878
4.68659   6.28557   1.88929e-05   0.144325   30.7419   1
-5.96586   -5.85077   61.4986   61.0053   -296.725   1.00609
27.2125   27.2125   72.9015   72.9015   279.892   1.00054
29.2797   29.2797   82.4715   82.4715   310.908   1.00151
27.5572   27.5572   74.5227   74.5227   285.252   0.999873
213.287   14.8684   156.59   0.00400196   220.017   1.00066
35.6104   23.3799   19.826   0.0683239   81.7404   0.999993
5.97615   0.891139   0.241035   0.000293349   42.8613   0.999999
-57.4256   15.2814   65.0872   0.0499441   134.709   0.999939
-24.7873   18.5029   24.7591   0.250961   35.6451   0.999955
26.7271   26.7271   70.6529   70.6529   272.97   0.999582
8.1762   5.16509   0.00440001   3.77564   57.4547   1
13.8162   13.8018   0.251001   0.287184   116.828   1.00006
37.9194   37.7908   4.75019   4.61515   115.441   1.00007
26.8152   9.19071   32.4699   0.00685111   26.3406   1.0001
28.4283   28.4283   8.74247   8.74247   191.081   0.997097
11.2139   11.2139   0.454885   0.454884   129.175   1.0001
13.0233   13.0233   17.3681   17.3681   201.792   0.997744
27.19   27.19   72.8149   72.8149   279.807   0.999725
24.8948   24.8948   4.69041   4.69041   178.779   0.996532
6.91224   5.13574   0.00178857   0.35503   63.6687   1
13.0725   13.0725   0.0733426   0.0733432   128.852   1.00009
20.7804   20.7804   11.5017   11.5017   180.689   0.995534
7.15897   42.36   0.0190623   8.54018   62.8726   0.999991
13.637   13.637   17.1971   17.1971   195.137   0.995645
165.08   17.1176   485.253   0.0780117   35.9224   0.999934
51.7841   64.9235   1.78382   12.9093   100.286   0.999984
39.1179   45.0568   8.9197   1.40198   96.501   0.999986
24.1996   24.1996   58.507   58.507   236.005   1.0002
17.2095   17.2095   15.2   15.2   183.253   0.996608
32.7878   32.7878   5.06119   5.06119   204.136   0.998901
11.7564   11.7558   0.756795   0.828803   101.822   1.00003
