184.17   -2704.49   11483.3   152218   -13.4066   1.0011
695.546   951.905   42089.9   60584.5   -11.8117   1.00107
-1878.7   -39.5674   123133   3053.99   -10.0808   1.00101
-23351.6   9703.63   507288   96794.4   -8.69327   1.00102
-7.49708   -4136.97   176.149   109411   -5.5691   1.00072
2082.67   4742.33   27230.8   343430   -5.04459   1.00088
3022.43   -1679.79   123977   46893.2   -3.3461   1.00083
-49191.6   -14930.7   277094   404650   -3.80383   1.00113
122.561   -18477.3   8929.76   114710   0.00605249   1.00074
-37.7633   -3118.13   2458.57   137415   1.72749   1.00069
-1009.55   264.007   9504.69   15479.4   3.41616   1.00064
-8152.71   567.479   103301   36521.9   5.14493   1.00059
-392.387   -5853.47   12928.3   222368   6.87076   1.00054
159.011   -354.411   9168.42   22625   8.41811   1.00051
-4594.65   4363.08   75550.2   215641   10.4569   1.00041
2391.54   3107   79782.5   104023   12.2016   1.00036
97104.6   24747.2   247221   671018   18.3438   0.999767
2626.93   485.582   187476   12989.6   15.3238   1.0003
4896.73   33937.9   39961.7   735404   17.8655   1.00016
541.189   318.791   11057.2   22135.8   18.8863   1.00019
2520.9   -878.297   93418.1   42522.5   20.3048   1.00018
263.207   1164.44   15750.8   66460   21.6914   1.00017
5227.84   -18215   103591   220883   22.6036   1.00021
-262.436   -3762.06   4343.68   225119   25.1934   1.00006
6242.96   -2526.54   135689   49028.1   27.0263   0.999998
27.7802   -3068.81   742.156   144755   28.505   0.999974
816.66   -1350.88   13060.7   89218.8   30.1528   0.999932
-1476.9   -1184.84   105977   28739.9   31.6566   0.999903
297.018   1163.55   17179.4   54308.3   33.5774   0.999835
-2191.01   -2707.74   104165   26251.7   35.3395   0.999785
1322.52   877.775   58454.2   25176.2   36.8032   0.999756
-6576.23   5786.7   180427   59359.7   37.3624   0.999803
-1658.09   -354.794   116268   7184.76   40.5177   0.999638
-5377.22   9197.58   81926.5   89213.2   41.4127   0.999655
1818.22   12915.8   15962.3   201605   43.869   0.999554
255.535   242.698   15251.6   13742   45.0937   0.999537
-5872.45   2252.99   315808   12300.8   47.4906   0.999452
-17077.1   31815.6   23989.8   1.1237e+06   41.2598   0.999964
237.132   -125.5   13375.7   9762.11   50.1516   0.999399
-7207.27   -4907.7   63540.3   88674.2   50.4167   0.999433
-720.094   -316.735   49998.5   4834.16   53.5598   0.999307
-353.326   50.6022   18014.1   2431.78   55.3109   0.999258
10.811   -6959.6   187.812   43567.9   56.9503   0.999221
42.0431   -428.139   1162.27   28510   58.5783   0.999172
-1661.56   2031.01   27525.2   23837.7   62.0642   0.999062
-328.494   743.979   8430.24   6874.1   62.1777   0.999076
-838.925   -2593.46   1145.32   161838   61.0778   0.999208
27.5527   13.0304   54.7451   482.884   65.6564   0.999019
224.08   505.752   13242.6   1768.84   67.9092   0.998942
-1316.81   -371.76   39954.1   1724.1   72.7167   0.998828
